"acc","accuracy","average_response_time","avg_rt","background","bidi","canvas_backend","clock_backend","color_backend","compensation","coordinates","correct","correct_instructions1","correct_instructions2","correct_instructions3","correct_keyboard_response","correct_response","count_block_loop","count_block_sequence","count_end_of_experiment","count_error","count_experiment","count_experimental_loop","count_fixation_dot","count_fraction","count_instructions1","count_instructions2","count_instructions3","count_keyboard_response","count_logger","count_rest","count_trial_sequence","datetime","denomColor","denomSalience","denominator","description","disable_garbage_collection","empty_column","experiment_file","experiment_path","font_bold","font_family","font_italic","font_size","font_underline","foreground","form_clicks","fullscreen","height","keyboard_backend","live_row","live_row_block_loop","live_row_experimental_loop","logfile","mouse_backend","numColor","numSalience","numerator","opensesame_codename","opensesame_version","repeat_cycle","response","response_end_of_experiment","response_instructions1","response_instructions2","response_instructions3","response_keyboard_response","response_rest","response_time","response_time_end_of_experiment","response_time_instructions1","response_time_instructions2","response_time_instructions3","response_time_keyboard_response","response_time_rest","round_decimals","sampler_backend","sound_buf_size","sound_channels","sound_freq","sound_sample_size","start","subject_nr","subject_parity","target","time_block_loop","time_block_sequence","time_end_of_experiment","time_error","time_experiment","time_experimental_loop","time_fixation_dot","time_fraction","time_instructions1","time_instructions2","time_instructions3","time_keyboard_response","time_logger","time_rest","time_trial_sequence","title","total_correct","total_response_time","total_responses","uniform_coordinates","width"
"100","100","3100","3100","#808080","no","legacy","legacy","legacy","0","uniform","1","undefined","undefined","undefined","1","a","0","0","0","0","0","0","0","0","0","0","0","0","0","0","0","Fri Apr 27 13:03:26 2018","#757575","low","3","The main experiment item","yes","","experiment.osexp","/Users/tom/github/sft-fraction/procedure","no","mono","no","24","no","white","no","yes","800","legacy","0","0","0","/Users/tom/github/sft-fraction/results/data/subject-5a.csv","legacy","#757575","low","3","Jazzy James","3.1.9","0","a","NA","space","space","space","a","NA","3100","NA","148901","11392","7534","3100","NA","2","legacy","1024","2","48000","-16","experiment","5","odd","absent","169250","169250","NA","NA","1312","169234","169297","169814","1371","150289","161699","169814","172915","NA","169281","Fraction component detection task","1","3100","1","yes","1280"
"100","100","1969.5","1969.5","#808080","no","legacy","legacy","legacy","0","uniform","1","undefined","undefined","undefined","1","a","0","0","0","1","0","0","1","1","0","0","0","1","1","0","1","Fri Apr 27 13:03:26 2018","#000000","high","4","The main experiment item","yes","","experiment.osexp","/Users/tom/github/sft-fraction/procedure","no","mono","no","24","no","white","no","yes","800","legacy","1","1","0","/Users/tom/github/sft-fraction/results/data/subject-5a.csv","legacy","#000000","high","4","Jazzy James","3.1.9","0","a","NA","space","space","space","a","NA","839","NA","148901","11392","7534","839","NA","2","legacy","1024","2","48000","-16","experiment","5","odd","absent","169250","169250","NA","NA","1312","169234","173014","173531","1371","150289","161699","173531","174372","NA","172994","Fraction component detection task","2","3939","2","yes","1280"
"100","100","1616.66666667","1616.66666667","#808080","no","legacy","legacy","legacy","0","uniform","1","undefined","undefined","undefined","1","l","0","0","0","2","0","0","2","2","0","0","0","2","2","0","2","Fri Apr 27 13:03:26 2018","#757575","low","7","The main experiment item","yes","","experiment.osexp","/Users/tom/github/sft-fraction/procedure","no","mono","no","24","no","white","no","yes","800","legacy","2","2","0","/Users/tom/github/sft-fraction/results/data/subject-5a.csv","legacy","#757575","low","8","Jazzy James","3.1.9","0","l","NA","space","space","space","l","NA","911","NA","148901","11392","7534","911","NA","2","legacy","1024","2","48000","-16","experiment","5","odd","present","169250","169250","NA","NA","1312","169234","174454","174971","1371","150289","161699","174971","175889","NA","174434","Fraction component detection task","3","4850","3","yes","1280"
"100","100","1372.75","1372.75","#808080","no","legacy","legacy","legacy","0","uniform","1","undefined","undefined","undefined","1","a","0","0","0","3","0","0","3","3","0","0","0","3","3","0","3","Fri Apr 27 13:03:26 2018","#757575","low","2","The main experiment item","yes","","experiment.osexp","/Users/tom/github/sft-fraction/procedure","no","mono","no","24","no","white","no","yes","800","legacy","3","3","0","/Users/tom/github/sft-fraction/results/data/subject-5a.csv","legacy","#757575","low","3","Jazzy James","3.1.9","0","a","NA","space","space","space","a","NA","641","NA","148901","11392","7534","641","NA","2","legacy","1024","2","48000","-16","experiment","5","odd","absent","169250","169250","NA","NA","1312","169234","175977","176496","1371","150289","161699","176496","177139","NA","175961","Fraction component detection task","4","5491","4","yes","1280"
"100","100","1306","1306","#808080","no","legacy","legacy","legacy","0","uniform","1","undefined","undefined","undefined","1","l","0","0","0","4","0","0","4","4","0","0","0","4","4","0","4","Fri Apr 27 13:03:26 2018","#757575","low","8","The main experiment item","yes","","experiment.osexp","/Users/tom/github/sft-fraction/procedure","no","mono","no","24","no","white","no","yes","800","legacy","4","4","0","/Users/tom/github/sft-fraction/results/data/subject-5a.csv","legacy","#000000","high","6","Jazzy James","3.1.9","0","l","NA","space","space","space","l","NA","1039","NA","148901","11392","7534","1039","NA","2","legacy","1024","2","48000","-16","experiment","5","odd","present","169250","169250","NA","NA","1312","169234","177222","177739","1371","150289","161699","177739","178781","NA","177202","Fraction component detection task","5","6530","5","yes","1280"
"100","100","1252.5","1252.5","#808080","no","legacy","legacy","legacy","0","uniform","1","undefined","undefined","undefined","1","l","0","0","0","5","0","0","5","5","0","0","0","5","5","0","5","Fri Apr 27 13:03:26 2018","#757575","low","8","The main experiment item","yes","","experiment.osexp","/Users/tom/github/sft-fraction/procedure","no","mono","no","24","no","white","no","yes","800","legacy","5","5","0","/Users/tom/github/sft-fraction/results/data/subject-5a.csv","legacy","#000000","high","4","Jazzy James","3.1.9","0","l","NA","space","space","space","l","NA","985","NA","148901","11392","7534","985","NA","2","legacy","1024","2","48000","-16","experiment","5","odd","present","169250","169250","NA","NA","1312","169234","178867","179385","1371","150289","161699","179385","180372","NA","178844","Fraction component detection task","6","7515","6","yes","1280"
"100","100","1199.42857143","1199.42857143","#808080","no","legacy","legacy","legacy","0","uniform","1","undefined","undefined","undefined","1","a","0","0","0","6","0","0","6","6","0","0","0","6","6","0","6","Fri Apr 27 13:03:26 2018","#757575","low","4","The main experiment item","yes","","experiment.osexp","/Users/tom/github/sft-fraction/procedure","no","mono","no","24","no","white","no","yes","800","legacy","6","6","0","/Users/tom/github/sft-fraction/results/data/subject-5a.csv","legacy","#000000","high","3","Jazzy James","3.1.9","0","a","NA","space","space","space","a","NA","881","NA","148901","11392","7534","881","NA","2","legacy","1024","2","48000","-16","experiment","5","odd","absent","169250","169250","NA","NA","1312","169234","180452","180968","1371","150289","161699","180969","181852","NA","180437","Fraction component detection task","7","8396","7","yes","1280"
"100","100","1171.75","1171.75","#808080","no","legacy","legacy","legacy","0","uniform","1","undefined","undefined","undefined","1","l","0","0","0","7","0","0","7","7","0","0","0","7","7","0","7","Fri Apr 27 13:03:26 2018","#757575","low","8","The main experiment item","yes","","experiment.osexp","/Users/tom/github/sft-fraction/procedure","no","mono","no","24","no","white","no","yes","800","legacy","7","7","0","/Users/tom/github/sft-fraction/results/data/subject-5a.csv","legacy","#757575","low","4","Jazzy James","3.1.9","0","l","NA","space","space","space","l","NA","978","NA","148901","11392","7534","978","NA","2","legacy","1024","2","48000","-16","experiment","5","odd","present","169250","169250","NA","NA","1312","169234","181937","182456","1371","150289","161699","182456","183436","NA","181922","Fraction component detection task","8","9374","8","yes","1280"
"100","100","1108.44444444","1108.44444444","#808080","no","legacy","legacy","legacy","0","uniform","1","undefined","undefined","undefined","1","a","0","0","0","8","0","0","8","8","0","0","0","8","8","0","8","Fri Apr 27 13:03:26 2018","#757575","low","2","The main experiment item","yes","","experiment.osexp","/Users/tom/github/sft-fraction/procedure","no","mono","no","24","no","white","no","yes","800","legacy","8","8","0","/Users/tom/github/sft-fraction/results/data/subject-5a.csv","legacy","#757575","low","2","Jazzy James","3.1.9","0","a","NA","space","space","space","a","NA","602","NA","148901","11392","7534","602","NA","2","legacy","1024","2","48000","-16","experiment","5","odd","absent","169250","169250","NA","NA","1312","169234","183517","184040","1371","150289","161699","184040","184644","NA","183502","Fraction component detection task","9","9976","9","yes","1280"
"100","100","1073","1073","#808080","no","legacy","legacy","legacy","0","uniform","1","undefined","undefined","undefined","1","l","0","0","0","9","0","0","9","9","0","0","0","9","9","0","9","Fri Apr 27 13:03:26 2018","#757575","low","8","The main experiment item","yes","","experiment.osexp","/Users/tom/github/sft-fraction/procedure","no","mono","no","24","no","white","no","yes","800","legacy","9","9","0","/Users/tom/github/sft-fraction/results/data/subject-5a.csv","legacy","#757575","low","2","Jazzy James","3.1.9","0","l","NA","space","space","space","l","NA","754","NA","148901","11392","7534","754","NA","2","legacy","1024","2","48000","-16","experiment","5","odd","present","169250","169250","NA","NA","1312","169234","184730","185247","1371","150289","161699","185247","186003","NA","184712","Fraction component detection task","10","10730","10","yes","1280"
"100","100","1072.63636364","1072.63636364","#808080","no","legacy","legacy","legacy","0","uniform","1","undefined","undefined","undefined","1","l","0","0","0","10","0","0","10","10","0","0","0","10","10","0","10","Fri Apr 27 13:03:26 2018","#757575","low","7","The main experiment item","yes","","experiment.osexp","/Users/tom/github/sft-fraction/procedure","no","mono","no","24","no","white","no","yes","800","legacy","10","10","0","/Users/tom/github/sft-fraction/results/data/subject-5a.csv","legacy","#757575","low","2","Jazzy James","3.1.9","0","l","NA","space","space","space","l","NA","1069","NA","148901","11392","7534","1069","NA","2","legacy","1024","2","48000","-16","experiment","5","odd","present","169250","169250","NA","NA","1312","169234","186089","186606","1371","150289","161699","186606","187676","NA","186068","Fraction component detection task","11","11799","11","yes","1280"
"100","100","1043.33333333","1043.33333333","#808080","no","legacy","legacy","legacy","0","uniform","1","undefined","undefined","undefined","1","l","0","0","0","11","0","0","11","11","0","0","0","11","11","0","11","Fri Apr 27 13:03:26 2018","#757575","low","2","The main experiment item","yes","","experiment.osexp","/Users/tom/github/sft-fraction/procedure","no","mono","no","24","no","white","no","yes","800","legacy","11","11","0","/Users/tom/github/sft-fraction/results/data/subject-5a.csv","legacy","#000000","high","7","Jazzy James","3.1.9","0","l","NA","space","space","space","l","NA","721","NA","148901","11392","7534","721","NA","2","legacy","1024","2","48000","-16","experiment","5","odd","present","169250","169250","NA","NA","1312","169234","187758","188274","1371","150289","161699","188274","188996","NA","187741","Fraction component detection task","12","12520","12","yes","1280"
"100","100","1035.84615385","1035.84615385","#808080","no","legacy","legacy","legacy","0","uniform","1","undefined","undefined","undefined","1","a","0","0","0","12","0","0","12","12","0","0","0","12","12","0","12","Fri Apr 27 13:03:26 2018","#757575","low","2","The main experiment item","yes","","experiment.osexp","/Users/tom/github/sft-fraction/procedure","no","mono","no","24","no","white","no","yes","800","legacy","12","12","0","/Users/tom/github/sft-fraction/results/data/subject-5a.csv","legacy","#757575","low","4","Jazzy James","3.1.9","0","a","NA","space","space","space","a","NA","946","NA","148901","11392","7534","946","NA","2","legacy","1024","2","48000","-16","experiment","5","odd","absent","169250","169250","NA","NA","1312","169234","189075","189593","1371","150289","161699","189593","190540","NA","189060","Fraction component detection task","13","13466","13","yes","1280"
"100","100","1019.85714286","1019.85714286","#808080","no","legacy","legacy","legacy","0","uniform","1","undefined","undefined","undefined","1","a","0","0","0","13","0","0","13","13","0","0","0","13","13","0","13","Fri Apr 27 13:03:26 2018","#000000","high","2","The main experiment item","yes","","experiment.osexp","/Users/tom/github/sft-fraction/procedure","no","mono","no","24","no","white","no","yes","800","legacy","13","13","0","/Users/tom/github/sft-fraction/results/data/subject-5a.csv","legacy","#000000","high","3","Jazzy James","3.1.9","0","a","NA","space","space","space","a","NA","812","NA","148901","11392","7534","812","NA","2","legacy","1024","2","48000","-16","experiment","5","odd","absent","169250","169250","NA","NA","1312","169234","190630","191150","1371","150289","161699","191151","191965","NA","190609","Fraction component detection task","14","14278","14","yes","1280"
"100","100","986.733333333","986.733333333","#808080","no","legacy","legacy","legacy","0","uniform","1","undefined","undefined","undefined","1","a","0","0","0","14","0","0","14","14","0","0","0","14","14","0","14","Fri Apr 27 13:03:26 2018","#757575","low","3","The main experiment item","yes","","experiment.osexp","/Users/tom/github/sft-fraction/procedure","no","mono","no","24","no","white","no","yes","800","legacy","14","14","0","/Users/tom/github/sft-fraction/results/data/subject-5a.csv","legacy","#000000","high","3","Jazzy James","3.1.9","0","a","NA","space","space","space","a","NA","523","NA","148901","11392","7534","523","NA","2","legacy","1024","2","48000","-16","experiment","5","odd","absent","169250","169250","NA","NA","1312","169234","192049","192567","1371","150289","161699","192567","193092","NA","192032","Fraction component detection task","15","14801","15","yes","1280"
"100","100","971.75","971.75","#808080","no","legacy","legacy","legacy","0","uniform","1","undefined","undefined","undefined","1","a","0","0","0","15","0","0","15","15","0","0","0","15","15","0","15","Fri Apr 27 13:03:26 2018","#000000","high","2","The main experiment item","yes","","experiment.osexp","/Users/tom/github/sft-fraction/procedure","no","mono","no","24","no","white","no","yes","800","legacy","15","15","0","/Users/tom/github/sft-fraction/results/data/subject-5a.csv","legacy","#757575","low","4","Jazzy James","3.1.9","0","a","NA","space","space","space","a","NA","747","NA","148901","11392","7534","747","NA","2","legacy","1024","2","48000","-16","experiment","5","odd","absent","169250","169250","NA","NA","1312","169234","193177","193695","1371","150289","161699","193696","194445","NA","193159","Fraction component detection task","16","15548","16","yes","1280"
"100","100","966.411764706","966.411764706","#808080","no","legacy","legacy","legacy","0","uniform","1","undefined","undefined","undefined","1","a","0","0","0","16","0","0","16","16","0","0","0","16","16","0","16","Fri Apr 27 13:03:26 2018","#000000","high","3","The main experiment item","yes","","experiment.osexp","/Users/tom/github/sft-fraction/procedure","no","mono","no","24","no","white","no","yes","800","legacy","16","16","0","/Users/tom/github/sft-fraction/results/data/subject-5a.csv","legacy","#757575","low","2","Jazzy James","3.1.9","0","a","NA","space","space","space","a","NA","881","NA","148901","11392","7534","881","NA","2","legacy","1024","2","48000","-16","experiment","5","odd","absent","169250","169250","NA","NA","1312","169234","194525","195042","1371","150289","161699","195042","195925","NA","194509","Fraction component detection task","17","16429","17","yes","1280"
"100","100","944.333333333","944.333333333","#808080","no","legacy","legacy","legacy","0","uniform","1","undefined","undefined","undefined","1","a","0","0","0","17","0","0","17","17","0","0","0","17","17","0","17","Fri Apr 27 13:03:26 2018","#000000","high","4","The main experiment item","yes","","experiment.osexp","/Users/tom/github/sft-fraction/procedure","no","mono","no","24","no","white","no","yes","800","legacy","17","17","0","/Users/tom/github/sft-fraction/results/data/subject-5a.csv","legacy","#000000","high","4","Jazzy James","3.1.9","0","a","NA","space","space","space","a","NA","569","NA","148901","11392","7534","569","NA","2","legacy","1024","2","48000","-16","experiment","5","odd","absent","169250","169250","NA","NA","1312","169234","196004","196521","1371","150289","161699","196521","197092","NA","195989","Fraction component detection task","18","16998","18","yes","1280"
"100","100","919.421052632","919.421052632","#808080","no","legacy","legacy","legacy","0","uniform","1","undefined","undefined","undefined","1","l","0","0","0","18","0","0","18","18","0","0","0","18","18","0","18","Fri Apr 27 13:03:26 2018","#000000","high","2","The main experiment item","yes","","experiment.osexp","/Users/tom/github/sft-fraction/procedure","no","mono","no","24","no","white","no","yes","800","legacy","18","18","0","/Users/tom/github/sft-fraction/results/data/subject-5a.csv","legacy","#000000","high","7","Jazzy James","3.1.9","0","l","NA","space","space","space","l","NA","471","NA","148901","11392","7534","471","NA","2","legacy","1024","2","48000","-16","experiment","5","odd","present","169250","169250","NA","NA","1312","169234","197181","197698","1371","150289","161699","197699","198172","NA","197162","Fraction component detection task","19","17469","19","yes","1280"
"100","100","900.9","900.9","#808080","no","legacy","legacy","legacy","0","uniform","1","undefined","undefined","undefined","1","a","0","0","0","19","0","0","19","19","0","0","0","19","19","0","19","Fri Apr 27 13:03:26 2018","#757575","low","2","The main experiment item","yes","","experiment.osexp","/Users/tom/github/sft-fraction/procedure","no","mono","no","24","no","white","no","yes","800","legacy","19","19","0","/Users/tom/github/sft-fraction/results/data/subject-5a.csv","legacy","#757575","low","3","Jazzy James","3.1.9","0","a","NA","space","space","space","a","NA","549","NA","148901","11392","7534","549","NA","2","legacy","1024","2","48000","-16","experiment","5","odd","absent","169250","169250","NA","NA","1312","169234","198257","198773","1371","150289","161699","198774","199325","NA","198236","Fraction component detection task","20","18018","20","yes","1280"
"100","100","884.952380952","884.952380952","#808080","no","legacy","legacy","legacy","0","uniform","1","undefined","undefined","undefined","1","a","0","0","0","20","0","0","20","20","0","0","0","20","20","0","20","Fri Apr 27 13:03:26 2018","#000000","high","2","The main experiment item","yes","","experiment.osexp","/Users/tom/github/sft-fraction/procedure","no","mono","no","24","no","white","no","yes","800","legacy","20","20","0","/Users/tom/github/sft-fraction/results/data/subject-5a.csv","legacy","#000000","high","3","Jazzy James","3.1.9","0","a","NA","space","space","space","a","NA","566","NA","148901","11392","7534","566","NA","2","legacy","1024","2","48000","-16","experiment","5","odd","absent","169250","169250","NA","NA","1312","169234","199408","199924","1371","150289","161699","199925","200493","NA","199391","Fraction component detection task","21","18584","21","yes","1280"
"100","100","872","872","#808080","no","legacy","legacy","legacy","0","uniform","1","undefined","undefined","undefined","1","l","0","0","0","21","0","0","21","21","0","0","0","21","21","0","21","Fri Apr 27 13:03:26 2018","#757575","low","2","The main experiment item","yes","","experiment.osexp","/Users/tom/github/sft-fraction/procedure","no","mono","no","24","no","white","no","yes","800","legacy","21","21","0","/Users/tom/github/sft-fraction/results/data/subject-5a.csv","legacy","#757575","low","8","Jazzy James","3.1.9","0","l","NA","space","space","space","l","NA","600","NA","148901","11392","7534","600","NA","2","legacy","1024","2","48000","-16","experiment","5","odd","present","169250","169250","NA","NA","1312","169234","200574","201090","1371","150289","161699","201091","201693","NA","200556","Fraction component detection task","22","19184","22","yes","1280"
"100","100","866.434782609","866.434782609","#808080","no","legacy","legacy","legacy","0","uniform","1","undefined","undefined","undefined","1","l","0","0","0","22","0","0","22","22","0","0","0","22","22","0","22","Fri Apr 27 13:03:26 2018","#000000","high","6","The main experiment item","yes","","experiment.osexp","/Users/tom/github/sft-fraction/procedure","no","mono","no","24","no","white","no","yes","800","legacy","22","22","0","/Users/tom/github/sft-fraction/results/data/subject-5a.csv","legacy","#757575","low","7","Jazzy James","3.1.9","0","l","NA","space","space","space","l","NA","744","NA","148901","11392","7534","744","NA","2","legacy","1024","2","48000","-16","experiment","5","odd","present","169250","169250","NA","NA","1312","169234","201776","202298","1371","150289","161699","202298","203044","NA","201761","Fraction component detection task","23","19928","23","yes","1280"
"100","100","849.916666667","849.916666667","#808080","no","legacy","legacy","legacy","0","uniform","1","undefined","undefined","undefined","1","l","0","0","0","23","0","0","23","23","0","0","0","23","23","0","23","Fri Apr 27 13:03:26 2018","#000000","high","3","The main experiment item","yes","","experiment.osexp","/Users/tom/github/sft-fraction/procedure","no","mono","no","24","no","white","no","yes","800","legacy","23","23","0","/Users/tom/github/sft-fraction/results/data/subject-5a.csv","legacy","#000000","high","8","Jazzy James","3.1.9","0","l","NA","space","space","space","l","NA","470","NA","148901","11392","7534","470","NA","2","legacy","1024","2","48000","-16","experiment","5","odd","present","169250","169250","NA","NA","1312","169234","203127","203644","1371","150289","161699","203644","204116","NA","203111","Fraction component detection task","24","20398","24","yes","1280"
"100","100","844.4","844.4","#808080","no","legacy","legacy","legacy","0","uniform","1","undefined","undefined","undefined","1","a","0","0","0","24","0","0","24","24","0","0","0","24","24","0","24","Fri Apr 27 13:03:26 2018","#757575","low","3","The main experiment item","yes","","experiment.osexp","/Users/tom/github/sft-fraction/procedure","no","mono","no","24","no","white","no","yes","800","legacy","24","24","0","/Users/tom/github/sft-fraction/results/data/subject-5a.csv","legacy","#000000","high","4","Jazzy James","3.1.9","0","a","NA","space","space","space","a","NA","712","NA","148901","11392","7534","712","NA","2","legacy","1024","2","48000","-16","experiment","5","odd","absent","169250","169250","NA","NA","1312","169234","204207","204724","1371","150289","161699","204724","205438","NA","204185","Fraction component detection task","25","21110","25","yes","1280"
"100","100","832.576923077","832.576923077","#808080","no","legacy","legacy","legacy","0","uniform","1","undefined","undefined","undefined","1","a","0","0","0","25","0","0","25","25","0","0","0","25","25","0","25","Fri Apr 27 13:03:26 2018","#757575","low","3","The main experiment item","yes","","experiment.osexp","/Users/tom/github/sft-fraction/procedure","no","mono","no","24","no","white","no","yes","800","legacy","25","25","0","/Users/tom/github/sft-fraction/results/data/subject-5a.csv","legacy","#000000","high","4","Jazzy James","3.1.9","0","a","NA","space","space","space","a","NA","537","NA","148901","11392","7534","537","NA","2","legacy","1024","2","48000","-16","experiment","5","odd","absent","169250","169250","NA","NA","1312","169234","205532","206051","1371","150289","161699","206051","206589","NA","205509","Fraction component detection task","26","21647","26","yes","1280"
"100","100","827.592592593","827.592592593","#808080","no","legacy","legacy","legacy","0","uniform","1","undefined","undefined","undefined","1","l","0","0","0","26","0","0","26","26","0","0","0","26","26","0","26","Fri Apr 27 13:03:26 2018","#757575","low","6","The main experiment item","yes","","experiment.osexp","/Users/tom/github/sft-fraction/procedure","no","mono","no","24","no","white","no","yes","800","legacy","26","26","0","/Users/tom/github/sft-fraction/results/data/subject-5a.csv","legacy","#000000","high","8","Jazzy James","3.1.9","0","l","NA","space","space","space","l","NA","698","NA","148901","11392","7534","698","NA","2","legacy","1024","2","48000","-16","experiment","5","odd","present","169250","169250","NA","NA","1312","169234","206677","207193","1371","150289","161699","207194","207894","NA","206657","Fraction component detection task","27","22345","27","yes","1280"
"100","100","823.5","823.5","#808080","no","legacy","legacy","legacy","0","uniform","1","undefined","undefined","undefined","1","l","0","0","0","27","0","0","27","27","0","0","0","27","27","0","27","Fri Apr 27 13:03:26 2018","#000000","high","8","The main experiment item","yes","","experiment.osexp","/Users/tom/github/sft-fraction/procedure","no","mono","no","24","no","white","no","yes","800","legacy","27","27","0","/Users/tom/github/sft-fraction/results/data/subject-5a.csv","legacy","#757575","low","2","Jazzy James","3.1.9","0","l","NA","space","space","space","l","NA","713","NA","148901","11392","7534","713","NA","2","legacy","1024","2","48000","-16","experiment","5","odd","present","169250","169250","NA","NA","1312","169234","207982","208498","1371","150289","161699","208498","209213","NA","207961","Fraction component detection task","28","23058","28","yes","1280"
"96.5517241379","96.5517241379","824.655172414","824.655172414","#808080","no","legacy","legacy","legacy","0","uniform","0","undefined","undefined","undefined","0","l","0","0","0","28","0","0","28","28","0","0","0","28","28","0","28","Fri Apr 27 13:03:26 2018","#757575","low","6","The main experiment item","yes","","experiment.osexp","/Users/tom/github/sft-fraction/procedure","no","mono","no","24","no","white","no","yes","800","legacy","28","28","0","/Users/tom/github/sft-fraction/results/data/subject-5a.csv","legacy","#000000","high","3","Jazzy James","3.1.9","0","a","NA","space","space","space","a","NA","857","NA","148901","11392","7534","857","NA","2","legacy","1024","2","48000","-16","experiment","5","odd","present","169250","169250","NA","NA","1312","169234","209294","209811","1371","150289","161699","209811","210670","NA","209279","Fraction component detection task","28","23915","29","yes","1280"
"96.6666666667","96.6666666667","883.933333333","883.933333333","#808080","no","legacy","legacy","legacy","0","uniform","1","undefined","undefined","undefined","1","l","0","0","0","29","0","0","29","29","0","0","0","29","29","0","29","Fri Apr 27 13:03:26 2018","#000000","high","8","The main experiment item","yes","","experiment.osexp","/Users/tom/github/sft-fraction/procedure","no","mono","no","24","no","white","no","yes","800","legacy","29","29","0","/Users/tom/github/sft-fraction/results/data/subject-5a.csv","legacy","#000000","high","8","Jazzy James","3.1.9","0","l","NA","space","space","space","l","NA","2603","NA","148901","11392","7534","2603","NA","2","legacy","1024","2","48000","-16","experiment","5","odd","present","169250","169250","NA","210691","1312","169234","211772","212289","1371","150289","161699","212289","214894","NA","211753","Fraction component detection task","29","26518","30","yes","1280"
"96.7741935484","96.7741935484","875.64516129","875.64516129","#808080","no","legacy","legacy","legacy","0","uniform","1","undefined","undefined","undefined","1","a","0","0","0","30","0","0","30","30","0","0","0","30","30","0","30","Fri Apr 27 13:03:26 2018","#757575","low","2","The main experiment item","yes","","experiment.osexp","/Users/tom/github/sft-fraction/procedure","no","mono","no","24","no","white","no","yes","800","legacy","30","30","0","/Users/tom/github/sft-fraction/results/data/subject-5a.csv","legacy","#000000","high","2","Jazzy James","3.1.9","0","a","NA","space","space","space","a","NA","627","NA","148901","11392","7534","627","NA","2","legacy","1024","2","48000","-16","experiment","5","odd","absent","169250","169250","NA","210691","1312","169234","214983","215504","1371","150289","161699","215504","216133","NA","214963","Fraction component detection task","30","27145","31","yes","1280"
"96.875","96.875","866.875","866.875","#808080","no","legacy","legacy","legacy","0","uniform","1","undefined","undefined","undefined","1","a","0","0","0","31","0","0","31","31","0","0","0","31","31","0","31","Fri Apr 27 13:03:26 2018","#757575","low","4","The main experiment item","yes","","experiment.osexp","/Users/tom/github/sft-fraction/procedure","no","mono","no","24","no","white","no","yes","800","legacy","31","31","0","/Users/tom/github/sft-fraction/results/data/subject-5a.csv","legacy","#757575","low","4","Jazzy James","3.1.9","0","a","NA","space","space","space","a","NA","595","NA","148901","11392","7534","595","NA","2","legacy","1024","2","48000","-16","experiment","5","odd","absent","169250","169250","NA","210691","1312","169234","216219","216737","1371","150289","161699","216737","217334","NA","216199","Fraction component detection task","31","27740","32","yes","1280"
"96.9696969697","96.9696969697","859.060606061","859.060606061","#808080","no","legacy","legacy","legacy","0","uniform","1","undefined","undefined","undefined","1","a","0","0","0","32","0","0","32","32","0","0","0","32","32","0","32","Fri Apr 27 13:03:26 2018","#000000","high","4","The main experiment item","yes","","experiment.osexp","/Users/tom/github/sft-fraction/procedure","no","mono","no","24","no","white","no","yes","800","legacy","32","32","0","/Users/tom/github/sft-fraction/results/data/subject-5a.csv","legacy","#000000","high","3","Jazzy James","3.1.9","0","a","NA","space","space","space","a","NA","609","NA","148901","11392","7534","609","NA","2","legacy","1024","2","48000","-16","experiment","5","odd","absent","169250","169250","NA","210691","1312","169234","217421","217938","1371","150289","161699","217939","218550","NA","217401","Fraction component detection task","32","28349","33","yes","1280"
"97.0588235294","97.0588235294","852.705882353","852.705882353","#808080","no","legacy","legacy","legacy","0","uniform","1","undefined","undefined","undefined","1","a","0","0","0","33","0","0","33","33","0","0","0","33","33","0","33","Fri Apr 27 13:03:26 2018","#757575","low","2","The main experiment item","yes","","experiment.osexp","/Users/tom/github/sft-fraction/procedure","no","mono","no","24","no","white","no","yes","800","legacy","33","33","0","/Users/tom/github/sft-fraction/results/data/subject-5a.csv","legacy","#757575","low","3","Jazzy James","3.1.9","0","a","NA","space","space","space","a","NA","643","NA","148901","11392","7534","643","NA","2","legacy","1024","2","48000","-16","experiment","5","odd","absent","169250","169250","NA","210691","1312","169234","218634","219153","1371","150289","161699","219153","219798","NA","218614","Fraction component detection task","33","28992","34","yes","1280"
"97.1428571429","97.1428571429","845.657142857","845.657142857","#808080","no","legacy","legacy","legacy","0","uniform","1","undefined","undefined","undefined","1","l","0","0","0","34","0","0","34","34","0","0","0","34","34","0","34","Fri Apr 27 13:03:26 2018","#757575","low","6","The main experiment item","yes","","experiment.osexp","/Users/tom/github/sft-fraction/procedure","no","mono","no","24","no","white","no","yes","800","legacy","34","34","0","/Users/tom/github/sft-fraction/results/data/subject-5a.csv","legacy","#000000","high","4","Jazzy James","3.1.9","0","l","NA","space","space","space","l","NA","606","NA","148901","11392","7534","606","NA","2","legacy","1024","2","48000","-16","experiment","5","odd","present","169250","169250","NA","210691","1312","169234","219880","220397","1371","150289","161699","220397","221005","NA","219861","Fraction component detection task","34","29598","35","yes","1280"
"97.2222222222","97.2222222222","839.444444444","839.444444444","#808080","no","legacy","legacy","legacy","0","uniform","1","undefined","undefined","undefined","1","l","0","0","0","35","0","0","35","35","0","0","0","35","35","0","35","Fri Apr 27 13:03:26 2018","#000000","high","6","The main experiment item","yes","","experiment.osexp","/Users/tom/github/sft-fraction/procedure","no","mono","no","24","no","white","no","yes","800","legacy","35","35","0","/Users/tom/github/sft-fraction/results/data/subject-5a.csv","legacy","#000000","high","6","Jazzy James","3.1.9","0","l","NA","space","space","space","l","NA","622","NA","148901","11392","7534","622","NA","2","legacy","1024","2","48000","-16","experiment","5","odd","present","169250","169250","NA","210691","1312","169234","221096","221613","1371","150289","161699","221613","222237","NA","221077","Fraction component detection task","35","30220","36","yes","1280"
"97.2972972973","97.2972972973","830.756756757","830.756756757","#808080","no","legacy","legacy","legacy","0","uniform","1","undefined","undefined","undefined","1","l","0","0","0","36","0","0","36","36","0","0","0","36","36","0","36","Fri Apr 27 13:03:26 2018","#757575","low","2","The main experiment item","yes","","experiment.osexp","/Users/tom/github/sft-fraction/procedure","no","mono","no","24","no","white","no","yes","800","legacy","36","36","0","/Users/tom/github/sft-fraction/results/data/subject-5a.csv","legacy","#000000","high","8","Jazzy James","3.1.9","0","l","NA","space","space","space","l","NA","518","NA","148901","11392","7534","518","NA","2","legacy","1024","2","48000","-16","experiment","5","odd","present","169250","169250","NA","210691","1312","169234","222323","222839","1371","150289","161699","222839","223358","NA","222303","Fraction component detection task","36","30738","37","yes","1280"
"97.3684210526","97.3684210526","832.447368421","832.447368421","#808080","no","legacy","legacy","legacy","0","uniform","1","undefined","undefined","undefined","1","l","0","0","0","37","0","0","37","37","0","0","0","37","37","0","37","Fri Apr 27 13:03:26 2018","#000000","high","8","The main experiment item","yes","","experiment.osexp","/Users/tom/github/sft-fraction/procedure","no","mono","no","24","no","white","no","yes","800","legacy","37","37","0","/Users/tom/github/sft-fraction/results/data/subject-5a.csv","legacy","#757575","low","7","Jazzy James","3.1.9","0","l","NA","space","space","space","l","NA","895","NA","148901","11392","7534","895","NA","2","legacy","1024","2","48000","-16","experiment","5","odd","present","169250","169250","NA","210691","1312","169234","223441","223957","1371","150289","161699","223958","224855","NA","223424","Fraction component detection task","37","31633","38","yes","1280"
"97.4358974359","97.4358974359","825.333333333","825.333333333","#808080","no","legacy","legacy","legacy","0","uniform","1","undefined","undefined","undefined","1","a","0","0","0","38","0","0","38","38","0","0","0","38","38","0","38","Fri Apr 27 13:03:26 2018","#000000","high","3","The main experiment item","yes","","experiment.osexp","/Users/tom/github/sft-fraction/procedure","no","mono","no","24","no","white","no","yes","800","legacy","38","38","0","/Users/tom/github/sft-fraction/results/data/subject-5a.csv","legacy","#000000","high","2","Jazzy James","3.1.9","0","a","NA","space","space","space","a","NA","555","NA","148901","11392","7534","555","NA","2","legacy","1024","2","48000","-16","experiment","5","odd","absent","169250","169250","NA","210691","1312","169234","224939","225457","1371","150289","161699","225457","226015","NA","224923","Fraction component detection task","38","32188","39","yes","1280"
"97.5","97.5","821.075","821.075","#808080","no","legacy","legacy","legacy","0","uniform","1","undefined","undefined","undefined","1","a","0","0","0","39","0","0","39","39","0","0","0","39","39","0","39","Fri Apr 27 13:03:26 2018","#757575","low","4","The main experiment item","yes","","experiment.osexp","/Users/tom/github/sft-fraction/procedure","no","mono","no","24","no","white","no","yes","800","legacy","39","39","0","/Users/tom/github/sft-fraction/results/data/subject-5a.csv","legacy","#757575","low","2","Jazzy James","3.1.9","0","a","NA","space","space","space","a","NA","655","NA","148901","11392","7534","655","NA","2","legacy","1024","2","48000","-16","experiment","5","odd","absent","169250","169250","NA","210691","1312","169234","226096","226613","1371","150289","161699","226613","227271","NA","226080","Fraction component detection task","39","32843","40","yes","1280"
"97.5609756098","97.5609756098","820.829268293","820.829268293","#808080","no","legacy","legacy","legacy","0","uniform","1","undefined","undefined","undefined","1","l","0","0","0","40","0","0","40","40","0","0","0","40","40","0","40","Fri Apr 27 13:03:26 2018","#000000","high","4","The main experiment item","yes","","experiment.osexp","/Users/tom/github/sft-fraction/procedure","no","mono","no","24","no","white","no","yes","800","legacy","40","40","0","/Users/tom/github/sft-fraction/results/data/subject-5a.csv","legacy","#757575","low","8","Jazzy James","3.1.9","0","l","NA","space","space","space","l","NA","811","NA","148901","11392","7534","811","NA","2","legacy","1024","2","48000","-16","experiment","5","odd","present","169250","169250","NA","210691","1312","169234","227357","227874","1371","150289","161699","227874","228687","NA","227336","Fraction component detection task","40","33654","41","yes","1280"
"97.619047619","97.619047619","819.761904762","819.761904762","#808080","no","legacy","legacy","legacy","0","uniform","1","undefined","undefined","undefined","1","a","0","0","0","41","0","0","41","41","0","0","0","41","41","0","41","Fri Apr 27 13:03:26 2018","#000000","high","3","The main experiment item","yes","","experiment.osexp","/Users/tom/github/sft-fraction/procedure","no","mono","no","24","no","white","no","yes","800","legacy","41","41","0","/Users/tom/github/sft-fraction/results/data/subject-5a.csv","legacy","#757575","low","4","Jazzy James","3.1.9","0","a","NA","space","space","space","a","NA","776","NA","148901","11392","7534","776","NA","2","legacy","1024","2","48000","-16","experiment","5","odd","absent","169250","169250","NA","210691","1312","169234","228775","229291","1371","150289","161699","229292","230070","NA","228754","Fraction component detection task","41","34430","42","yes","1280"
"97.6744186047","97.6744186047","812.302325581","812.302325581","#808080","no","legacy","legacy","legacy","0","uniform","1","undefined","undefined","undefined","1","a","0","0","0","42","0","0","42","42","0","0","0","42","42","0","42","Fri Apr 27 13:03:26 2018","#757575","low","2","The main experiment item","yes","","experiment.osexp","/Users/tom/github/sft-fraction/procedure","no","mono","no","24","no","white","no","yes","800","legacy","42","42","0","/Users/tom/github/sft-fraction/results/data/subject-5a.csv","legacy","#000000","high","4","Jazzy James","3.1.9","0","a","NA","space","space","space","a","NA","499","NA","148901","11392","7534","499","NA","2","legacy","1024","2","48000","-16","experiment","5","odd","absent","169250","169250","NA","210691","1312","169234","230155","230673","1371","150289","161699","230673","231175","NA","230138","Fraction component detection task","42","34929","43","yes","1280"
"97.7272727273","97.7272727273","808.659090909","808.659090909","#808080","no","legacy","legacy","legacy","0","uniform","1","undefined","undefined","undefined","1","l","0","0","0","43","0","0","43","43","0","0","0","43","43","0","43","Fri Apr 27 13:03:26 2018","#757575","low","6","The main experiment item","yes","","experiment.osexp","/Users/tom/github/sft-fraction/procedure","no","mono","no","24","no","white","no","yes","800","legacy","43","43","0","/Users/tom/github/sft-fraction/results/data/subject-5a.csv","legacy","#757575","low","3","Jazzy James","3.1.9","0","l","NA","space","space","space","l","NA","652","NA","148901","11392","7534","652","NA","2","legacy","1024","2","48000","-16","experiment","5","odd","present","169250","169250","NA","210691","1312","169234","231258","231777","1371","150289","161699","231777","232431","NA","231242","Fraction component detection task","43","35581","44","yes","1280"
"97.7777777778","97.7777777778","809.622222222","809.622222222","#808080","no","legacy","legacy","legacy","0","uniform","1","undefined","undefined","undefined","1","l","0","0","0","44","0","0","44","44","0","0","0","44","44","0","44","Fri Apr 27 13:03:26 2018","#000000","high","6","The main experiment item","yes","","experiment.osexp","/Users/tom/github/sft-fraction/procedure","no","mono","no","24","no","white","no","yes","800","legacy","44","44","0","/Users/tom/github/sft-fraction/results/data/subject-5a.csv","legacy","#000000","high","2","Jazzy James","3.1.9","0","l","NA","space","space","space","l","NA","852","NA","148901","11392","7534","852","NA","2","legacy","1024","2","48000","-16","experiment","5","odd","present","169250","169250","NA","210691","1312","169234","232515","233033","1371","150289","161699","233033","233887","NA","232497","Fraction component detection task","44","36433","45","yes","1280"
"97.8260869565","97.8260869565","804.97826087","804.97826087","#808080","no","legacy","legacy","legacy","0","uniform","1","undefined","undefined","undefined","1","l","0","0","0","45","0","0","45","45","0","0","0","45","45","0","45","Fri Apr 27 13:03:26 2018","#757575","low","8","The main experiment item","yes","","experiment.osexp","/Users/tom/github/sft-fraction/procedure","no","mono","no","24","no","white","no","yes","800","legacy","45","45","0","/Users/tom/github/sft-fraction/results/data/subject-5a.csv","legacy","#000000","high","8","Jazzy James","3.1.9","0","l","NA","space","space","space","l","NA","596","NA","148901","11392","7534","596","NA","2","legacy","1024","2","48000","-16","experiment","5","odd","present","169250","169250","NA","210691","1312","169234","233971","234487","1371","150289","161699","234488","235086","NA","233954","Fraction component detection task","45","37029","46","yes","1280"
"97.8723404255","97.8723404255","800.021276596","800.021276596","#808080","no","legacy","legacy","legacy","0","uniform","1","undefined","undefined","undefined","1","l","0","0","0","46","0","0","46","46","0","0","0","46","46","0","46","Fri Apr 27 13:03:26 2018","#757575","low","7","The main experiment item","yes","","experiment.osexp","/Users/tom/github/sft-fraction/procedure","no","mono","no","24","no","white","no","yes","800","legacy","46","46","0","/Users/tom/github/sft-fraction/results/data/subject-5a.csv","legacy","#000000","high","8","Jazzy James","3.1.9","0","l","NA","space","space","space","l","NA","572","NA","148901","11392","7534","572","NA","2","legacy","1024","2","48000","-16","experiment","5","odd","present","169250","169250","NA","210691","1312","169234","235173","235696","1371","150289","161699","235696","236270","NA","235152","Fraction component detection task","46","37601","47","yes","1280"
"97.9166666667","97.9166666667","794.958333333","794.958333333","#808080","no","legacy","legacy","legacy","0","uniform","1","undefined","undefined","undefined","1","a","0","0","0","47","0","0","47","47","0","0","0","47","47","0","47","Fri Apr 27 13:03:26 2018","#757575","low","3","The main experiment item","yes","","experiment.osexp","/Users/tom/github/sft-fraction/procedure","no","mono","no","24","no","white","no","yes","800","legacy","47","47","0","/Users/tom/github/sft-fraction/results/data/subject-5a.csv","legacy","#757575","low","2","Jazzy James","3.1.9","0","a","NA","space","space","space","a","NA","557","NA","148901","11392","7534","557","NA","2","legacy","1024","2","48000","-16","experiment","5","odd","absent","169250","169250","NA","210691","1312","169234","236355","236872","1371","150289","161699","236872","237431","NA","236340","Fraction component detection task","47","38158","48","yes","1280"
"97.9591836735","97.9591836735","789.387755102","789.387755102","#808080","no","legacy","legacy","legacy","0","uniform","1","undefined","undefined","undefined","1","a","0","0","0","48","0","0","48","48","0","0","0","48","48","0","48","Fri Apr 27 13:03:26 2018","#000000","high","2","The main experiment item","yes","","experiment.osexp","/Users/tom/github/sft-fraction/procedure","no","mono","no","24","no","white","no","yes","800","legacy","48","48","0","/Users/tom/github/sft-fraction/results/data/subject-5a.csv","legacy","#757575","low","2","Jazzy James","3.1.9","0","a","NA","space","space","space","a","NA","522","NA","148901","11392","7534","522","NA","2","legacy","1024","2","48000","-16","experiment","5","odd","absent","169250","169250","NA","210691","1312","169234","237514","238035","1371","150289","161699","238035","238559","NA","237496","Fraction component detection task","48","38680","49","yes","1280"
"98","98","785.58","785.58","#808080","no","legacy","legacy","legacy","0","uniform","1","undefined","undefined","undefined","1","l","0","0","0","49","0","0","49","49","0","0","0","49","49","0","49","Fri Apr 27 13:03:26 2018","#757575","low","4","The main experiment item","yes","","experiment.osexp","/Users/tom/github/sft-fraction/procedure","no","mono","no","24","no","white","no","yes","800","legacy","49","49","0","/Users/tom/github/sft-fraction/results/data/subject-5a.csv","legacy","#757575","low","7","Jazzy James","3.1.9","0","l","NA","space","space","space","l","NA","599","NA","148901","11392","7534","599","NA","2","legacy","1024","2","48000","-16","experiment","5","odd","present","169250","169250","NA","210691","1312","169234","238649","239165","1371","150289","161699","239166","239768","NA","238632","Fraction component detection task","49","39279","50","yes","1280"
"98.0392156863","98.0392156863","784.137254902","784.137254902","#808080","no","legacy","legacy","legacy","0","uniform","1","undefined","undefined","undefined","1","l","0","0","0","50","0","0","50","50","0","0","0","50","50","0","50","Fri Apr 27 13:03:26 2018","#000000","high","8","The main experiment item","yes","","experiment.osexp","/Users/tom/github/sft-fraction/procedure","no","mono","no","24","no","white","no","yes","800","legacy","50","50","0","/Users/tom/github/sft-fraction/results/data/subject-5a.csv","legacy","#757575","low","3","Jazzy James","3.1.9","0","l","NA","space","space","space","l","NA","712","NA","148901","11392","7534","712","NA","2","legacy","1024","2","48000","-16","experiment","5","odd","present","169250","169250","NA","210691","1312","169234","239854","240372","1371","150289","161699","240372","241087","NA","239837","Fraction component detection task","50","39991","51","yes","1280"
"98.0769230769","98.0769230769","780.288461538","780.288461538","#808080","no","legacy","legacy","legacy","0","uniform","1","undefined","undefined","undefined","1","l","0","0","0","51","0","0","51","51","0","0","0","51","51","0","51","Fri Apr 27 13:03:26 2018","#757575","low","6","The main experiment item","yes","","experiment.osexp","/Users/tom/github/sft-fraction/procedure","no","mono","no","24","no","white","no","yes","800","legacy","51","51","0","/Users/tom/github/sft-fraction/results/data/subject-5a.csv","legacy","#757575","low","8","Jazzy James","3.1.9","0","l","NA","space","space","space","l","NA","584","NA","148901","11392","7534","584","NA","2","legacy","1024","2","48000","-16","experiment","5","odd","present","169250","169250","NA","210691","1312","169234","241165","241684","1371","150289","161699","241684","242271","NA","241150","Fraction component detection task","51","40575","52","yes","1280"
"98.1132075472","98.1132075472","777.339622642","777.339622642","#808080","no","legacy","legacy","legacy","0","uniform","1","undefined","undefined","undefined","1","a","0","0","0","52","0","0","52","52","0","0","0","52","52","0","52","Fri Apr 27 13:03:26 2018","#000000","high","4","The main experiment item","yes","","experiment.osexp","/Users/tom/github/sft-fraction/procedure","no","mono","no","24","no","white","no","yes","800","legacy","52","52","0","/Users/tom/github/sft-fraction/results/data/subject-5a.csv","legacy","#757575","low","2","Jazzy James","3.1.9","0","a","NA","space","space","space","a","NA","624","NA","148901","11392","7534","624","NA","2","legacy","1024","2","48000","-16","experiment","5","odd","absent","169250","169250","NA","210691","1312","169234","242352","242870","1371","150289","161699","242870","243496","NA","242337","Fraction component detection task","52","41199","53","yes","1280"
"98.1481481481","98.1481481481","773.611111111","773.611111111","#808080","no","legacy","legacy","legacy","0","uniform","1","undefined","undefined","undefined","1","a","0","0","0","53","0","0","53","53","0","0","0","53","53","0","53","Fri Apr 27 13:03:26 2018","#757575","low","3","The main experiment item","yes","","experiment.osexp","/Users/tom/github/sft-fraction/procedure","no","mono","no","24","no","white","no","yes","800","legacy","53","53","0","/Users/tom/github/sft-fraction/results/data/subject-5a.csv","legacy","#757575","low","2","Jazzy James","3.1.9","0","a","NA","space","space","space","a","NA","576","NA","148901","11392","7534","576","NA","2","legacy","1024","2","48000","-16","experiment","5","odd","absent","169250","169250","NA","210691","1312","169234","243577","244094","1371","150289","161699","244094","244672","NA","243561","Fraction component detection task","53","41775","54","yes","1280"
"98.1818181818","98.1818181818","769.781818182","769.781818182","#808080","no","legacy","legacy","legacy","0","uniform","1","undefined","undefined","undefined","1","l","0","0","0","54","0","0","54","54","0","0","0","54","54","0","54","Fri Apr 27 13:03:26 2018","#000000","high","6","The main experiment item","yes","","experiment.osexp","/Users/tom/github/sft-fraction/procedure","no","mono","no","24","no","white","no","yes","800","legacy","54","54","0","/Users/tom/github/sft-fraction/results/data/subject-5a.csv","legacy","#757575","low","8","Jazzy James","3.1.9","0","l","NA","space","space","space","l","NA","563","NA","148901","11392","7534","563","NA","2","legacy","1024","2","48000","-16","experiment","5","odd","present","169250","169250","NA","210691","1312","169234","244759","245275","1371","150289","161699","245275","245841","NA","244738","Fraction component detection task","54","42338","55","yes","1280"
"98.2142857143","98.2142857143","768.232142857","768.232142857","#808080","no","legacy","legacy","legacy","0","uniform","1","undefined","undefined","undefined","1","l","0","0","0","55","0","0","55","55","0","0","0","55","55","0","55","Fri Apr 27 13:03:26 2018","#757575","low","6","The main experiment item","yes","","experiment.osexp","/Users/tom/github/sft-fraction/procedure","no","mono","no","24","no","white","no","yes","800","legacy","55","55","0","/Users/tom/github/sft-fraction/results/data/subject-5a.csv","legacy","#000000","high","2","Jazzy James","3.1.9","0","l","NA","space","space","space","l","NA","683","NA","148901","11392","7534","683","NA","2","legacy","1024","2","48000","-16","experiment","5","odd","present","169250","169250","NA","210691","1312","169234","245925","246442","1371","150289","161699","246442","247127","NA","245908","Fraction component detection task","55","43021","56","yes","1280"
"98.2456140351","98.2456140351","765.210526316","765.210526316","#808080","no","legacy","legacy","legacy","0","uniform","1","undefined","undefined","undefined","1","l","0","0","0","56","0","0","56","56","0","0","0","56","56","0","56","Fri Apr 27 13:03:26 2018","#000000","high","6","The main experiment item","yes","","experiment.osexp","/Users/tom/github/sft-fraction/procedure","no","mono","no","24","no","white","no","yes","800","legacy","56","56","0","/Users/tom/github/sft-fraction/results/data/subject-5a.csv","legacy","#757575","low","2","Jazzy James","3.1.9","0","l","NA","space","space","space","l","NA","596","NA","148901","11392","7534","596","NA","2","legacy","1024","2","48000","-16","experiment","5","odd","present","169250","169250","NA","210691","1312","169234","247212","247729","1371","150289","161699","247730","248328","NA","247192","Fraction component detection task","56","43617","57","yes","1280"
"98.275862069","98.275862069","766.224137931","766.224137931","#808080","no","legacy","legacy","legacy","0","uniform","1","undefined","undefined","undefined","1","a","0","0","0","57","0","0","57","57","0","0","0","57","57","0","57","Fri Apr 27 13:03:26 2018","#757575","low","3","The main experiment item","yes","","experiment.osexp","/Users/tom/github/sft-fraction/procedure","no","mono","no","24","no","white","no","yes","800","legacy","57","57","0","/Users/tom/github/sft-fraction/results/data/subject-5a.csv","legacy","#757575","low","4","Jazzy James","3.1.9","0","a","NA","space","space","space","a","NA","824","NA","148901","11392","7534","824","NA","2","legacy","1024","2","48000","-16","experiment","5","odd","absent","169250","169250","NA","210691","1312","169234","248408","248925","1371","150289","161699","248926","249753","NA","248392","Fraction component detection task","57","44441","58","yes","1280"
"98.3050847458","98.3050847458","765.101694915","765.101694915","#808080","no","legacy","legacy","legacy","0","uniform","1","undefined","undefined","undefined","1","l","0","0","0","58","0","0","58","58","0","0","0","58","58","0","58","Fri Apr 27 13:03:26 2018","#000000","high","8","The main experiment item","yes","","experiment.osexp","/Users/tom/github/sft-fraction/procedure","no","mono","no","24","no","white","no","yes","800","legacy","58","58","0","/Users/tom/github/sft-fraction/results/data/subject-5a.csv","legacy","#757575","low","6","Jazzy James","3.1.9","0","l","NA","space","space","space","l","NA","700","NA","148901","11392","7534","700","NA","2","legacy","1024","2","48000","-16","experiment","5","odd","present","169250","169250","NA","210691","1312","169234","249834","250353","1371","150289","161699","250353","251055","NA","249818","Fraction component detection task","58","45141","59","yes","1280"
"98.3333333333","98.3333333333","761.1","761.1","#808080","no","legacy","legacy","legacy","0","uniform","1","undefined","undefined","undefined","1","a","0","0","0","59","0","0","59","59","0","0","0","59","59","0","59","Fri Apr 27 13:03:26 2018","#000000","high","3","The main experiment item","yes","","experiment.osexp","/Users/tom/github/sft-fraction/procedure","no","mono","no","24","no","white","no","yes","800","legacy","59","59","0","/Users/tom/github/sft-fraction/results/data/subject-5a.csv","legacy","#757575","low","3","Jazzy James","3.1.9","0","a","NA","space","space","space","a","NA","525","NA","148901","11392","7534","525","NA","2","legacy","1024","2","48000","-16","experiment","5","odd","absent","169250","169250","NA","210691","1312","169234","251134","251656","1371","150289","161699","251656","252184","NA","251118","Fraction component detection task","59","45666","60","yes","1280"
"98.3606557377","98.3606557377","757.409836066","757.409836066","#808080","no","legacy","legacy","legacy","0","uniform","1","undefined","undefined","undefined","1","a","0","0","0","60","0","0","60","60","0","0","0","60","60","0","60","Fri Apr 27 13:03:26 2018","#000000","high","3","The main experiment item","yes","","experiment.osexp","/Users/tom/github/sft-fraction/procedure","no","mono","no","24","no","white","no","yes","800","legacy","60","60","0","/Users/tom/github/sft-fraction/results/data/subject-5a.csv","legacy","#000000","high","4","Jazzy James","3.1.9","0","a","NA","space","space","space","a","NA","536","NA","148901","11392","7534","536","NA","2","legacy","1024","2","48000","-16","experiment","5","odd","absent","169250","169250","NA","210691","1312","169234","252265","252782","1371","150289","161699","252782","253320","NA","252250","Fraction component detection task","60","46202","61","yes","1280"
"98.3870967742","98.3870967742","755.290322581","755.290322581","#808080","no","legacy","legacy","legacy","0","uniform","1","undefined","undefined","undefined","1","a","0","0","0","61","0","0","61","61","0","0","0","61","61","0","61","Fri Apr 27 13:03:26 2018","#757575","low","4","The main experiment item","yes","","experiment.osexp","/Users/tom/github/sft-fraction/procedure","no","mono","no","24","no","white","no","yes","800","legacy","61","61","0","/Users/tom/github/sft-fraction/results/data/subject-5a.csv","legacy","#757575","low","2","Jazzy James","3.1.9","0","a","NA","space","space","space","a","NA","626","NA","148901","11392","7534","626","NA","2","legacy","1024","2","48000","-16","experiment","5","odd","absent","169250","169250","NA","210691","1312","169234","253406","253923","1371","150289","161699","253924","254552","NA","253385","Fraction component detection task","61","46828","62","yes","1280"
"98.4126984127","98.4126984127","751.142857143","751.142857143","#808080","no","legacy","legacy","legacy","0","uniform","1","undefined","undefined","undefined","1","a","0","0","0","62","0","0","62","62","0","0","0","62","62","0","62","Fri Apr 27 13:03:26 2018","#000000","high","3","The main experiment item","yes","","experiment.osexp","/Users/tom/github/sft-fraction/procedure","no","mono","no","24","no","white","no","yes","800","legacy","62","62","0","/Users/tom/github/sft-fraction/results/data/subject-5a.csv","legacy","#000000","high","4","Jazzy James","3.1.9","0","a","NA","space","space","space","a","NA","494","NA","148901","11392","7534","494","NA","2","legacy","1024","2","48000","-16","experiment","5","odd","absent","169250","169250","NA","210691","1312","169234","254634","255152","1371","150289","161699","255152","255649","NA","254618","Fraction component detection task","62","47322","63","yes","1280"
"98.4375","98.4375","746.34375","746.34375","#808080","no","legacy","legacy","legacy","0","uniform","1","undefined","undefined","undefined","1","a","0","0","0","63","0","0","63","63","0","0","0","63","63","0","63","Fri Apr 27 13:03:26 2018","#000000","high","2","The main experiment item","yes","","experiment.osexp","/Users/tom/github/sft-fraction/procedure","no","mono","no","24","no","white","no","yes","800","legacy","63","63","0","/Users/tom/github/sft-fraction/results/data/subject-5a.csv","legacy","#757575","low","3","Jazzy James","3.1.9","0","a","NA","space","space","space","a","NA","444","NA","148901","11392","7534","444","NA","2","legacy","1024","2","48000","-16","experiment","5","odd","absent","169250","169250","NA","210691","1312","169234","255734","256250","1371","150289","161699","256250","256697","NA","255714","Fraction component detection task","63","47766","64","yes","1280"
"98.4615384615","98.4615384615","743.476923077","743.476923077","#808080","no","legacy","legacy","legacy","0","uniform","1","undefined","undefined","undefined","1","a","0","0","0","64","0","0","64","64","0","0","0","64","64","0","64","Fri Apr 27 13:03:26 2018","#000000","high","4","The main experiment item","yes","","experiment.osexp","/Users/tom/github/sft-fraction/procedure","no","mono","no","24","no","white","no","yes","800","legacy","64","64","0","/Users/tom/github/sft-fraction/results/data/subject-5a.csv","legacy","#757575","low","4","Jazzy James","3.1.9","0","a","NA","space","space","space","a","NA","560","NA","148901","11392","7534","560","NA","2","legacy","1024","2","48000","-16","experiment","5","odd","absent","169250","169250","NA","210691","1312","169234","256786","257302","1371","150289","161699","257302","257865","NA","256765","Fraction component detection task","64","48326","65","yes","1280"
"98.4848484848","98.4848484848","741.575757576","741.575757576","#808080","no","legacy","legacy","legacy","0","uniform","1","undefined","undefined","undefined","1","l","0","0","0","65","0","0","65","65","0","0","0","65","65","0","65","Fri Apr 27 13:03:26 2018","#757575","low","8","The main experiment item","yes","","experiment.osexp","/Users/tom/github/sft-fraction/procedure","no","mono","no","24","no","white","no","yes","800","legacy","65","65","0","/Users/tom/github/sft-fraction/results/data/subject-5a.csv","legacy","#757575","low","7","Jazzy James","3.1.9","0","l","NA","space","space","space","l","NA","618","NA","148901","11392","7534","618","NA","2","legacy","1024","2","48000","-16","experiment","5","odd","present","169250","169250","NA","210691","1312","169234","257950","258467","1371","150289","161699","258467","259088","NA","257932","Fraction component detection task","65","48944","66","yes","1280"
"98.5074626866","98.5074626866","743.671641791","743.671641791","#808080","no","legacy","legacy","legacy","0","uniform","1","undefined","undefined","undefined","1","l","0","0","0","66","0","0","66","66","0","0","0","66","66","0","66","Fri Apr 27 13:03:26 2018","#757575","low","3","The main experiment item","yes","","experiment.osexp","/Users/tom/github/sft-fraction/procedure","no","mono","no","24","no","white","no","yes","800","legacy","66","66","0","/Users/tom/github/sft-fraction/results/data/subject-5a.csv","legacy","#000000","high","6","Jazzy James","3.1.9","0","l","NA","space","space","space","l","NA","882","NA","148901","11392","7534","882","NA","2","legacy","1024","2","48000","-16","experiment","5","odd","present","169250","169250","NA","210691","1312","169234","259175","259691","1371","150289","161699","259692","260577","NA","259155","Fraction component detection task","66","49826","67","yes","1280"
"98.5294117647","98.5294117647","742.75","742.75","#808080","no","legacy","legacy","legacy","0","uniform","1","undefined","undefined","undefined","1","l","0","0","0","67","0","0","67","67","0","0","0","67","67","0","67","Fri Apr 27 13:03:26 2018","#000000","high","4","The main experiment item","yes","","experiment.osexp","/Users/tom/github/sft-fraction/procedure","no","mono","no","24","no","white","no","yes","800","legacy","67","67","0","/Users/tom/github/sft-fraction/results/data/subject-5a.csv","legacy","#757575","low","7","Jazzy James","3.1.9","0","l","NA","space","space","space","l","NA","681","NA","148901","11392","7534","681","NA","2","legacy","1024","2","48000","-16","experiment","5","odd","present","169250","169250","NA","210691","1312","169234","260662","261181","1371","150289","161699","261182","261865","NA","260644","Fraction component detection task","67","50507","68","yes","1280"
"98.5507246377","98.5507246377","739.231884058","739.231884058","#808080","no","legacy","legacy","legacy","0","uniform","1","undefined","undefined","undefined","1","a","0","0","0","68","0","0","68","68","0","0","0","68","68","0","68","Fri Apr 27 13:03:26 2018","#000000","high","3","The main experiment item","yes","","experiment.osexp","/Users/tom/github/sft-fraction/procedure","no","mono","no","24","no","white","no","yes","800","legacy","68","68","0","/Users/tom/github/sft-fraction/results/data/subject-5a.csv","legacy","#000000","high","2","Jazzy James","3.1.9","0","a","NA","space","space","space","a","NA","500","NA","148901","11392","7534","500","NA","2","legacy","1024","2","48000","-16","experiment","5","odd","absent","169250","169250","NA","210691","1312","169234","261949","262466","1371","150289","161699","262467","262969","NA","261929","Fraction component detection task","68","51007","69","yes","1280"
"98.5714285714","98.5714285714","737.342857143","737.342857143","#808080","no","legacy","legacy","legacy","0","uniform","1","undefined","undefined","undefined","1","l","0","0","0","69","0","0","69","69","0","0","0","69","69","0","69","Fri Apr 27 13:03:26 2018","#757575","low","3","The main experiment item","yes","","experiment.osexp","/Users/tom/github/sft-fraction/procedure","no","mono","no","24","no","white","no","yes","800","legacy","69","69","0","/Users/tom/github/sft-fraction/results/data/subject-5a.csv","legacy","#000000","high","8","Jazzy James","3.1.9","0","l","NA","space","space","space","l","NA","607","NA","148901","11392","7534","607","NA","2","legacy","1024","2","48000","-16","experiment","5","odd","present","169250","169250","NA","210691","1312","169234","263050","263567","1371","150289","161699","263567","264176","NA","263034","Fraction component detection task","69","51614","70","yes","1280"
"98.5915492958","98.5915492958","734.38028169","734.38028169","#808080","no","legacy","legacy","legacy","0","uniform","1","undefined","undefined","undefined","1","a","0","0","0","70","0","0","70","70","0","0","0","70","70","0","70","Fri Apr 27 13:03:26 2018","#000000","high","2","The main experiment item","yes","","experiment.osexp","/Users/tom/github/sft-fraction/procedure","no","mono","no","24","no","white","no","yes","800","legacy","70","70","0","/Users/tom/github/sft-fraction/results/data/subject-5a.csv","legacy","#000000","high","4","Jazzy James","3.1.9","0","a","NA","space","space","space","a","NA","527","NA","148901","11392","7534","527","NA","2","legacy","1024","2","48000","-16","experiment","5","odd","absent","169250","169250","NA","210691","1312","169234","264257","264775","1371","150289","161699","264775","265305","NA","264242","Fraction component detection task","70","52141","71","yes","1280"
"98.6111111111","98.6111111111","736.138888889","736.138888889","#808080","no","legacy","legacy","legacy","0","uniform","1","undefined","undefined","undefined","1","l","0","0","0","71","0","0","71","71","0","0","0","71","71","0","71","Fri Apr 27 13:03:26 2018","#000000","high","8","The main experiment item","yes","","experiment.osexp","/Users/tom/github/sft-fraction/procedure","no","mono","no","24","no","white","no","yes","800","legacy","71","71","0","/Users/tom/github/sft-fraction/results/data/subject-5a.csv","legacy","#757575","low","4","Jazzy James","3.1.9","0","l","NA","space","space","space","l","NA","861","NA","148901","11392","7534","861","NA","2","legacy","1024","2","48000","-16","experiment","5","odd","present","169250","169250","NA","210691","1312","169234","265388","265906","1371","150289","161699","265906","266769","NA","265372","Fraction component detection task","71","53002","72","yes","1280"
"98.6301369863","98.6301369863","733.301369863","733.301369863","#808080","no","legacy","legacy","legacy","0","uniform","1","undefined","undefined","undefined","1","a","0","0","0","72","0","0","72","72","0","0","0","72","72","0","72","Fri Apr 27 13:03:26 2018","#000000","high","3","The main experiment item","yes","","experiment.osexp","/Users/tom/github/sft-fraction/procedure","no","mono","no","24","no","white","no","yes","800","legacy","72","72","0","/Users/tom/github/sft-fraction/results/data/subject-5a.csv","legacy","#000000","high","3","Jazzy James","3.1.9","0","a","NA","space","space","space","a","NA","529","NA","148901","11392","7534","529","NA","2","legacy","1024","2","48000","-16","experiment","5","odd","absent","169250","169250","NA","210691","1312","169234","266849","267366","1371","150289","161699","267366","267898","NA","266833","Fraction component detection task","72","53531","73","yes","1280"
"98.6486486486","98.6486486486","730.689189189","730.689189189","#808080","no","legacy","legacy","legacy","0","uniform","1","undefined","undefined","undefined","1","a","0","0","0","73","0","0","73","73","0","0","0","73","73","0","73","Fri Apr 27 13:03:26 2018","#000000","high","2","The main experiment item","yes","","experiment.osexp","/Users/tom/github/sft-fraction/procedure","no","mono","no","24","no","white","no","yes","800","legacy","73","73","0","/Users/tom/github/sft-fraction/results/data/subject-5a.csv","legacy","#757575","low","4","Jazzy James","3.1.9","0","a","NA","space","space","space","a","NA","540","NA","148901","11392","7534","540","NA","2","legacy","1024","2","48000","-16","experiment","5","odd","absent","169250","169250","NA","210691","1312","169234","267987","268506","1371","150289","161699","268506","269048","NA","267966","Fraction component detection task","73","54071","74","yes","1280"
"98.6666666667","98.6666666667","726.56","726.56","#808080","no","legacy","legacy","legacy","0","uniform","1","undefined","undefined","undefined","1","l","0","0","0","74","0","0","74","74","0","0","0","74","74","0","74","Fri Apr 27 13:03:26 2018","#757575","low","6","The main experiment item","yes","","experiment.osexp","/Users/tom/github/sft-fraction/procedure","no","mono","no","24","no","white","no","yes","800","legacy","74","74","0","/Users/tom/github/sft-fraction/results/data/subject-5a.csv","legacy","#000000","high","7","Jazzy James","3.1.9","0","l","NA","space","space","space","l","NA","421","NA","148901","11392","7534","421","NA","2","legacy","1024","2","48000","-16","experiment","5","odd","present","169250","169250","NA","210691","1312","169234","269135","269657","1371","150289","161699","269657","270081","NA","269117","Fraction component detection task","74","54492","75","yes","1280"
"98.6842105263","98.6842105263","723.921052632","723.921052632","#808080","no","legacy","legacy","legacy","0","uniform","1","undefined","undefined","undefined","1","l","0","0","0","75","0","0","75","75","0","0","0","75","75","0","75","Fri Apr 27 13:03:26 2018","#000000","high","3","The main experiment item","yes","","experiment.osexp","/Users/tom/github/sft-fraction/procedure","no","mono","no","24","no","white","no","yes","800","legacy","75","75","0","/Users/tom/github/sft-fraction/results/data/subject-5a.csv","legacy","#000000","high","6","Jazzy James","3.1.9","0","l","NA","space","space","space","l","NA","526","NA","148901","11392","7534","526","NA","2","legacy","1024","2","48000","-16","experiment","5","odd","present","169250","169250","NA","210691","1312","169234","270163","270680","1371","150289","161699","270680","271209","NA","270148","Fraction component detection task","75","55018","76","yes","1280"
"98.7012987013","98.7012987013","721.818181818","721.818181818","#808080","no","legacy","legacy","legacy","0","uniform","1","undefined","undefined","undefined","1","a","0","0","0","76","0","0","76","76","0","0","0","76","76","0","76","Fri Apr 27 13:03:26 2018","#757575","low","4","The main experiment item","yes","","experiment.osexp","/Users/tom/github/sft-fraction/procedure","no","mono","no","24","no","white","no","yes","800","legacy","76","76","0","/Users/tom/github/sft-fraction/results/data/subject-5a.csv","legacy","#000000","high","4","Jazzy James","3.1.9","0","a","NA","space","space","space","a","NA","562","NA","148901","11392","7534","562","NA","2","legacy","1024","2","48000","-16","experiment","5","odd","absent","169250","169250","NA","210691","1312","169234","271288","271805","1371","150289","161699","271805","272370","NA","271273","Fraction component detection task","76","55580","77","yes","1280"
"98.7179487179","98.7179487179","719.346153846","719.346153846","#808080","no","legacy","legacy","legacy","0","uniform","1","undefined","undefined","undefined","1","a","0","0","0","77","0","0","77","77","0","0","0","77","77","0","77","Fri Apr 27 13:03:26 2018","#757575","low","2","The main experiment item","yes","","experiment.osexp","/Users/tom/github/sft-fraction/procedure","no","mono","no","24","no","white","no","yes","800","legacy","77","77","0","/Users/tom/github/sft-fraction/results/data/subject-5a.csv","legacy","#757575","low","2","Jazzy James","3.1.9","0","a","NA","space","space","space","a","NA","529","NA","148901","11392","7534","529","NA","2","legacy","1024","2","48000","-16","experiment","5","odd","absent","169250","169250","NA","210691","1312","169234","272455","272974","1371","150289","161699","272974","273506","NA","272438","Fraction component detection task","77","56109","78","yes","1280"
"98.7341772152","98.7341772152","718.708860759","718.708860759","#808080","no","legacy","legacy","legacy","0","uniform","1","undefined","undefined","undefined","1","l","0","0","0","78","0","0","78","78","0","0","0","78","78","0","78","Fri Apr 27 13:03:26 2018","#757575","low","7","The main experiment item","yes","","experiment.osexp","/Users/tom/github/sft-fraction/procedure","no","mono","no","24","no","white","no","yes","800","legacy","78","78","0","/Users/tom/github/sft-fraction/results/data/subject-5a.csv","legacy","#000000","high","2","Jazzy James","3.1.9","0","l","NA","space","space","space","l","NA","669","NA","148901","11392","7534","669","NA","2","legacy","1024","2","48000","-16","experiment","5","odd","present","169250","169250","NA","210691","1312","169234","273587","274106","1371","150289","161699","274106","274778","NA","273569","Fraction component detection task","78","56778","79","yes","1280"
"98.75","98.75","717","717","#808080","no","legacy","legacy","legacy","0","uniform","1","undefined","undefined","undefined","1","l","0","0","0","79","0","0","79","79","0","0","0","79","79","0","79","Fri Apr 27 13:03:26 2018","#757575","low","7","The main experiment item","yes","","experiment.osexp","/Users/tom/github/sft-fraction/procedure","no","mono","no","24","no","white","no","yes","800","legacy","79","79","0","/Users/tom/github/sft-fraction/results/data/subject-5a.csv","legacy","#757575","low","4","Jazzy James","3.1.9","0","l","NA","space","space","space","l","NA","582","NA","148901","11392","7534","582","NA","2","legacy","1024","2","48000","-16","experiment","5","odd","present","169250","169250","NA","210691","1312","169234","274868","275385","1371","150289","161699","275385","275970","NA","274848","Fraction component detection task","79","57360","80","yes","1280"
"98.7654320988","98.7654320988","715.049382716","715.049382716","#808080","no","legacy","legacy","legacy","0","uniform","1","undefined","undefined","undefined","1","l","0","0","0","80","0","0","80","80","0","0","0","80","80","0","80","Fri Apr 27 13:03:26 2018","#757575","low","4","The main experiment item","yes","","experiment.osexp","/Users/tom/github/sft-fraction/procedure","no","mono","no","24","no","white","no","yes","800","legacy","80","80","0","/Users/tom/github/sft-fraction/results/data/subject-5a.csv","legacy","#000000","high","8","Jazzy James","3.1.9","0","l","NA","space","space","space","l","NA","559","NA","148901","11392","7534","559","NA","2","legacy","1024","2","48000","-16","experiment","5","odd","present","169250","169250","NA","210691","1312","169234","276049","276566","1371","150289","161699","276567","277129","NA","276033","Fraction component detection task","80","57919","81","yes","1280"
"98.7804878049","98.7804878049","712.475609756","712.475609756","#808080","no","legacy","legacy","legacy","0","uniform","1","undefined","undefined","undefined","1","a","0","0","0","81","0","0","81","81","0","0","0","81","81","0","81","Fri Apr 27 13:03:26 2018","#000000","high","4","The main experiment item","yes","","experiment.osexp","/Users/tom/github/sft-fraction/procedure","no","mono","no","24","no","white","no","yes","800","legacy","81","81","0","/Users/tom/github/sft-fraction/results/data/subject-5a.csv","legacy","#757575","low","4","Jazzy James","3.1.9","0","a","NA","space","space","space","a","NA","504","NA","148901","11392","7534","504","NA","2","legacy","1024","2","48000","-16","experiment","5","odd","absent","169250","169250","NA","210691","1312","169234","277208","277725","1371","150289","161699","277726","278233","NA","277192","Fraction component detection task","81","58423","82","yes","1280"
"98.7951807229","98.7951807229","710.072289157","710.072289157","#808080","no","legacy","legacy","legacy","0","uniform","1","undefined","undefined","undefined","1","l","0","0","0","82","0","0","82","82","0","0","0","82","82","0","82","Fri Apr 27 13:03:26 2018","#000000","high","6","The main experiment item","yes","","experiment.osexp","/Users/tom/github/sft-fraction/procedure","no","mono","no","24","no","white","no","yes","800","legacy","82","82","0","/Users/tom/github/sft-fraction/results/data/subject-5a.csv","legacy","#757575","low","4","Jazzy James","3.1.9","0","l","NA","space","space","space","l","NA","513","NA","148901","11392","7534","513","NA","2","legacy","1024","2","48000","-16","experiment","5","odd","present","169250","169250","NA","210691","1312","169234","278312","278831","1371","150289","161699","278831","279346","NA","278297","Fraction component detection task","82","58936","83","yes","1280"
"98.8095238095","98.8095238095","707.333333333","707.333333333","#808080","no","legacy","legacy","legacy","0","uniform","1","undefined","undefined","undefined","1","a","0","0","0","83","0","0","83","83","0","0","0","83","83","0","83","Fri Apr 27 13:03:26 2018","#757575","low","2","The main experiment item","yes","","experiment.osexp","/Users/tom/github/sft-fraction/procedure","no","mono","no","24","no","white","no","yes","800","legacy","83","83","0","/Users/tom/github/sft-fraction/results/data/subject-5a.csv","legacy","#757575","low","4","Jazzy James","3.1.9","0","a","NA","space","space","space","a","NA","480","NA","148901","11392","7534","480","NA","2","legacy","1024","2","48000","-16","experiment","5","odd","absent","169250","169250","NA","210691","1312","169234","279427","279944","1371","150289","161699","279944","280426","NA","279412","Fraction component detection task","83","59416","84","yes","1280"
"98.8235294118","98.8235294118","705.376470588","705.376470588","#808080","no","legacy","legacy","legacy","0","uniform","1","undefined","undefined","undefined","1","l","0","0","0","84","0","0","84","84","0","0","0","84","84","0","84","Fri Apr 27 13:03:26 2018","#000000","high","6","The main experiment item","yes","","experiment.osexp","/Users/tom/github/sft-fraction/procedure","no","mono","no","24","no","white","no","yes","800","legacy","84","84","0","/Users/tom/github/sft-fraction/results/data/subject-5a.csv","legacy","#000000","high","7","Jazzy James","3.1.9","0","l","NA","space","space","space","l","NA","541","NA","148901","11392","7534","541","NA","2","legacy","1024","2","48000","-16","experiment","5","odd","present","169250","169250","NA","210691","1312","169234","280509","281027","1371","150289","161699","281027","281570","NA","280493","Fraction component detection task","84","59957","85","yes","1280"
"98.8372093023","98.8372093023","702.895348837","702.895348837","#808080","no","legacy","legacy","legacy","0","uniform","1","undefined","undefined","undefined","1","a","0","0","0","85","0","0","85","85","0","0","0","85","85","0","85","Fri Apr 27 13:03:26 2018","#000000","high","3","The main experiment item","yes","","experiment.osexp","/Users/tom/github/sft-fraction/procedure","no","mono","no","24","no","white","no","yes","800","legacy","85","85","0","/Users/tom/github/sft-fraction/results/data/subject-5a.csv","legacy","#000000","high","3","Jazzy James","3.1.9","0","a","NA","space","space","space","a","NA","492","NA","148901","11392","7534","492","NA","2","legacy","1024","2","48000","-16","experiment","5","odd","absent","169250","169250","NA","210691","1312","169234","281655","282172","1371","150289","161699","282172","282666","NA","281638","Fraction component detection task","85","60449","86","yes","1280"
"98.8505747126","98.8505747126","701.494252874","701.494252874","#808080","no","legacy","legacy","legacy","0","uniform","1","undefined","undefined","undefined","1","a","0","0","0","86","0","0","86","86","0","0","0","86","86","0","86","Fri Apr 27 13:03:26 2018","#757575","low","4","The main experiment item","yes","","experiment.osexp","/Users/tom/github/sft-fraction/procedure","no","mono","no","24","no","white","no","yes","800","legacy","86","86","0","/Users/tom/github/sft-fraction/results/data/subject-5a.csv","legacy","#000000","high","2","Jazzy James","3.1.9","0","a","NA","space","space","space","a","NA","581","NA","148901","11392","7534","581","NA","2","legacy","1024","2","48000","-16","experiment","5","odd","absent","169250","169250","NA","210691","1312","169234","282751","283267","1371","150289","161699","283267","283850","NA","282731","Fraction component detection task","86","61030","87","yes","1280"
"98.8636363636","98.8636363636","700.056818182","700.056818182","#808080","no","legacy","legacy","legacy","0","uniform","1","undefined","undefined","undefined","1","l","0","0","0","87","0","0","87","87","0","0","0","87","87","0","87","Fri Apr 27 13:03:26 2018","#000000","high","8","The main experiment item","yes","","experiment.osexp","/Users/tom/github/sft-fraction/procedure","no","mono","no","24","no","white","no","yes","800","legacy","87","87","0","/Users/tom/github/sft-fraction/results/data/subject-5a.csv","legacy","#000000","high","3","Jazzy James","3.1.9","0","l","NA","space","space","space","l","NA","575","NA","148901","11392","7534","575","NA","2","legacy","1024","2","48000","-16","experiment","5","odd","present","169250","169250","NA","210691","1312","169234","283931","284448","1371","150289","161699","284448","285025","NA","283915","Fraction component detection task","87","61605","88","yes","1280"
"98.8764044944","98.8764044944","701.966292135","701.966292135","#808080","no","legacy","legacy","legacy","0","uniform","1","undefined","undefined","undefined","1","a","0","0","0","88","0","0","88","88","0","0","0","88","88","0","88","Fri Apr 27 13:03:26 2018","#757575","low","4","The main experiment item","yes","","experiment.osexp","/Users/tom/github/sft-fraction/procedure","no","mono","no","24","no","white","no","yes","800","legacy","88","88","0","/Users/tom/github/sft-fraction/results/data/subject-5a.csv","legacy","#000000","high","2","Jazzy James","3.1.9","0","a","NA","space","space","space","a","NA","870","NA","148901","11392","7534","870","NA","2","legacy","1024","2","48000","-16","experiment","5","odd","absent","169250","169250","NA","210691","1312","169234","285115","285634","1371","150289","161699","285634","286507","NA","285095","Fraction component detection task","88","62475","89","yes","1280"
"98.8888888889","98.8888888889","700.211111111","700.211111111","#808080","no","legacy","legacy","legacy","0","uniform","1","undefined","undefined","undefined","1","l","0","0","0","89","0","0","89","89","0","0","0","89","89","0","89","Fri Apr 27 13:03:26 2018","#757575","low","6","The main experiment item","yes","","experiment.osexp","/Users/tom/github/sft-fraction/procedure","no","mono","no","24","no","white","no","yes","800","legacy","89","89","0","/Users/tom/github/sft-fraction/results/data/subject-5a.csv","legacy","#000000","high","6","Jazzy James","3.1.9","0","l","NA","space","space","space","l","NA","544","NA","148901","11392","7534","544","NA","2","legacy","1024","2","48000","-16","experiment","5","odd","present","169250","169250","NA","210691","1312","169234","286588","287104","1371","150289","161699","287104","287651","NA","286572","Fraction component detection task","89","63019","90","yes","1280"
"98.9010989011","98.9010989011","700.285714286","700.285714286","#808080","no","legacy","legacy","legacy","0","uniform","1","undefined","undefined","undefined","1","a","0","0","0","90","0","0","90","90","0","0","0","90","90","0","90","Fri Apr 27 13:03:26 2018","#000000","high","3","The main experiment item","yes","","experiment.osexp","/Users/tom/github/sft-fraction/procedure","no","mono","no","24","no","white","no","yes","800","legacy","90","90","0","/Users/tom/github/sft-fraction/results/data/subject-5a.csv","legacy","#757575","low","2","Jazzy James","3.1.9","0","a","NA","space","space","space","a","NA","707","NA","148901","11392","7534","707","NA","2","legacy","1024","2","48000","-16","experiment","5","odd","absent","169250","169250","NA","210691","1312","169234","287733","288253","1371","150289","161699","288253","288963","NA","287717","Fraction component detection task","90","63726","91","yes","1280"
"97.8260869565","97.8260869565","699","699","#808080","no","legacy","legacy","legacy","0","uniform","0","undefined","undefined","undefined","0","a","0","0","0","91","0","0","91","91","0","0","0","91","91","0","91","Fri Apr 27 13:03:26 2018","#757575","low","3","The main experiment item","yes","","experiment.osexp","/Users/tom/github/sft-fraction/procedure","no","mono","no","24","no","white","no","yes","800","legacy","91","91","0","/Users/tom/github/sft-fraction/results/data/subject-5a.csv","legacy","#000000","high","4","Jazzy James","3.1.9","0","l","NA","space","space","space","l","NA","582","NA","148901","11392","7534","582","NA","2","legacy","1024","2","48000","-16","experiment","5","odd","absent","169250","169250","NA","210691","1312","169234","289043","289561","1371","150289","161699","289561","290146","NA","289027","Fraction component detection task","90","64308","92","yes","1280"
"97.8494623656","97.8494623656","699.322580645","699.322580645","#808080","no","legacy","legacy","legacy","0","uniform","1","undefined","undefined","undefined","1","a","0","0","0","92","0","0","92","92","0","0","0","92","92","0","92","Fri Apr 27 13:03:26 2018","#000000","high","4","The main experiment item","yes","","experiment.osexp","/Users/tom/github/sft-fraction/procedure","no","mono","no","24","no","white","no","yes","800","legacy","92","92","0","/Users/tom/github/sft-fraction/results/data/subject-5a.csv","legacy","#757575","low","2","Jazzy James","3.1.9","0","a","NA","space","space","space","a","NA","729","NA","148901","11392","7534","729","NA","2","legacy","1024","2","48000","-16","experiment","5","odd","absent","169250","169250","NA","290169","1312","169234","291250","291767","1371","150289","161699","291767","292500","NA","291233","Fraction component detection task","91","65037","93","yes","1280"
"97.8723404255","97.8723404255","698.265957447","698.265957447","#808080","no","legacy","legacy","legacy","0","uniform","1","undefined","undefined","undefined","1","l","0","0","0","93","0","0","93","93","0","0","0","93","93","0","93","Fri Apr 27 13:03:26 2018","#757575","low","4","The main experiment item","yes","","experiment.osexp","/Users/tom/github/sft-fraction/procedure","no","mono","no","24","no","white","no","yes","800","legacy","93","93","0","/Users/tom/github/sft-fraction/results/data/subject-5a.csv","legacy","#000000","high","6","Jazzy James","3.1.9","0","l","NA","space","space","space","l","NA","600","NA","148901","11392","7534","600","NA","2","legacy","1024","2","48000","-16","experiment","5","odd","present","169250","169250","NA","290169","1312","169234","292586","293103","1371","150289","161699","293104","293707","NA","292569","Fraction component detection task","92","65637","94","yes","1280"
"97.8947368421","97.8947368421","697.294736842","697.294736842","#808080","no","legacy","legacy","legacy","0","uniform","1","undefined","undefined","undefined","1","a","0","0","0","94","0","0","94","94","0","0","0","94","94","0","94","Fri Apr 27 13:03:26 2018","#000000","high","2","The main experiment item","yes","","experiment.osexp","/Users/tom/github/sft-fraction/procedure","no","mono","no","24","no","white","no","yes","800","legacy","94","94","0","/Users/tom/github/sft-fraction/results/data/subject-5a.csv","legacy","#000000","high","4","Jazzy James","3.1.9","0","a","NA","space","space","space","a","NA","606","NA","148901","11392","7534","606","NA","2","legacy","1024","2","48000","-16","experiment","5","odd","absent","169250","169250","NA","290169","1312","169234","293788","294306","1371","150289","161699","294306","294915","NA","293773","Fraction component detection task","93","66243","95","yes","1280"
"97.9166666667","97.9166666667","696.364583333","696.364583333","#808080","no","legacy","legacy","legacy","0","uniform","1","undefined","undefined","undefined","1","l","0","0","0","95","0","0","95","95","0","0","0","95","95","0","95","Fri Apr 27 13:03:26 2018","#757575","low","7","The main experiment item","yes","","experiment.osexp","/Users/tom/github/sft-fraction/procedure","no","mono","no","24","no","white","no","yes","800","legacy","95","95","0","/Users/tom/github/sft-fraction/results/data/subject-5a.csv","legacy","#000000","high","3","Jazzy James","3.1.9","0","l","NA","space","space","space","l","NA","608","NA","148901","11392","7534","608","NA","2","legacy","1024","2","48000","-16","experiment","5","odd","present","169250","169250","NA","290169","1312","169234","294998","295519","1371","150289","161699","295519","296130","NA","294978","Fraction component detection task","94","66851","96","yes","1280"
"97.9381443299","97.9381443299","695.690721649","695.690721649","#808080","no","legacy","legacy","legacy","0","uniform","1","undefined","undefined","undefined","1","a","0","0","0","96","0","0","96","96","0","0","0","96","96","0","96","Fri Apr 27 13:03:26 2018","#000000","high","3","The main experiment item","yes","","experiment.osexp","/Users/tom/github/sft-fraction/procedure","no","mono","no","24","no","white","no","yes","800","legacy","96","96","0","/Users/tom/github/sft-fraction/results/data/subject-5a.csv","legacy","#757575","low","4","Jazzy James","3.1.9","0","a","NA","space","space","space","a","NA","631","NA","148901","11392","7534","631","NA","2","legacy","1024","2","48000","-16","experiment","5","odd","absent","169250","169250","NA","290169","1312","169234","296219","296736","1371","150289","161699","296737","297371","NA","296197","Fraction component detection task","95","67482","97","yes","1280"
"97.9591836735","97.9591836735","694.918367347","694.918367347","#808080","no","legacy","legacy","legacy","0","uniform","1","undefined","undefined","undefined","1","l","0","0","0","97","0","0","97","97","0","0","0","97","97","0","97","Fri Apr 27 13:03:26 2018","#757575","low","3","The main experiment item","yes","","experiment.osexp","/Users/tom/github/sft-fraction/procedure","no","mono","no","24","no","white","no","yes","800","legacy","97","97","0","/Users/tom/github/sft-fraction/results/data/subject-5a.csv","legacy","#000000","high","7","Jazzy James","3.1.9","0","l","NA","space","space","space","l","NA","620","NA","148901","11392","7534","620","NA","2","legacy","1024","2","48000","-16","experiment","5","odd","present","169250","169250","NA","290169","1312","169234","297456","297973","1371","150289","161699","297973","298595","NA","297436","Fraction component detection task","96","68102","98","yes","1280"
"97.9797979798","97.9797979798","696.505050505","696.505050505","#808080","no","legacy","legacy","legacy","0","uniform","1","undefined","undefined","undefined","1","l","0","0","0","98","0","0","98","98","0","0","0","98","98","0","98","Fri Apr 27 13:03:26 2018","#757575","low","6","The main experiment item","yes","","experiment.osexp","/Users/tom/github/sft-fraction/procedure","no","mono","no","24","no","white","no","yes","800","legacy","98","98","0","/Users/tom/github/sft-fraction/results/data/subject-5a.csv","legacy","#757575","low","2","Jazzy James","3.1.9","0","l","NA","space","space","space","l","NA","852","NA","148901","11392","7534","852","NA","2","legacy","1024","2","48000","-16","experiment","5","odd","present","169250","169250","NA","290169","1312","169234","298680","299196","1371","150289","161699","299196","300052","NA","298664","Fraction component detection task","97","68954","99","yes","1280"
"98","98","694.78","694.78","#808080","no","legacy","legacy","legacy","0","uniform","1","undefined","undefined","undefined","1","l","0","0","0","99","0","0","99","99","0","0","0","99","99","0","99","Fri Apr 27 13:03:26 2018","#757575","low","2","The main experiment item","yes","","experiment.osexp","/Users/tom/github/sft-fraction/procedure","no","mono","no","24","no","white","no","yes","800","legacy","99","99","0","/Users/tom/github/sft-fraction/results/data/subject-5a.csv","legacy","#757575","low","7","Jazzy James","3.1.9","0","l","NA","space","space","space","l","NA","524","NA","148901","11392","7534","524","NA","2","legacy","1024","2","48000","-16","experiment","5","odd","present","169250","169250","NA","290169","1312","169234","300134","300652","1371","150289","161699","300652","301178","NA","300117","Fraction component detection task","98","69478","100","yes","1280"
"98.0198019802","98.0198019802","692.168316832","692.168316832","#808080","no","legacy","legacy","legacy","0","uniform","1","undefined","undefined","undefined","1","a","0","0","0","100","0","0","100","100","0","0","0","100","100","0","100","Fri Apr 27 13:03:26 2018","#000000","high","4","The main experiment item","yes","","experiment.osexp","/Users/tom/github/sft-fraction/procedure","no","mono","no","24","no","white","no","yes","800","legacy","100","100","0","/Users/tom/github/sft-fraction/results/data/subject-5a.csv","legacy","#757575","low","4","Jazzy James","3.1.9","0","a","NA","space","space","space","a","NA","431","NA","148901","11392","7534","431","NA","2","legacy","1024","2","48000","-16","experiment","5","odd","absent","169250","169250","NA","290169","1312","169234","301260","301777","1371","150289","161699","301777","302211","NA","301244","Fraction component detection task","99","69909","101","yes","1280"
"98.0392156863","98.0392156863","689.87254902","689.87254902","#808080","no","legacy","legacy","legacy","0","uniform","1","undefined","undefined","undefined","1","a","0","0","0","101","0","0","101","101","0","0","0","101","101","0","101","Fri Apr 27 13:03:26 2018","#757575","low","4","The main experiment item","yes","","experiment.osexp","/Users/tom/github/sft-fraction/procedure","no","mono","no","24","no","white","no","yes","800","legacy","101","101","0","/Users/tom/github/sft-fraction/results/data/subject-5a.csv","legacy","#757575","low","3","Jazzy James","3.1.9","0","a","NA","space","space","space","a","NA","458","NA","148901","11392","7534","458","NA","2","legacy","1024","2","48000","-16","experiment","5","odd","absent","169250","169250","NA","290169","1312","169234","302300","302822","1371","150289","161699","302822","303283","NA","302281","Fraction component detection task","100","70367","102","yes","1280"
"98.0582524272","98.0582524272","688.262135922","688.262135922","#808080","no","legacy","legacy","legacy","0","uniform","1","undefined","undefined","undefined","1","l","0","0","0","102","0","0","102","102","0","0","0","102","102","0","102","Fri Apr 27 13:03:26 2018","#000000","high","3","The main experiment item","yes","","experiment.osexp","/Users/tom/github/sft-fraction/procedure","no","mono","no","24","no","white","no","yes","800","legacy","102","102","0","/Users/tom/github/sft-fraction/results/data/subject-5a.csv","legacy","#757575","low","6","Jazzy James","3.1.9","0","l","NA","space","space","space","l","NA","524","NA","148901","11392","7534","524","NA","2","legacy","1024","2","48000","-16","experiment","5","odd","present","169250","169250","NA","290169","1312","169234","303377","303893","1371","150289","161699","303893","304420","NA","303359","Fraction component detection task","101","70891","103","yes","1280"
"98.0769230769","98.0769230769","686.951923077","686.951923077","#808080","no","legacy","legacy","legacy","0","uniform","1","undefined","undefined","undefined","1","a","0","0","0","103","0","0","103","103","0","0","0","103","103","0","103","Fri Apr 27 13:03:26 2018","#000000","high","3","The main experiment item","yes","","experiment.osexp","/Users/tom/github/sft-fraction/procedure","no","mono","no","24","no","white","no","yes","800","legacy","103","103","0","/Users/tom/github/sft-fraction/results/data/subject-5a.csv","legacy","#000000","high","3","Jazzy James","3.1.9","0","a","NA","space","space","space","a","NA","552","NA","148901","11392","7534","552","NA","2","legacy","1024","2","48000","-16","experiment","5","odd","absent","169250","169250","NA","290169","1312","169234","304501","305017","1371","150289","161699","305017","305572","NA","304486","Fraction component detection task","102","71443","104","yes","1280"
"98.0952380952","98.0952380952","685.066666667","685.066666667","#808080","no","legacy","legacy","legacy","0","uniform","1","undefined","undefined","undefined","1","l","0","0","0","104","0","0","104","104","0","0","0","104","104","0","104","Fri Apr 27 13:03:26 2018","#000000","high","7","The main experiment item","yes","","experiment.osexp","/Users/tom/github/sft-fraction/procedure","no","mono","no","24","no","white","no","yes","800","legacy","104","104","0","/Users/tom/github/sft-fraction/results/data/subject-5a.csv","legacy","#757575","low","3","Jazzy James","3.1.9","0","l","NA","space","space","space","l","NA","489","NA","148901","11392","7534","489","NA","2","legacy","1024","2","48000","-16","experiment","5","odd","present","169250","169250","NA","290169","1312","169234","305652","306168","1371","150289","161699","306168","306660","NA","305636","Fraction component detection task","103","71932","105","yes","1280"
"98.1132075472","98.1132075472","684.226415094","684.226415094","#808080","no","legacy","legacy","legacy","0","uniform","1","undefined","undefined","undefined","1","l","0","0","0","105","0","0","105","105","0","0","0","105","105","0","105","Fri Apr 27 13:03:26 2018","#000000","high","8","The main experiment item","yes","","experiment.osexp","/Users/tom/github/sft-fraction/procedure","no","mono","no","24","no","white","no","yes","800","legacy","105","105","0","/Users/tom/github/sft-fraction/results/data/subject-5a.csv","legacy","#000000","high","7","Jazzy James","3.1.9","0","l","NA","space","space","space","l","NA","596","NA","148901","11392","7534","596","NA","2","legacy","1024","2","48000","-16","experiment","5","odd","present","169250","169250","NA","290169","1312","169234","306739","307261","1371","150289","161699","307261","307860","NA","306723","Fraction component detection task","104","72528","106","yes","1280"
"98.1308411215","98.1308411215","683.990654206","683.990654206","#808080","no","legacy","legacy","legacy","0","uniform","1","undefined","undefined","undefined","1","l","0","0","0","106","0","0","106","106","0","0","0","106","106","0","106","Fri Apr 27 13:03:26 2018","#757575","low","7","The main experiment item","yes","","experiment.osexp","/Users/tom/github/sft-fraction/procedure","no","mono","no","24","no","white","no","yes","800","legacy","106","106","0","/Users/tom/github/sft-fraction/results/data/subject-5a.csv","legacy","#000000","high","4","Jazzy James","3.1.9","0","l","NA","space","space","space","l","NA","659","NA","148901","11392","7534","659","NA","2","legacy","1024","2","48000","-16","experiment","5","odd","present","169250","169250","NA","290169","1312","169234","307944","308460","1371","150289","161699","308461","309123","NA","307926","Fraction component detection task","105","73187","107","yes","1280"
"98.1481481481","98.1481481481","682.759259259","682.759259259","#808080","no","legacy","legacy","legacy","0","uniform","1","undefined","undefined","undefined","1","l","0","0","0","107","0","0","107","107","0","0","0","107","107","0","107","Fri Apr 27 13:03:26 2018","#757575","low","8","The main experiment item","yes","","experiment.osexp","/Users/tom/github/sft-fraction/procedure","no","mono","no","24","no","white","no","yes","800","legacy","107","107","0","/Users/tom/github/sft-fraction/results/data/subject-5a.csv","legacy","#000000","high","3","Jazzy James","3.1.9","0","l","NA","space","space","space","l","NA","551","NA","148901","11392","7534","551","NA","2","legacy","1024","2","48000","-16","experiment","5","odd","present","169250","169250","NA","290169","1312","169234","309204","309721","1371","150289","161699","309721","310276","NA","309188","Fraction component detection task","106","73738","108","yes","1280"
"98.1651376147","98.1651376147","681.550458716","681.550458716","#808080","no","legacy","legacy","legacy","0","uniform","1","undefined","undefined","undefined","1","l","0","0","0","108","0","0","108","108","0","0","0","108","108","0","108","Fri Apr 27 13:03:26 2018","#757575","low","8","The main experiment item","yes","","experiment.osexp","/Users/tom/github/sft-fraction/procedure","no","mono","no","24","no","white","no","yes","800","legacy","108","108","0","/Users/tom/github/sft-fraction/results/data/subject-5a.csv","legacy","#000000","high","7","Jazzy James","3.1.9","0","l","NA","space","space","space","l","NA","551","NA","148901","11392","7534","551","NA","2","legacy","1024","2","48000","-16","experiment","5","odd","present","169250","169250","NA","290169","1312","169234","310365","310882","1371","150289","161699","310882","311436","NA","310345","Fraction component detection task","107","74289","109","yes","1280"
"98.1818181818","98.1818181818","680.390909091","680.390909091","#808080","no","legacy","legacy","legacy","0","uniform","1","undefined","undefined","undefined","1","a","0","0","0","109","0","0","109","109","0","0","0","109","109","0","109","Fri Apr 27 13:03:26 2018","#000000","high","2","The main experiment item","yes","","experiment.osexp","/Users/tom/github/sft-fraction/procedure","no","mono","no","24","no","white","no","yes","800","legacy","109","109","0","/Users/tom/github/sft-fraction/results/data/subject-5a.csv","legacy","#757575","low","4","Jazzy James","3.1.9","0","a","NA","space","space","space","a","NA","554","NA","148901","11392","7534","554","NA","2","legacy","1024","2","48000","-16","experiment","5","odd","absent","169250","169250","NA","290169","1312","169234","311519","312039","1371","150289","161699","312039","312596","NA","311503","Fraction component detection task","108","74843","110","yes","1280"
"98.1981981982","98.1981981982","679.162162162","679.162162162","#808080","no","legacy","legacy","legacy","0","uniform","1","undefined","undefined","undefined","1","a","0","0","0","110","0","0","110","110","0","0","0","110","110","0","110","Fri Apr 27 13:03:26 2018","#000000","high","3","The main experiment item","yes","","experiment.osexp","/Users/tom/github/sft-fraction/procedure","no","mono","no","24","no","white","no","yes","800","legacy","110","110","0","/Users/tom/github/sft-fraction/results/data/subject-5a.csv","legacy","#757575","low","3","Jazzy James","3.1.9","0","a","NA","space","space","space","a","NA","544","NA","148901","11392","7534","544","NA","2","legacy","1024","2","48000","-16","experiment","5","odd","absent","169250","169250","NA","290169","1312","169234","312677","313193","1371","150289","161699","313193","313742","NA","312661","Fraction component detection task","109","75387","111","yes","1280"
"98.2142857143","98.2142857143","678.383928571","678.383928571","#808080","no","legacy","legacy","legacy","0","uniform","1","undefined","undefined","undefined","1","a","0","0","0","111","0","0","111","111","0","0","0","111","111","0","111","Fri Apr 27 13:03:26 2018","#000000","high","4","The main experiment item","yes","","experiment.osexp","/Users/tom/github/sft-fraction/procedure","no","mono","no","24","no","white","no","yes","800","legacy","111","111","0","/Users/tom/github/sft-fraction/results/data/subject-5a.csv","legacy","#000000","high","2","Jazzy James","3.1.9","0","a","NA","space","space","space","a","NA","592","NA","148901","11392","7534","592","NA","2","legacy","1024","2","48000","-16","experiment","5","odd","absent","169250","169250","NA","290169","1312","169234","313828","314345","1371","150289","161699","314345","314940","NA","313807","Fraction component detection task","110","75979","112","yes","1280"
"98.2300884956","98.2300884956","676.82300885","676.82300885","#808080","no","legacy","legacy","legacy","0","uniform","1","undefined","undefined","undefined","1","a","0","0","0","112","0","0","112","112","0","0","0","112","112","0","112","Fri Apr 27 13:03:26 2018","#757575","low","4","The main experiment item","yes","","experiment.osexp","/Users/tom/github/sft-fraction/procedure","no","mono","no","24","no","white","no","yes","800","legacy","112","112","0","/Users/tom/github/sft-fraction/results/data/subject-5a.csv","legacy","#757575","low","2","Jazzy James","3.1.9","0","a","NA","space","space","space","a","NA","502","NA","148901","11392","7534","502","NA","2","legacy","1024","2","48000","-16","experiment","5","odd","absent","169250","169250","NA","290169","1312","169234","315028","315547","1371","150289","161699","315547","316051","NA","315010","Fraction component detection task","111","76481","113","yes","1280"
"98.2456140351","98.2456140351","675.096491228","675.096491228","#808080","no","legacy","legacy","legacy","0","uniform","1","undefined","undefined","undefined","1","a","0","0","0","113","0","0","113","113","0","0","0","113","113","0","113","Fri Apr 27 13:03:26 2018","#000000","high","3","The main experiment item","yes","","experiment.osexp","/Users/tom/github/sft-fraction/procedure","no","mono","no","24","no","white","no","yes","800","legacy","113","113","0","/Users/tom/github/sft-fraction/results/data/subject-5a.csv","legacy","#757575","low","2","Jazzy James","3.1.9","0","a","NA","space","space","space","a","NA","480","NA","148901","11392","7534","480","NA","2","legacy","1024","2","48000","-16","experiment","5","odd","absent","169250","169250","NA","290169","1312","169234","316140","316657","1371","150289","161699","316657","317140","NA","316116","Fraction component detection task","112","76961","114","yes","1280"
"98.2608695652","98.2608695652","673.660869565","673.660869565","#808080","no","legacy","legacy","legacy","0","uniform","1","undefined","undefined","undefined","1","a","0","0","0","114","0","0","114","114","0","0","0","114","114","0","114","Fri Apr 27 13:03:26 2018","#000000","high","2","The main experiment item","yes","","experiment.osexp","/Users/tom/github/sft-fraction/procedure","no","mono","no","24","no","white","no","yes","800","legacy","114","114","0","/Users/tom/github/sft-fraction/results/data/subject-5a.csv","legacy","#000000","high","2","Jazzy James","3.1.9","0","a","NA","space","space","space","a","NA","510","NA","148901","11392","7534","510","NA","2","legacy","1024","2","48000","-16","experiment","5","odd","absent","169250","169250","NA","290169","1312","169234","317221","317739","1371","150289","161699","317739","318251","NA","317206","Fraction component detection task","113","77471","115","yes","1280"
"98.275862069","98.275862069","671.99137931","671.99137931","#808080","no","legacy","legacy","legacy","0","uniform","1","undefined","undefined","undefined","1","a","0","0","0","115","0","0","115","115","0","0","0","115","115","0","115","Fri Apr 27 13:03:26 2018","#000000","high","4","The main experiment item","yes","","experiment.osexp","/Users/tom/github/sft-fraction/procedure","no","mono","no","24","no","white","no","yes","800","legacy","115","115","0","/Users/tom/github/sft-fraction/results/data/subject-5a.csv","legacy","#757575","low","3","Jazzy James","3.1.9","0","a","NA","space","space","space","a","NA","480","NA","148901","11392","7534","480","NA","2","legacy","1024","2","48000","-16","experiment","5","odd","absent","169250","169250","NA","290169","1312","169234","318333","318850","1371","150289","161699","318850","319333","NA","318317","Fraction component detection task","114","77951","116","yes","1280"
"98.2905982906","98.2905982906","670.47008547","670.47008547","#808080","no","legacy","legacy","legacy","0","uniform","1","undefined","undefined","undefined","1","l","0","0","0","116","0","0","116","116","0","0","0","116","116","0","116","Fri Apr 27 13:03:26 2018","#757575","low","2","The main experiment item","yes","","experiment.osexp","/Users/tom/github/sft-fraction/procedure","no","mono","no","24","no","white","no","yes","800","legacy","116","116","0","/Users/tom/github/sft-fraction/results/data/subject-5a.csv","legacy","#000000","high","6","Jazzy James","3.1.9","0","l","NA","space","space","space","l","NA","494","NA","148901","11392","7534","494","NA","2","legacy","1024","2","48000","-16","experiment","5","odd","present","169250","169250","NA","290169","1312","169234","319415","319932","1371","150289","161699","319932","320429","NA","319397","Fraction component detection task","115","78445","117","yes","1280"
"98.3050847458","98.3050847458","669.440677966","669.440677966","#808080","no","legacy","legacy","legacy","0","uniform","1","undefined","undefined","undefined","1","l","0","0","0","117","0","0","117","117","0","0","0","117","117","0","117","Fri Apr 27 13:03:26 2018","#757575","low","8","The main experiment item","yes","","experiment.osexp","/Users/tom/github/sft-fraction/procedure","no","mono","no","24","no","white","no","yes","800","legacy","117","117","0","/Users/tom/github/sft-fraction/results/data/subject-5a.csv","legacy","#757575","low","6","Jazzy James","3.1.9","0","l","NA","space","space","space","l","NA","549","NA","148901","11392","7534","549","NA","2","legacy","1024","2","48000","-16","experiment","5","odd","present","169250","169250","NA","290169","1312","169234","320521","321037","1371","150289","161699","321037","321589","NA","320496","Fraction component detection task","116","78994","118","yes","1280"
"98.3193277311","98.3193277311","667.857142857","667.857142857","#808080","no","legacy","legacy","legacy","0","uniform","1","undefined","undefined","undefined","1","a","0","0","0","118","0","0","118","118","0","0","0","118","118","0","118","Fri Apr 27 13:03:26 2018","#757575","low","3","The main experiment item","yes","","experiment.osexp","/Users/tom/github/sft-fraction/procedure","no","mono","no","24","no","white","no","yes","800","legacy","118","118","0","/Users/tom/github/sft-fraction/results/data/subject-5a.csv","legacy","#000000","high","3","Jazzy James","3.1.9","0","a","NA","space","space","space","a","NA","481","NA","148901","11392","7534","481","NA","2","legacy","1024","2","48000","-16","experiment","5","odd","absent","169250","169250","NA","290169","1312","169234","321680","322201","1371","150289","161699","322201","322686","NA","321660","Fraction component detection task","117","79475","119","yes","1280"
"98.3333333333","98.3333333333","667.633333333","667.633333333","#808080","no","legacy","legacy","legacy","0","uniform","1","undefined","undefined","undefined","1","l","0","0","0","119","0","0","119","119","0","0","0","119","119","0","119","Fri Apr 27 13:03:26 2018","#000000","high","6","The main experiment item","yes","","experiment.osexp","/Users/tom/github/sft-fraction/procedure","no","mono","no","24","no","white","no","yes","800","legacy","119","119","0","/Users/tom/github/sft-fraction/results/data/subject-5a.csv","legacy","#000000","high","3","Jazzy James","3.1.9","0","l","NA","space","space","space","l","NA","641","NA","148901","11392","7534","641","NA","2","legacy","1024","2","48000","-16","experiment","5","odd","present","169250","169250","NA","290169","1312","169234","322769","323289","1371","150289","161699","323289","323935","NA","322752","Fraction component detection task","118","80116","120","yes","1280"
"98.347107438","98.347107438","665.867768595","665.867768595","#808080","no","legacy","legacy","legacy","0","uniform","1","undefined","undefined","undefined","1","a","0","0","0","120","0","0","120","120","0","0","0","120","120","0","120","Fri Apr 27 13:03:26 2018","#757575","low","2","The main experiment item","yes","","experiment.osexp","/Users/tom/github/sft-fraction/procedure","no","mono","no","24","no","white","no","yes","800","legacy","120","120","0","/Users/tom/github/sft-fraction/results/data/subject-5a.csv","legacy","#000000","high","3","Jazzy James","3.1.9","0","a","NA","space","space","space","a","NA","454","NA","148901","11392","7534","454","NA","2","legacy","1024","2","48000","-16","experiment","5","odd","absent","169250","169250","NA","290169","1312","169234","324023","324540","1371","150289","161699","324540","324998","NA","324004","Fraction component detection task","119","80570","121","yes","1280"
"98.3606557377","98.3606557377","665.942622951","665.942622951","#808080","no","legacy","legacy","legacy","0","uniform","1","undefined","undefined","undefined","1","l","0","0","0","121","0","0","121","121","0","0","0","121","121","0","121","Fri Apr 27 13:03:26 2018","#757575","low","7","The main experiment item","yes","","experiment.osexp","/Users/tom/github/sft-fraction/procedure","no","mono","no","24","no","white","no","yes","800","legacy","121","121","0","/Users/tom/github/sft-fraction/results/data/subject-5a.csv","legacy","#757575","low","6","Jazzy James","3.1.9","0","l","NA","space","space","space","l","NA","675","NA","148901","11392","7534","675","NA","2","legacy","1024","2","48000","-16","experiment","5","odd","present","169250","169250","NA","290169","1312","169234","325081","325598","1371","150289","161699","325598","326276","NA","325065","Fraction component detection task","120","81245","122","yes","1280"
"98.3739837398","98.3739837398","666.528455285","666.528455285","#808080","no","legacy","legacy","legacy","0","uniform","1","undefined","undefined","undefined","1","l","0","0","0","122","0","0","122","122","0","0","0","122","122","0","122","Fri Apr 27 13:03:26 2018","#757575","low","3","The main experiment item","yes","","experiment.osexp","/Users/tom/github/sft-fraction/procedure","no","mono","no","24","no","white","no","yes","800","legacy","122","122","0","/Users/tom/github/sft-fraction/results/data/subject-5a.csv","legacy","#757575","low","6","Jazzy James","3.1.9","0","l","NA","space","space","space","l","NA","738","NA","148901","11392","7534","738","NA","2","legacy","1024","2","48000","-16","experiment","5","odd","present","169250","169250","NA","290169","1312","169234","326363","326880","1371","150289","161699","326880","327621","NA","326342","Fraction component detection task","121","81983","123","yes","1280"
"98.3870967742","98.3870967742","665.169354839","665.169354839","#808080","no","legacy","legacy","legacy","0","uniform","1","undefined","undefined","undefined","1","l","0","0","0","123","0","0","123","123","0","0","0","123","123","0","123","Fri Apr 27 13:03:26 2018","#000000","high","2","The main experiment item","yes","","experiment.osexp","/Users/tom/github/sft-fraction/procedure","no","mono","no","24","no","white","no","yes","800","legacy","123","123","0","/Users/tom/github/sft-fraction/results/data/subject-5a.csv","legacy","#000000","high","8","Jazzy James","3.1.9","0","l","NA","space","space","space","l","NA","498","NA","148901","11392","7534","498","NA","2","legacy","1024","2","48000","-16","experiment","5","odd","present","169250","169250","NA","290169","1312","169234","327705","328224","1371","150289","161699","328224","328725","NA","327688","Fraction component detection task","122","82481","124","yes","1280"
"98.4","98.4","665.288","665.288","#808080","no","legacy","legacy","legacy","0","uniform","1","undefined","undefined","undefined","1","l","0","0","0","124","0","0","124","124","0","0","0","124","124","0","124","Fri Apr 27 13:03:26 2018","#757575","low","8","The main experiment item","yes","","experiment.osexp","/Users/tom/github/sft-fraction/procedure","no","mono","no","24","no","white","no","yes","800","legacy","124","124","0","/Users/tom/github/sft-fraction/results/data/subject-5a.csv","legacy","#000000","high","2","Jazzy James","3.1.9","0","l","NA","space","space","space","l","NA","680","NA","148901","11392","7534","680","NA","2","legacy","1024","2","48000","-16","experiment","5","odd","present","169250","169250","NA","290169","1312","169234","328807","329328","1371","150289","161699","329329","330013","NA","328791","Fraction component detection task","123","83161","125","yes","1280"
"98.4126984127","98.4126984127","664.261904762","664.261904762","#808080","no","legacy","legacy","legacy","0","uniform","1","undefined","undefined","undefined","1","l","0","0","0","125","0","0","125","125","0","0","0","125","125","0","125","Fri Apr 27 13:03:26 2018","#757575","low","4","The main experiment item","yes","","experiment.osexp","/Users/tom/github/sft-fraction/procedure","no","mono","no","24","no","white","no","yes","800","legacy","125","125","0","/Users/tom/github/sft-fraction/results/data/subject-5a.csv","legacy","#757575","low","6","Jazzy James","3.1.9","0","l","NA","space","space","space","l","NA","536","NA","148901","11392","7534","536","NA","2","legacy","1024","2","48000","-16","experiment","5","odd","present","169250","169250","NA","290169","1312","169234","330100","330617","1371","150289","161699","330617","331156","NA","330079","Fraction component detection task","124","83697","126","yes","1280"
"98.4251968504","98.4251968504","663.598425197","663.598425197","#808080","no","legacy","legacy","legacy","0","uniform","1","undefined","undefined","undefined","1","l","0","0","0","126","0","0","126","126","0","0","0","126","126","0","126","Fri Apr 27 13:03:26 2018","#000000","high","4","The main experiment item","yes","","experiment.osexp","/Users/tom/github/sft-fraction/procedure","no","mono","no","24","no","white","no","yes","800","legacy","126","126","0","/Users/tom/github/sft-fraction/results/data/subject-5a.csv","legacy","#757575","low","6","Jazzy James","3.1.9","0","l","NA","space","space","space","l","NA","580","NA","148901","11392","7534","580","NA","2","legacy","1024","2","48000","-16","experiment","5","odd","present","169250","169250","NA","290169","1312","169234","331241","331758","1371","150289","161699","331758","332341","NA","331225","Fraction component detection task","125","84277","127","yes","1280"
"98.4375","98.4375","661.796875","661.796875","#808080","no","legacy","legacy","legacy","0","uniform","1","undefined","undefined","undefined","1","a","0","0","0","127","0","0","127","127","0","0","0","127","127","0","127","Fri Apr 27 13:03:26 2018","#757575","low","4","The main experiment item","yes","","experiment.osexp","/Users/tom/github/sft-fraction/procedure","no","mono","no","24","no","white","no","yes","800","legacy","127","127","0","/Users/tom/github/sft-fraction/results/data/subject-5a.csv","legacy","#000000","high","3","Jazzy James","3.1.9","0","a","NA","space","space","space","a","NA","433","NA","148901","11392","7534","433","NA","2","legacy","1024","2","48000","-16","experiment","5","odd","absent","169250","169250","NA","290169","1312","169234","332426","332945","1371","150289","161699","332945","333381","NA","332409","Fraction component detection task","126","84710","128","yes","1280"
"98.4496124031","98.4496124031","661.302325581","661.302325581","#808080","no","legacy","legacy","legacy","0","uniform","1","undefined","undefined","undefined","1","l","0","0","0","128","0","0","128","128","0","0","0","128","128","0","128","Fri Apr 27 13:03:26 2018","#000000","high","3","The main experiment item","yes","","experiment.osexp","/Users/tom/github/sft-fraction/procedure","no","mono","no","24","no","white","no","yes","800","legacy","128","128","0","/Users/tom/github/sft-fraction/results/data/subject-5a.csv","legacy","#757575","low","7","Jazzy James","3.1.9","0","l","NA","space","space","space","l","NA","598","NA","148901","11392","7534","598","NA","2","legacy","1024","2","48000","-16","experiment","5","odd","present","169250","169250","NA","290169","1312","169234","333463","333980","1371","150289","161699","333980","334581","NA","333447","Fraction component detection task","127","85308","129","yes","1280"
"98.4615384615","98.4615384615","660.138461538","660.138461538","#808080","no","legacy","legacy","legacy","0","uniform","1","undefined","undefined","undefined","1","a","0","0","0","129","0","0","129","129","0","0","0","129","129","0","129","Fri Apr 27 13:03:26 2018","#757575","low","3","The main experiment item","yes","","experiment.osexp","/Users/tom/github/sft-fraction/procedure","no","mono","no","24","no","white","no","yes","800","legacy","129","129","0","/Users/tom/github/sft-fraction/results/data/subject-5a.csv","legacy","#000000","high","2","Jazzy James","3.1.9","0","a","NA","space","space","space","a","NA","510","NA","148901","11392","7534","510","NA","2","legacy","1024","2","48000","-16","experiment","5","odd","absent","169250","169250","NA","290169","1312","169234","334662","335181","1371","150289","161699","335181","335694","NA","334646","Fraction component detection task","128","85818","130","yes","1280"
"98.4732824427","98.4732824427","658.946564885","658.946564885","#808080","no","legacy","legacy","legacy","0","uniform","1","undefined","undefined","undefined","1","l","0","0","0","130","0","0","130","130","0","0","0","130","130","0","130","Fri Apr 27 13:03:26 2018","#000000","high","7","The main experiment item","yes","","experiment.osexp","/Users/tom/github/sft-fraction/procedure","no","mono","no","24","no","white","no","yes","800","legacy","130","130","0","/Users/tom/github/sft-fraction/results/data/subject-5a.csv","legacy","#757575","low","2","Jazzy James","3.1.9","0","l","NA","space","space","space","l","NA","504","NA","148901","11392","7534","504","NA","2","legacy","1024","2","48000","-16","experiment","5","odd","present","169250","169250","NA","290169","1312","169234","335778","336299","1371","150289","161699","336299","336806","NA","335763","Fraction component detection task","129","86322","131","yes","1280"
"98.4848484848","98.4848484848","658.545454545","658.545454545","#808080","no","legacy","legacy","legacy","0","uniform","1","undefined","undefined","undefined","1","l","0","0","0","131","0","0","131","131","0","0","0","131","131","0","131","Fri Apr 27 13:03:26 2018","#000000","high","7","The main experiment item","yes","","experiment.osexp","/Users/tom/github/sft-fraction/procedure","no","mono","no","24","no","white","no","yes","800","legacy","131","131","0","/Users/tom/github/sft-fraction/results/data/subject-5a.csv","legacy","#000000","high","2","Jazzy James","3.1.9","0","l","NA","space","space","space","l","NA","606","NA","148901","11392","7534","606","NA","2","legacy","1024","2","48000","-16","experiment","5","odd","present","169250","169250","NA","290169","1312","169234","336896","337412","1371","150289","161699","337412","338021","NA","336880","Fraction component detection task","130","86928","132","yes","1280"
"98.4962406015","98.4962406015","657.691729323","657.691729323","#808080","no","legacy","legacy","legacy","0","uniform","1","undefined","undefined","undefined","1","l","0","0","0","132","0","0","132","132","0","0","0","132","132","0","132","Fri Apr 27 13:03:26 2018","#000000","high","7","The main experiment item","yes","","experiment.osexp","/Users/tom/github/sft-fraction/procedure","no","mono","no","24","no","white","no","yes","800","legacy","132","132","0","/Users/tom/github/sft-fraction/results/data/subject-5a.csv","legacy","#757575","low","8","Jazzy James","3.1.9","0","l","NA","space","space","space","l","NA","545","NA","148901","11392","7534","545","NA","2","legacy","1024","2","48000","-16","experiment","5","odd","present","169250","169250","NA","290169","1312","169234","338108","338625","1371","150289","161699","338625","339173","NA","338088","Fraction component detection task","131","87473","133","yes","1280"
"98.5074626866","98.5074626866","656.231343284","656.231343284","#808080","no","legacy","legacy","legacy","0","uniform","1","undefined","undefined","undefined","1","a","0","0","0","133","0","0","133","133","0","0","0","133","133","0","133","Fri Apr 27 13:03:26 2018","#757575","low","3","The main experiment item","yes","","experiment.osexp","/Users/tom/github/sft-fraction/procedure","no","mono","no","24","no","white","no","yes","800","legacy","133","133","0","/Users/tom/github/sft-fraction/results/data/subject-5a.csv","legacy","#757575","low","4","Jazzy James","3.1.9","0","a","NA","space","space","space","a","NA","462","NA","148901","11392","7534","462","NA","2","legacy","1024","2","48000","-16","experiment","5","odd","absent","169250","169250","NA","290169","1312","169234","339257","339780","1371","150289","161699","339780","340245","NA","339236","Fraction component detection task","132","87935","134","yes","1280"
"98.5185185185","98.5185185185","655.414814815","655.414814815","#808080","no","legacy","legacy","legacy","0","uniform","1","undefined","undefined","undefined","1","a","0","0","0","134","0","0","134","134","0","0","0","134","134","0","134","Fri Apr 27 13:03:26 2018","#757575","low","2","The main experiment item","yes","","experiment.osexp","/Users/tom/github/sft-fraction/procedure","no","mono","no","24","no","white","no","yes","800","legacy","134","134","0","/Users/tom/github/sft-fraction/results/data/subject-5a.csv","legacy","#757575","low","4","Jazzy James","3.1.9","0","a","NA","space","space","space","a","NA","546","NA","148901","11392","7534","546","NA","2","legacy","1024","2","48000","-16","experiment","5","odd","absent","169250","169250","NA","290169","1312","169234","340330","340849","1371","150289","161699","340849","341398","NA","340309","Fraction component detection task","133","88481","135","yes","1280"
"98.5294117647","98.5294117647","654.242647059","654.242647059","#808080","no","legacy","legacy","legacy","0","uniform","1","undefined","undefined","undefined","1","a","0","0","0","135","0","0","135","135","0","0","0","135","135","0","135","Fri Apr 27 13:03:26 2018","#000000","high","2","The main experiment item","yes","","experiment.osexp","/Users/tom/github/sft-fraction/procedure","no","mono","no","24","no","white","no","yes","800","legacy","135","135","0","/Users/tom/github/sft-fraction/results/data/subject-5a.csv","legacy","#000000","high","4","Jazzy James","3.1.9","0","a","NA","space","space","space","a","NA","496","NA","148901","11392","7534","496","NA","2","legacy","1024","2","48000","-16","experiment","5","odd","absent","169250","169250","NA","290169","1312","169234","341487","342003","1371","150289","161699","342003","342503","NA","341467","Fraction component detection task","134","88977","136","yes","1280"
"98.5401459854","98.5401459854","653.489051095","653.489051095","#808080","no","legacy","legacy","legacy","0","uniform","1","undefined","undefined","undefined","1","l","0","0","0","136","0","0","136","136","0","0","0","136","136","0","136","Fri Apr 27 13:03:26 2018","#000000","high","6","The main experiment item","yes","","experiment.osexp","/Users/tom/github/sft-fraction/procedure","no","mono","no","24","no","white","no","yes","800","legacy","136","136","0","/Users/tom/github/sft-fraction/results/data/subject-5a.csv","legacy","#000000","high","8","Jazzy James","3.1.9","0","l","NA","space","space","space","l","NA","551","NA","148901","11392","7534","551","NA","2","legacy","1024","2","48000","-16","experiment","5","odd","present","169250","169250","NA","290169","1312","169234","342591","343107","1371","150289","161699","343108","343662","NA","342572","Fraction component detection task","135","89528","137","yes","1280"
"98.5507246377","98.5507246377","652.746376812","652.746376812","#808080","no","legacy","legacy","legacy","0","uniform","1","undefined","undefined","undefined","1","l","0","0","0","137","0","0","137","137","0","0","0","137","137","0","137","Fri Apr 27 13:03:26 2018","#000000","high","7","The main experiment item","yes","","experiment.osexp","/Users/tom/github/sft-fraction/procedure","no","mono","no","24","no","white","no","yes","800","legacy","137","137","0","/Users/tom/github/sft-fraction/results/data/subject-5a.csv","legacy","#000000","high","3","Jazzy James","3.1.9","0","l","NA","space","space","space","l","NA","551","NA","148901","11392","7534","551","NA","2","legacy","1024","2","48000","-16","experiment","5","odd","present","169250","169250","NA","290169","1312","169234","343746","344268","1371","150289","161699","344268","344822","NA","343725","Fraction component detection task","136","90079","138","yes","1280"
"98.5611510791","98.5611510791","652.064748201","652.064748201","#808080","no","legacy","legacy","legacy","0","uniform","1","undefined","undefined","undefined","1","a","0","0","0","138","0","0","138","138","0","0","0","138","138","0","138","Fri Apr 27 13:03:26 2018","#757575","low","2","The main experiment item","yes","","experiment.osexp","/Users/tom/github/sft-fraction/procedure","no","mono","no","24","no","white","no","yes","800","legacy","138","138","0","/Users/tom/github/sft-fraction/results/data/subject-5a.csv","legacy","#000000","high","2","Jazzy James","3.1.9","0","a","NA","space","space","space","a","NA","558","NA","148901","11392","7534","558","NA","2","legacy","1024","2","48000","-16","experiment","5","odd","absent","169250","169250","NA","290169","1312","169234","344904","345420","1371","150289","161699","345421","345982","NA","344889","Fraction component detection task","137","90637","139","yes","1280"
"98.5714285714","98.5714285714","651.55","651.55","#808080","no","legacy","legacy","legacy","0","uniform","1","undefined","undefined","undefined","1","l","0","0","0","139","0","0","139","139","0","0","0","139","139","0","139","Fri Apr 27 13:03:26 2018","#000000","high","7","The main experiment item","yes","","experiment.osexp","/Users/tom/github/sft-fraction/procedure","no","mono","no","24","no","white","no","yes","800","legacy","139","139","0","/Users/tom/github/sft-fraction/results/data/subject-5a.csv","legacy","#000000","high","4","Jazzy James","3.1.9","0","l","NA","space","space","space","l","NA","580","NA","148901","11392","7534","580","NA","2","legacy","1024","2","48000","-16","experiment","5","odd","present","169250","169250","NA","290169","1312","169234","346060","346582","1371","150289","161699","346582","347168","NA","346045","Fraction component detection task","138","91217","140","yes","1280"
"98.5815602837","98.5815602837","650.638297872","650.638297872","#808080","no","legacy","legacy","legacy","0","uniform","1","undefined","undefined","undefined","1","l","0","0","0","140","0","0","140","140","0","0","0","140","140","0","140","Fri Apr 27 13:03:26 2018","#757575","low","3","The main experiment item","yes","","experiment.osexp","/Users/tom/github/sft-fraction/procedure","no","mono","no","24","no","white","no","yes","800","legacy","140","140","0","/Users/tom/github/sft-fraction/results/data/subject-5a.csv","legacy","#757575","low","7","Jazzy James","3.1.9","0","l","NA","space","space","space","l","NA","523","NA","148901","11392","7534","523","NA","2","legacy","1024","2","48000","-16","experiment","5","odd","present","169250","169250","NA","290169","1312","169234","347249","347767","1371","150289","161699","347767","348293","NA","347233","Fraction component detection task","139","91740","141","yes","1280"
"98.5915492958","98.5915492958","649.23943662","649.23943662","#808080","no","legacy","legacy","legacy","0","uniform","1","undefined","undefined","undefined","1","l","0","0","0","141","0","0","141","141","0","0","0","141","141","0","141","Fri Apr 27 13:03:26 2018","#000000","high","2","The main experiment item","yes","","experiment.osexp","/Users/tom/github/sft-fraction/procedure","no","mono","no","24","no","white","no","yes","800","legacy","141","141","0","/Users/tom/github/sft-fraction/results/data/subject-5a.csv","legacy","#757575","low","7","Jazzy James","3.1.9","0","l","NA","space","space","space","l","NA","452","NA","148901","11392","7534","452","NA","2","legacy","1024","2","48000","-16","experiment","5","odd","present","169250","169250","NA","290169","1312","169234","348374","348895","1371","150289","161699","348895","349351","NA","348359","Fraction component detection task","140","92192","142","yes","1280"
"98.6013986014","98.6013986014","648.048951049","648.048951049","#808080","no","legacy","legacy","legacy","0","uniform","1","undefined","undefined","undefined","1","a","0","0","0","142","0","0","142","142","0","0","0","142","142","0","142","Fri Apr 27 13:03:26 2018","#000000","high","2","The main experiment item","yes","","experiment.osexp","/Users/tom/github/sft-fraction/procedure","no","mono","no","24","no","white","no","yes","800","legacy","142","142","0","/Users/tom/github/sft-fraction/results/data/subject-5a.csv","legacy","#757575","low","2","Jazzy James","3.1.9","0","a","NA","space","space","space","a","NA","479","NA","148901","11392","7534","479","NA","2","legacy","1024","2","48000","-16","experiment","5","odd","absent","169250","169250","NA","290169","1312","169234","349440","349956","1371","150289","161699","349956","350439","NA","349420","Fraction component detection task","141","92671","143","yes","1280"
"98.6111111111","98.6111111111","647.111111111","647.111111111","#808080","no","legacy","legacy","legacy","0","uniform","1","undefined","undefined","undefined","1","l","0","0","0","143","0","0","143","143","0","0","0","143","143","0","143","Fri Apr 27 13:03:26 2018","#000000","high","7","The main experiment item","yes","","experiment.osexp","/Users/tom/github/sft-fraction/procedure","no","mono","no","24","no","white","no","yes","800","legacy","143","143","0","/Users/tom/github/sft-fraction/results/data/subject-5a.csv","legacy","#757575","low","6","Jazzy James","3.1.9","0","l","NA","space","space","space","l","NA","513","NA","148901","11392","7534","513","NA","2","legacy","1024","2","48000","-16","experiment","5","odd","present","169250","169250","NA","290169","1312","169234","350523","351041","1371","150289","161699","351042","351559","NA","350507","Fraction component detection task","142","93184","144","yes","1280"
"98.6206896552","98.6206896552","646.744827586","646.744827586","#808080","no","legacy","legacy","legacy","0","uniform","1","undefined","undefined","undefined","1","l","0","0","0","144","0","0","144","144","0","0","0","144","144","0","144","Fri Apr 27 13:03:26 2018","#000000","high","8","The main experiment item","yes","","experiment.osexp","/Users/tom/github/sft-fraction/procedure","no","mono","no","24","no","white","no","yes","800","legacy","144","144","0","/Users/tom/github/sft-fraction/results/data/subject-5a.csv","legacy","#000000","high","6","Jazzy James","3.1.9","0","l","NA","space","space","space","l","NA","594","NA","148901","11392","7534","594","NA","2","legacy","1024","2","48000","-16","experiment","5","odd","present","169250","169250","NA","290169","1312","169234","351643","352161","1371","150289","161699","352161","352759","NA","351627","Fraction component detection task","143","93778","145","yes","1280"
"98.6301369863","98.6301369863","646.246575342","646.246575342","#808080","no","legacy","legacy","legacy","0","uniform","1","undefined","undefined","undefined","1","l","0","0","0","145","0","0","145","145","0","0","0","145","145","0","145","Fri Apr 27 13:03:26 2018","#757575","low","7","The main experiment item","yes","","experiment.osexp","/Users/tom/github/sft-fraction/procedure","no","mono","no","24","no","white","no","yes","800","legacy","145","145","0","/Users/tom/github/sft-fraction/results/data/subject-5a.csv","legacy","#000000","high","6","Jazzy James","3.1.9","0","l","NA","space","space","space","l","NA","574","NA","148901","11392","7534","574","NA","2","legacy","1024","2","48000","-16","experiment","5","odd","present","169250","169250","NA","290169","1312","169234","352849","353365","1371","150289","161699","353366","353945","NA","352829","Fraction component detection task","144","94352","146","yes","1280"
"98.6394557823","98.6394557823","645.013605442","645.013605442","#808080","no","legacy","legacy","legacy","0","uniform","1","undefined","undefined","undefined","1","a","0","0","0","146","0","0","146","146","0","0","0","146","146","0","146","Fri Apr 27 13:03:26 2018","#000000","high","3","The main experiment item","yes","","experiment.osexp","/Users/tom/github/sft-fraction/procedure","no","mono","no","24","no","white","no","yes","800","legacy","146","146","0","/Users/tom/github/sft-fraction/results/data/subject-5a.csv","legacy","#000000","high","2","Jazzy James","3.1.9","0","a","NA","space","space","space","a","NA","465","NA","148901","11392","7534","465","NA","2","legacy","1024","2","48000","-16","experiment","5","odd","absent","169250","169250","NA","290169","1312","169234","354029","354546","1371","150289","161699","354546","355015","NA","354008","Fraction component detection task","145","94817","147","yes","1280"
"98.6486486486","98.6486486486","644.5","644.5","#808080","no","legacy","legacy","legacy","0","uniform","1","undefined","undefined","undefined","1","l","0","0","0","147","0","0","147","147","0","0","0","147","147","0","147","Fri Apr 27 13:03:26 2018","#000000","high","3","The main experiment item","yes","","experiment.osexp","/Users/tom/github/sft-fraction/procedure","no","mono","no","24","no","white","no","yes","800","legacy","147","147","0","/Users/tom/github/sft-fraction/results/data/subject-5a.csv","legacy","#000000","high","7","Jazzy James","3.1.9","0","l","NA","space","space","space","l","NA","569","NA","148901","11392","7534","569","NA","2","legacy","1024","2","48000","-16","experiment","5","odd","present","169250","169250","NA","290169","1312","169234","355101","355618","1371","150289","161699","355618","356190","NA","355081","Fraction component detection task","146","95386","148","yes","1280"
"98.6577181208","98.6577181208","643.859060403","643.859060403","#808080","no","legacy","legacy","legacy","0","uniform","1","undefined","undefined","undefined","1","l","0","0","0","148","0","0","148","148","0","0","0","148","148","0","148","Fri Apr 27 13:03:26 2018","#000000","high","7","The main experiment item","yes","","experiment.osexp","/Users/tom/github/sft-fraction/procedure","no","mono","no","24","no","white","no","yes","800","legacy","148","148","0","/Users/tom/github/sft-fraction/results/data/subject-5a.csv","legacy","#000000","high","6","Jazzy James","3.1.9","0","l","NA","space","space","space","l","NA","549","NA","148901","11392","7534","549","NA","2","legacy","1024","2","48000","-16","experiment","5","odd","present","169250","169250","NA","290169","1312","169234","356280","356798","1371","150289","161699","356799","357351","NA","356260","Fraction component detection task","147","95935","149","yes","1280"
"98.6666666667","98.6666666667","642.673333333","642.673333333","#808080","no","legacy","legacy","legacy","0","uniform","1","undefined","undefined","undefined","1","l","0","0","0","149","0","0","149","149","0","0","0","149","149","0","149","Fri Apr 27 13:03:26 2018","#757575","low","7","The main experiment item","yes","","experiment.osexp","/Users/tom/github/sft-fraction/procedure","no","mono","no","24","no","white","no","yes","800","legacy","149","149","0","/Users/tom/github/sft-fraction/results/data/subject-5a.csv","legacy","#000000","high","7","Jazzy James","3.1.9","0","l","NA","space","space","space","l","NA","466","NA","148901","11392","7534","466","NA","2","legacy","1024","2","48000","-16","experiment","5","odd","present","169250","169250","NA","290169","1312","169234","357435","357953","1371","150289","161699","357954","358423","NA","357414","Fraction component detection task","148","96401","150","yes","1280"
"98.6754966887","98.6754966887","642.112582781","642.112582781","#808080","no","legacy","legacy","legacy","0","uniform","1","undefined","undefined","undefined","1","a","0","0","0","150","0","0","150","150","0","0","0","150","150","0","150","Fri Apr 27 13:03:26 2018","#000000","high","2","The main experiment item","yes","","experiment.osexp","/Users/tom/github/sft-fraction/procedure","no","mono","no","24","no","white","no","yes","800","legacy","150","150","0","/Users/tom/github/sft-fraction/results/data/subject-5a.csv","legacy","#757575","low","2","Jazzy James","3.1.9","0","a","NA","space","space","space","a","NA","558","NA","148901","11392","7534","558","NA","2","legacy","1024","2","48000","-16","experiment","5","odd","absent","169250","169250","NA","290169","1312","169234","358514","359030","1371","150289","161699","359030","359591","NA","358495","Fraction component detection task","149","96959","151","yes","1280"
"98.6842105263","98.6842105263","643.039473684","643.039473684","#808080","no","legacy","legacy","legacy","0","uniform","1","undefined","undefined","undefined","1","a","0","0","0","151","0","0","151","151","0","0","0","151","151","0","151","Fri Apr 27 13:03:26 2018","#000000","high","4","The main experiment item","yes","","experiment.osexp","/Users/tom/github/sft-fraction/procedure","no","mono","no","24","no","white","no","yes","800","legacy","151","151","0","/Users/tom/github/sft-fraction/results/data/subject-5a.csv","legacy","#757575","low","3","Jazzy James","3.1.9","0","a","NA","space","space","space","a","NA","783","NA","148901","11392","7534","783","NA","2","legacy","1024","2","48000","-16","experiment","5","odd","absent","169250","169250","NA","290169","1312","169234","359680","360197","1371","150289","161699","360197","360983","NA","359661","Fraction component detection task","150","97742","152","yes","1280"
"98.6928104575","98.6928104575","642.366013072","642.366013072","#808080","no","legacy","legacy","legacy","0","uniform","1","undefined","undefined","undefined","1","l","0","0","0","152","0","0","152","152","0","0","0","152","152","0","152","Fri Apr 27 13:03:26 2018","#757575","low","3","The main experiment item","yes","","experiment.osexp","/Users/tom/github/sft-fraction/procedure","no","mono","no","24","no","white","no","yes","800","legacy","152","152","0","/Users/tom/github/sft-fraction/results/data/subject-5a.csv","legacy","#757575","low","8","Jazzy James","3.1.9","0","l","NA","space","space","space","l","NA","540","NA","148901","11392","7534","540","NA","2","legacy","1024","2","48000","-16","experiment","5","odd","present","169250","169250","NA","290169","1312","169234","361061","361582","1371","150289","161699","361583","362126","NA","361046","Fraction component detection task","151","98282","153","yes","1280"
"98.7012987013","98.7012987013","641.616883117","641.616883117","#808080","no","legacy","legacy","legacy","0","uniform","1","undefined","undefined","undefined","1","l","0","0","0","153","0","0","153","153","0","0","0","153","153","0","153","Fri Apr 27 13:03:26 2018","#000000","high","8","The main experiment item","yes","","experiment.osexp","/Users/tom/github/sft-fraction/procedure","no","mono","no","24","no","white","no","yes","800","legacy","153","153","0","/Users/tom/github/sft-fraction/results/data/subject-5a.csv","legacy","#757575","low","8","Jazzy James","3.1.9","0","l","NA","space","space","space","l","NA","527","NA","148901","11392","7534","527","NA","2","legacy","1024","2","48000","-16","experiment","5","odd","present","169250","169250","NA","290169","1312","169234","362206","362724","1371","150289","161699","362724","363255","NA","362190","Fraction component detection task","152","98809","154","yes","1280"
"98.7096774194","98.7096774194","640.329032258","640.329032258","#808080","no","legacy","legacy","legacy","0","uniform","1","undefined","undefined","undefined","1","a","0","0","0","154","0","0","154","154","0","0","0","154","154","0","154","Fri Apr 27 13:03:26 2018","#000000","high","4","The main experiment item","yes","","experiment.osexp","/Users/tom/github/sft-fraction/procedure","no","mono","no","24","no","white","no","yes","800","legacy","154","154","0","/Users/tom/github/sft-fraction/results/data/subject-5a.csv","legacy","#000000","high","4","Jazzy James","3.1.9","0","a","NA","space","space","space","a","NA","442","NA","148901","11392","7534","442","NA","2","legacy","1024","2","48000","-16","experiment","5","odd","absent","169250","169250","NA","290169","1312","169234","363339","363857","1371","150289","161699","363857","364303","NA","363319","Fraction component detection task","153","99251","155","yes","1280"
"98.7179487179","98.7179487179","639.391025641","639.391025641","#808080","no","legacy","legacy","legacy","0","uniform","1","undefined","undefined","undefined","1","l","0","0","0","155","0","0","155","155","0","0","0","155","155","0","155","Fri Apr 27 13:03:26 2018","#000000","high","7","The main experiment item","yes","","experiment.osexp","/Users/tom/github/sft-fraction/procedure","no","mono","no","24","no","white","no","yes","800","legacy","155","155","0","/Users/tom/github/sft-fraction/results/data/subject-5a.csv","legacy","#000000","high","7","Jazzy James","3.1.9","0","l","NA","space","space","space","l","NA","494","NA","148901","11392","7534","494","NA","2","legacy","1024","2","48000","-16","experiment","5","odd","present","169250","169250","NA","290169","1312","169234","364385","364902","1371","150289","161699","364902","365400","NA","364369","Fraction component detection task","154","99745","156","yes","1280"
"98.7261146497","98.7261146497","638.668789809","638.668789809","#808080","no","legacy","legacy","legacy","0","uniform","1","undefined","undefined","undefined","1","l","0","0","0","156","0","0","156","156","0","0","0","156","156","0","156","Fri Apr 27 13:03:26 2018","#757575","low","8","The main experiment item","yes","","experiment.osexp","/Users/tom/github/sft-fraction/procedure","no","mono","no","24","no","white","no","yes","800","legacy","156","156","0","/Users/tom/github/sft-fraction/results/data/subject-5a.csv","legacy","#757575","low","8","Jazzy James","3.1.9","0","l","NA","space","space","space","l","NA","526","NA","148901","11392","7534","526","NA","2","legacy","1024","2","48000","-16","experiment","5","odd","present","169250","169250","NA","290169","1312","169234","365480","365998","1371","150289","161699","365998","366528","NA","365465","Fraction component detection task","155","100271","157","yes","1280"
"98.7341772152","98.7341772152","638.639240506","638.639240506","#808080","no","legacy","legacy","legacy","0","uniform","1","undefined","undefined","undefined","1","l","0","0","0","157","0","0","157","157","0","0","0","157","157","0","157","Fri Apr 27 13:03:26 2018","#757575","low","4","The main experiment item","yes","","experiment.osexp","/Users/tom/github/sft-fraction/procedure","no","mono","no","24","no","white","no","yes","800","legacy","157","157","0","/Users/tom/github/sft-fraction/results/data/subject-5a.csv","legacy","#757575","low","8","Jazzy James","3.1.9","0","l","NA","space","space","space","l","NA","634","NA","148901","11392","7534","634","NA","2","legacy","1024","2","48000","-16","experiment","5","odd","present","169250","169250","NA","290169","1312","169234","366611","367130","1371","150289","161699","367130","367768","NA","366591","Fraction component detection task","156","100905","158","yes","1280"
"98.1132075472","98.1132075472","637.981132075","637.981132075","#808080","no","legacy","legacy","legacy","0","uniform","0","undefined","undefined","undefined","0","l","0","0","0","158","0","0","158","158","0","0","0","158","158","0","158","Fri Apr 27 13:03:26 2018","#757575","low","8","The main experiment item","yes","","experiment.osexp","/Users/tom/github/sft-fraction/procedure","no","mono","no","24","no","white","no","yes","800","legacy","158","158","0","/Users/tom/github/sft-fraction/results/data/subject-5a.csv","legacy","#757575","low","3","Jazzy James","3.1.9","0","a","NA","space","space","space","a","NA","534","NA","148901","11392","7534","534","NA","2","legacy","1024","2","48000","-16","experiment","5","odd","present","169250","169250","NA","290169","1312","169234","367850","368366","1371","150289","161699","368366","368905","NA","367834","Fraction component detection task","156","101439","159","yes","1280"
"98.125","98.125","642.33125","642.33125","#808080","no","legacy","legacy","legacy","0","uniform","1","undefined","undefined","undefined","1","l","0","0","0","159","0","0","159","159","0","0","0","159","159","0","159","Fri Apr 27 13:03:26 2018","#757575","low","6","The main experiment item","yes","","experiment.osexp","/Users/tom/github/sft-fraction/procedure","no","mono","no","24","no","white","no","yes","800","legacy","159","159","0","/Users/tom/github/sft-fraction/results/data/subject-5a.csv","legacy","#757575","low","6","Jazzy James","3.1.9","0","l","NA","space","space","space","l","NA","1334","NA","148901","11392","7534","1334","NA","2","legacy","1024","2","48000","-16","experiment","5","odd","present","169250","169250","NA","368926","1312","169234","370007","370526","1371","150289","161699","370526","371864","NA","369988","Fraction component detection task","157","102773","160","yes","1280"
"98.1366459627","98.1366459627","643.677018634","643.677018634","#808080","no","legacy","legacy","legacy","0","uniform","1","undefined","undefined","undefined","1","a","0","0","0","160","0","0","160","160","0","0","0","160","160","0","160","Fri Apr 27 13:03:26 2018","#757575","low","2","The main experiment item","yes","","experiment.osexp","/Users/tom/github/sft-fraction/procedure","no","mono","no","24","no","white","no","yes","800","legacy","160","160","0","/Users/tom/github/sft-fraction/results/data/subject-5a.csv","legacy","#000000","high","4","Jazzy James","3.1.9","0","a","NA","space","space","space","a","NA","859","NA","148901","11392","7534","859","NA","2","legacy","1024","2","48000","-16","experiment","5","odd","absent","169250","169250","NA","368926","1312","169234","371947","372466","1371","150289","161699","372466","373329","NA","371927","Fraction component detection task","158","103632","161","yes","1280"
"98.1481481481","98.1481481481","645.839506173","645.839506173","#808080","no","legacy","legacy","legacy","0","uniform","1","undefined","undefined","undefined","1","l","0","0","0","161","0","0","161","161","0","0","0","161","161","0","161","Fri Apr 27 13:03:26 2018","#000000","high","2","The main experiment item","yes","","experiment.osexp","/Users/tom/github/sft-fraction/procedure","no","mono","no","24","no","white","no","yes","800","legacy","161","161","0","/Users/tom/github/sft-fraction/results/data/subject-5a.csv","legacy","#757575","low","6","Jazzy James","3.1.9","0","l","NA","space","space","space","l","NA","994","NA","148901","11392","7534","994","NA","2","legacy","1024","2","48000","-16","experiment","5","odd","present","169250","169250","NA","368926","1312","169234","373411","373930","1371","150289","161699","373931","374928","NA","373393","Fraction component detection task","159","104626","162","yes","1280"
"98.1595092025","98.1595092025","645.871165644","645.871165644","#808080","no","legacy","legacy","legacy","0","uniform","1","undefined","undefined","undefined","1","a","0","0","0","162","0","0","162","162","0","0","0","162","162","0","162","Fri Apr 27 13:03:26 2018","#757575","low","3","The main experiment item","yes","","experiment.osexp","/Users/tom/github/sft-fraction/procedure","no","mono","no","24","no","white","no","yes","800","legacy","162","162","0","/Users/tom/github/sft-fraction/results/data/subject-5a.csv","legacy","#000000","high","2","Jazzy James","3.1.9","0","a","NA","space","space","space","a","NA","651","NA","148901","11392","7534","651","NA","2","legacy","1024","2","48000","-16","experiment","5","odd","absent","169250","169250","NA","368926","1312","169234","375010","375529","1371","150289","161699","375529","376186","NA","374991","Fraction component detection task","160","105277","163","yes","1280"
"98.1707317073","98.1707317073","645.262195122","645.262195122","#808080","no","legacy","legacy","legacy","0","uniform","1","undefined","undefined","undefined","1","l","0","0","0","163","0","0","163","163","0","0","0","163","163","0","163","Fri Apr 27 13:03:26 2018","#000000","high","2","The main experiment item","yes","","experiment.osexp","/Users/tom/github/sft-fraction/procedure","no","mono","no","24","no","white","no","yes","800","legacy","163","163","0","/Users/tom/github/sft-fraction/results/data/subject-5a.csv","legacy","#000000","high","6","Jazzy James","3.1.9","0","l","NA","space","space","space","l","NA","546","NA","148901","11392","7534","546","NA","2","legacy","1024","2","48000","-16","experiment","5","odd","present","169250","169250","NA","368926","1312","169234","376269","376787","1371","150289","161699","376787","377337","NA","376250","Fraction component detection task","161","105823","164","yes","1280"
"98.1818181818","98.1818181818","645.224242424","645.224242424","#808080","no","legacy","legacy","legacy","0","uniform","1","undefined","undefined","undefined","1","a","0","0","0","164","0","0","164","164","0","0","0","164","164","0","164","Fri Apr 27 13:03:26 2018","#000000","high","3","The main experiment item","yes","","experiment.osexp","/Users/tom/github/sft-fraction/procedure","no","mono","no","24","no","white","no","yes","800","legacy","164","164","0","/Users/tom/github/sft-fraction/results/data/subject-5a.csv","legacy","#000000","high","4","Jazzy James","3.1.9","0","a","NA","space","space","space","a","NA","639","NA","148901","11392","7534","639","NA","2","legacy","1024","2","48000","-16","experiment","5","odd","absent","169250","169250","NA","368926","1312","169234","377426","377942","1371","150289","161699","377942","378584","NA","377406","Fraction component detection task","162","106462","165","yes","1280"
"98.1927710843","98.1927710843","644.234939759","644.234939759","#808080","no","legacy","legacy","legacy","0","uniform","1","undefined","undefined","undefined","1","a","0","0","0","165","0","0","165","165","0","0","0","165","165","0","165","Fri Apr 27 13:03:26 2018","#757575","low","4","The main experiment item","yes","","experiment.osexp","/Users/tom/github/sft-fraction/procedure","no","mono","no","24","no","white","no","yes","800","legacy","165","165","0","/Users/tom/github/sft-fraction/results/data/subject-5a.csv","legacy","#757575","low","3","Jazzy James","3.1.9","0","a","NA","space","space","space","a","NA","481","NA","148901","11392","7534","481","NA","2","legacy","1024","2","48000","-16","experiment","5","odd","absent","169250","169250","NA","368926","1312","169234","378672","379188","1371","150289","161699","379188","379674","NA","378650","Fraction component detection task","163","106943","166","yes","1280"
"98.2035928144","98.2035928144","643.407185629","643.407185629","#808080","no","legacy","legacy","legacy","0","uniform","1","undefined","undefined","undefined","1","a","0","0","0","166","0","0","166","166","0","0","0","166","166","0","166","Fri Apr 27 13:03:26 2018","#757575","low","3","The main experiment item","yes","","experiment.osexp","/Users/tom/github/sft-fraction/procedure","no","mono","no","24","no","white","no","yes","800","legacy","166","166","0","/Users/tom/github/sft-fraction/results/data/subject-5a.csv","legacy","#757575","low","3","Jazzy James","3.1.9","0","a","NA","space","space","space","a","NA","506","NA","148901","11392","7534","506","NA","2","legacy","1024","2","48000","-16","experiment","5","odd","absent","169250","169250","NA","368926","1312","169234","379759","380283","1371","150289","161699","380283","380794","NA","379744","Fraction component detection task","164","107449","167","yes","1280"
"98.2142857143","98.2142857143","642.547619048","642.547619048","#808080","no","legacy","legacy","legacy","0","uniform","1","undefined","undefined","undefined","1","l","0","0","0","167","0","0","167","167","0","0","0","167","167","0","167","Fri Apr 27 13:03:26 2018","#000000","high","3","The main experiment item","yes","","experiment.osexp","/Users/tom/github/sft-fraction/procedure","no","mono","no","24","no","white","no","yes","800","legacy","167","167","0","/Users/tom/github/sft-fraction/results/data/subject-5a.csv","legacy","#757575","low","8","Jazzy James","3.1.9","0","l","NA","space","space","space","l","NA","499","NA","148901","11392","7534","499","NA","2","legacy","1024","2","48000","-16","experiment","5","odd","present","169250","169250","NA","368926","1312","169234","380878","381394","1371","150289","161699","381394","381897","NA","380862","Fraction component detection task","165","107948","168","yes","1280"
"98.224852071","98.224852071","643.49704142","643.49704142","#808080","no","legacy","legacy","legacy","0","uniform","1","undefined","undefined","undefined","1","a","0","0","0","168","0","0","168","168","0","0","0","168","168","0","168","Fri Apr 27 13:03:26 2018","#000000","high","4","The main experiment item","yes","","experiment.osexp","/Users/tom/github/sft-fraction/procedure","no","mono","no","24","no","white","no","yes","800","legacy","168","168","0","/Users/tom/github/sft-fraction/results/data/subject-5a.csv","legacy","#757575","low","3","Jazzy James","3.1.9","0","a","NA","space","space","space","a","NA","803","NA","148901","11392","7534","803","NA","2","legacy","1024","2","48000","-16","experiment","5","odd","absent","169250","169250","NA","368926","1312","169234","381986","382505","1371","150289","161699","382505","383312","NA","381966","Fraction component detection task","166","108751","169","yes","1280"
"98.2352941176","98.2352941176","643.623529412","643.623529412","#808080","no","legacy","legacy","legacy","0","uniform","1","undefined","undefined","undefined","1","l","0","0","0","169","0","0","169","169","0","0","0","169","169","0","169","Fri Apr 27 13:03:26 2018","#000000","high","6","The main experiment item","yes","","experiment.osexp","/Users/tom/github/sft-fraction/procedure","no","mono","no","24","no","white","no","yes","800","legacy","169","169","0","/Users/tom/github/sft-fraction/results/data/subject-5a.csv","legacy","#000000","high","4","Jazzy James","3.1.9","0","l","NA","space","space","space","l","NA","665","NA","148901","11392","7534","665","NA","2","legacy","1024","2","48000","-16","experiment","5","odd","present","169250","169250","NA","368926","1312","169234","383399","383916","1371","150289","161699","383916","384585","NA","383375","Fraction component detection task","167","109416","170","yes","1280"
"98.2456140351","98.2456140351","644.081871345","644.081871345","#808080","no","legacy","legacy","legacy","0","uniform","1","undefined","undefined","undefined","1","l","0","0","0","170","0","0","170","170","0","0","0","170","170","0","170","Fri Apr 27 13:03:26 2018","#000000","high","7","The main experiment item","yes","","experiment.osexp","/Users/tom/github/sft-fraction/procedure","no","mono","no","24","no","white","no","yes","800","legacy","170","170","0","/Users/tom/github/sft-fraction/results/data/subject-5a.csv","legacy","#000000","high","8","Jazzy James","3.1.9","0","l","NA","space","space","space","l","NA","722","NA","148901","11392","7534","722","NA","2","legacy","1024","2","48000","-16","experiment","5","odd","present","169250","169250","NA","368926","1312","169234","384669","385187","1371","150289","161699","385187","385914","NA","384648","Fraction component detection task","168","110138","171","yes","1280"
"98.2558139535","98.2558139535","643.441860465","643.441860465","#808080","no","legacy","legacy","legacy","0","uniform","1","undefined","undefined","undefined","1","l","0","0","0","171","0","0","171","171","0","0","0","171","171","0","171","Fri Apr 27 13:03:26 2018","#000000","high","8","The main experiment item","yes","","experiment.osexp","/Users/tom/github/sft-fraction/procedure","no","mono","no","24","no","white","no","yes","800","legacy","171","171","0","/Users/tom/github/sft-fraction/results/data/subject-5a.csv","legacy","#000000","high","4","Jazzy James","3.1.9","0","l","NA","space","space","space","l","NA","534","NA","148901","11392","7534","534","NA","2","legacy","1024","2","48000","-16","experiment","5","odd","present","169250","169250","NA","368926","1312","169234","386002","386519","1371","150289","161699","386519","387058","NA","385984","Fraction component detection task","169","110672","172","yes","1280"
"98.2658959538","98.2658959538","643.687861272","643.687861272","#808080","no","legacy","legacy","legacy","0","uniform","1","undefined","undefined","undefined","1","a","0","0","0","172","0","0","172","172","0","0","0","172","172","0","172","Fri Apr 27 13:03:26 2018","#000000","high","3","The main experiment item","yes","","experiment.osexp","/Users/tom/github/sft-fraction/procedure","no","mono","no","24","no","white","no","yes","800","legacy","172","172","0","/Users/tom/github/sft-fraction/results/data/subject-5a.csv","legacy","#757575","low","4","Jazzy James","3.1.9","0","a","NA","space","space","space","a","NA","686","NA","148901","11392","7534","686","NA","2","legacy","1024","2","48000","-16","experiment","5","odd","absent","169250","169250","NA","368926","1312","169234","387147","387663","1371","150289","161699","387663","388353","NA","387124","Fraction component detection task","170","111358","173","yes","1280"
"98.275862069","98.275862069","642.517241379","642.517241379","#808080","no","legacy","legacy","legacy","0","uniform","1","undefined","undefined","undefined","1","a","0","0","0","173","0","0","173","173","0","0","0","173","173","0","173","Fri Apr 27 13:03:26 2018","#757575","low","4","The main experiment item","yes","","experiment.osexp","/Users/tom/github/sft-fraction/procedure","no","mono","no","24","no","white","no","yes","800","legacy","173","173","0","/Users/tom/github/sft-fraction/results/data/subject-5a.csv","legacy","#757575","low","4","Jazzy James","3.1.9","0","a","NA","space","space","space","a","NA","440","NA","148901","11392","7534","440","NA","2","legacy","1024","2","48000","-16","experiment","5","odd","absent","169250","169250","NA","368926","1312","169234","388440","388957","1371","150289","161699","388957","389401","NA","388420","Fraction component detection task","171","111798","174","yes","1280"
"98.2857142857","98.2857142857","642.325714286","642.325714286","#808080","no","legacy","legacy","legacy","0","uniform","1","undefined","undefined","undefined","1","l","0","0","0","174","0","0","174","174","0","0","0","174","174","0","174","Fri Apr 27 13:03:26 2018","#000000","high","8","The main experiment item","yes","","experiment.osexp","/Users/tom/github/sft-fraction/procedure","no","mono","no","24","no","white","no","yes","800","legacy","174","174","0","/Users/tom/github/sft-fraction/results/data/subject-5a.csv","legacy","#000000","high","2","Jazzy James","3.1.9","0","l","NA","space","space","space","l","NA","609","NA","148901","11392","7534","609","NA","2","legacy","1024","2","48000","-16","experiment","5","odd","present","169250","169250","NA","368926","1312","169234","389486","390004","1371","150289","161699","390004","390617","NA","389466","Fraction component detection task","172","112407","175","yes","1280"
"98.2954545455","98.2954545455","642.471590909","642.471590909","#808080","no","legacy","legacy","legacy","0","uniform","1","undefined","undefined","undefined","1","l","0","0","0","175","0","0","175","175","0","0","0","175","175","0","175","Fri Apr 27 13:03:26 2018","#757575","low","7","The main experiment item","yes","","experiment.osexp","/Users/tom/github/sft-fraction/procedure","no","mono","no","24","no","white","no","yes","800","legacy","175","175","0","/Users/tom/github/sft-fraction/results/data/subject-5a.csv","legacy","#757575","low","7","Jazzy James","3.1.9","0","l","NA","space","space","space","l","NA","668","NA","148901","11392","7534","668","NA","2","legacy","1024","2","48000","-16","experiment","5","odd","present","169250","169250","NA","368926","1312","169234","390699","391218","1371","150289","161699","391218","391889","NA","390683","Fraction component detection task","173","113075","176","yes","1280"
"98.3050847458","98.3050847458","642.192090395","642.192090395","#808080","no","legacy","legacy","legacy","0","uniform","1","undefined","undefined","undefined","1","a","0","0","0","176","0","0","176","176","0","0","0","176","176","0","176","Fri Apr 27 13:03:26 2018","#757575","low","4","The main experiment item","yes","","experiment.osexp","/Users/tom/github/sft-fraction/procedure","no","mono","no","24","no","white","no","yes","800","legacy","176","176","0","/Users/tom/github/sft-fraction/results/data/subject-5a.csv","legacy","#000000","high","4","Jazzy James","3.1.9","0","a","NA","space","space","space","a","NA","593","NA","148901","11392","7534","593","NA","2","legacy","1024","2","48000","-16","experiment","5","odd","absent","169250","169250","NA","368926","1312","169234","391975","392492","1371","150289","161699","392492","393088","NA","391955","Fraction component detection task","174","113668","177","yes","1280"
"98.3146067416","98.3146067416","645.898876404","645.898876404","#808080","no","legacy","legacy","legacy","0","uniform","1","undefined","undefined","undefined","1","l","0","0","0","177","0","0","177","177","0","0","0","177","177","0","177","Fri Apr 27 13:03:26 2018","#757575","low","7","The main experiment item","yes","","experiment.osexp","/Users/tom/github/sft-fraction/procedure","no","mono","no","24","no","white","no","yes","800","legacy","177","177","0","/Users/tom/github/sft-fraction/results/data/subject-5a.csv","legacy","#757575","low","3","Jazzy James","3.1.9","0","l","NA","space","space","space","l","NA","1302","NA","148901","11392","7534","1302","NA","2","legacy","1024","2","48000","-16","experiment","5","odd","present","169250","169250","NA","368926","1312","169234","393171","393688","1371","150289","161699","393688","394993","NA","393156","Fraction component detection task","175","114970","178","yes","1280"
"98.3240223464","98.3240223464","645.195530726","645.195530726","#808080","no","legacy","legacy","legacy","0","uniform","1","undefined","undefined","undefined","1","a","0","0","0","178","0","0","178","178","0","0","0","178","178","0","178","Fri Apr 27 13:03:26 2018","#757575","low","2","The main experiment item","yes","","experiment.osexp","/Users/tom/github/sft-fraction/procedure","no","mono","no","24","no","white","no","yes","800","legacy","178","178","0","/Users/tom/github/sft-fraction/results/data/subject-5a.csv","legacy","#000000","high","2","Jazzy James","3.1.9","0","a","NA","space","space","space","a","NA","520","NA","148901","11392","7534","520","NA","2","legacy","1024","2","48000","-16","experiment","5","odd","absent","169250","169250","NA","368926","1312","169234","395079","395597","1371","150289","161699","395597","396120","NA","395064","Fraction component detection task","176","115490","179","yes","1280"
"98.3333333333","98.3333333333","644.777777778","644.777777778","#808080","no","legacy","legacy","legacy","0","uniform","1","undefined","undefined","undefined","1","l","0","0","0","179","0","0","179","179","0","0","0","179","179","0","179","Fri Apr 27 13:03:26 2018","#000000","high","7","The main experiment item","yes","","experiment.osexp","/Users/tom/github/sft-fraction/procedure","no","mono","no","24","no","white","no","yes","800","legacy","179","179","0","/Users/tom/github/sft-fraction/results/data/subject-5a.csv","legacy","#757575","low","7","Jazzy James","3.1.9","0","l","NA","space","space","space","l","NA","570","NA","148901","11392","7534","570","NA","2","legacy","1024","2","48000","-16","experiment","5","odd","present","169250","169250","NA","368926","1312","169234","396206","396722","1371","150289","161699","396723","397297","NA","396185","Fraction component detection task","177","116060","180","yes","1280"
"98.3425414365","98.3425414365","644.276243094","644.276243094","#808080","no","legacy","legacy","legacy","0","uniform","1","undefined","undefined","undefined","1","a","0","0","0","180","0","0","180","180","0","0","0","180","180","0","180","Fri Apr 27 13:03:26 2018","#000000","high","4","The main experiment item","yes","","experiment.osexp","/Users/tom/github/sft-fraction/procedure","no","mono","no","24","no","white","no","yes","800","legacy","180","180","0","/Users/tom/github/sft-fraction/results/data/subject-5a.csv","legacy","#000000","high","2","Jazzy James","3.1.9","0","a","NA","space","space","space","a","NA","554","NA","148901","11392","7534","554","NA","2","legacy","1024","2","48000","-16","experiment","5","odd","absent","169250","169250","NA","368926","1312","169234","397383","397900","1371","150289","161699","397900","398458","NA","397363","Fraction component detection task","178","116614","181","yes","1280"
"98.3516483516","98.3516483516","643.598901099","643.598901099","#808080","no","legacy","legacy","legacy","0","uniform","1","undefined","undefined","undefined","1","a","0","0","0","181","0","0","181","181","0","0","0","181","181","0","181","Fri Apr 27 13:03:26 2018","#000000","high","4","The main experiment item","yes","","experiment.osexp","/Users/tom/github/sft-fraction/procedure","no","mono","no","24","no","white","no","yes","800","legacy","181","181","0","/Users/tom/github/sft-fraction/results/data/subject-5a.csv","legacy","#000000","high","3","Jazzy James","3.1.9","0","a","NA","space","space","space","a","NA","521","NA","148901","11392","7534","521","NA","2","legacy","1024","2","48000","-16","experiment","5","odd","absent","169250","169250","NA","368926","1312","169234","398541","399061","1371","150289","161699","399061","399588","NA","398522","Fraction component detection task","179","117135","182","yes","1280"
"98.3606557377","98.3606557377","642.721311475","642.721311475","#808080","no","legacy","legacy","legacy","0","uniform","1","undefined","undefined","undefined","1","a","0","0","0","182","0","0","182","182","0","0","0","182","182","0","182","Fri Apr 27 13:03:26 2018","#000000","high","2","The main experiment item","yes","","experiment.osexp","/Users/tom/github/sft-fraction/procedure","no","mono","no","24","no","white","no","yes","800","legacy","182","182","0","/Users/tom/github/sft-fraction/results/data/subject-5a.csv","legacy","#000000","high","2","Jazzy James","3.1.9","0","a","NA","space","space","space","a","NA","483","NA","148901","11392","7534","483","NA","2","legacy","1024","2","48000","-16","experiment","5","odd","absent","169250","169250","NA","368926","1312","169234","399674","400195","1371","150289","161699","400195","400682","NA","399654","Fraction component detection task","180","117618","183","yes","1280"
"98.3695652174","98.3695652174","642.081521739","642.081521739","#808080","no","legacy","legacy","legacy","0","uniform","1","undefined","undefined","undefined","1","l","0","0","0","183","0","0","183","183","0","0","0","183","183","0","183","Fri Apr 27 13:03:26 2018","#757575","low","6","The main experiment item","yes","","experiment.osexp","/Users/tom/github/sft-fraction/procedure","no","mono","no","24","no","white","no","yes","800","legacy","183","183","0","/Users/tom/github/sft-fraction/results/data/subject-5a.csv","legacy","#757575","low","7","Jazzy James","3.1.9","0","l","NA","space","space","space","l","NA","525","NA","148901","11392","7534","525","NA","2","legacy","1024","2","48000","-16","experiment","5","odd","present","169250","169250","NA","368926","1312","169234","400760","401281","1371","150289","161699","401281","401810","NA","400745","Fraction component detection task","181","118143","184","yes","1280"
"98.3783783784","98.3783783784","641.27027027","641.27027027","#808080","no","legacy","legacy","legacy","0","uniform","1","undefined","undefined","undefined","1","a","0","0","0","184","0","0","184","184","0","0","0","184","184","0","184","Fri Apr 27 13:03:26 2018","#757575","low","3","The main experiment item","yes","","experiment.osexp","/Users/tom/github/sft-fraction/procedure","no","mono","no","24","no","white","no","yes","800","legacy","184","184","0","/Users/tom/github/sft-fraction/results/data/subject-5a.csv","legacy","#000000","high","2","Jazzy James","3.1.9","0","a","NA","space","space","space","a","NA","492","NA","148901","11392","7534","492","NA","2","legacy","1024","2","48000","-16","experiment","5","odd","absent","169250","169250","NA","368926","1312","169234","401891","402410","1371","150289","161699","402410","402906","NA","401875","Fraction component detection task","182","118635","185","yes","1280"
"98.3870967742","98.3870967742","641.155913978","641.155913978","#808080","no","legacy","legacy","legacy","0","uniform","1","undefined","undefined","undefined","1","a","0","0","0","185","0","0","185","185","0","0","0","185","185","0","185","Fri Apr 27 13:03:26 2018","#000000","high","4","The main experiment item","yes","","experiment.osexp","/Users/tom/github/sft-fraction/procedure","no","mono","no","24","no","white","no","yes","800","legacy","185","185","0","/Users/tom/github/sft-fraction/results/data/subject-5a.csv","legacy","#757575","low","2","Jazzy James","3.1.9","0","a","NA","space","space","space","a","NA","620","NA","148901","11392","7534","620","NA","2","legacy","1024","2","48000","-16","experiment","5","odd","absent","169250","169250","NA","368926","1312","169234","402991","403513","1371","150289","161699","403513","404137","NA","402975","Fraction component detection task","183","119255","186","yes","1280"
"98.3957219251","98.3957219251","640.759358289","640.759358289","#808080","no","legacy","legacy","legacy","0","uniform","1","undefined","undefined","undefined","1","l","0","0","0","186","0","0","186","186","0","0","0","186","186","0","186","Fri Apr 27 13:03:26 2018","#000000","high","4","The main experiment item","yes","","experiment.osexp","/Users/tom/github/sft-fraction/procedure","no","mono","no","24","no","white","no","yes","800","legacy","186","186","0","/Users/tom/github/sft-fraction/results/data/subject-5a.csv","legacy","#000000","high","6","Jazzy James","3.1.9","0","l","NA","space","space","space","l","NA","567","NA","148901","11392","7534","567","NA","2","legacy","1024","2","48000","-16","experiment","5","odd","present","169250","169250","NA","368926","1312","169234","404217","404734","1371","150289","161699","404734","405305","NA","404201","Fraction component detection task","184","119822","187","yes","1280"
"98.4042553191","98.4042553191","640.494680851","640.494680851","#808080","no","legacy","legacy","legacy","0","uniform","1","undefined","undefined","undefined","1","a","0","0","0","187","0","0","187","187","0","0","0","187","187","0","187","Fri Apr 27 13:03:26 2018","#757575","low","3","The main experiment item","yes","","experiment.osexp","/Users/tom/github/sft-fraction/procedure","no","mono","no","24","no","white","no","yes","800","legacy","187","187","0","/Users/tom/github/sft-fraction/results/data/subject-5a.csv","legacy","#000000","high","3","Jazzy James","3.1.9","0","a","NA","space","space","space","a","NA","591","NA","148901","11392","7534","591","NA","2","legacy","1024","2","48000","-16","experiment","5","odd","absent","169250","169250","NA","368926","1312","169234","405391","405911","1371","150289","161699","405911","406506","NA","405375","Fraction component detection task","185","120413","188","yes","1280"
"98.4126984127","98.4126984127","641.71957672","641.71957672","#808080","no","legacy","legacy","legacy","0","uniform","1","undefined","undefined","undefined","1","l","0","0","0","188","0","0","188","188","0","0","0","188","188","0","188","Fri Apr 27 13:03:26 2018","#757575","low","6","The main experiment item","yes","","experiment.osexp","/Users/tom/github/sft-fraction/procedure","no","mono","no","24","no","white","no","yes","800","legacy","188","188","0","/Users/tom/github/sft-fraction/results/data/subject-5a.csv","legacy","#757575","low","4","Jazzy James","3.1.9","0","l","NA","space","space","space","l","NA","872","NA","148901","11392","7534","872","NA","2","legacy","1024","2","48000","-16","experiment","5","odd","present","169250","169250","NA","368926","1312","169234","406593","407110","1371","150289","161699","407110","407986","NA","406577","Fraction component detection task","186","121285","189","yes","1280"
"98.4210526316","98.4210526316","641.421052632","641.421052632","#808080","no","legacy","legacy","legacy","0","uniform","1","undefined","undefined","undefined","1","a","0","0","0","189","0","0","189","189","0","0","0","189","189","0","189","Fri Apr 27 13:03:26 2018","#000000","high","2","The main experiment item","yes","","experiment.osexp","/Users/tom/github/sft-fraction/procedure","no","mono","no","24","no","white","no","yes","800","legacy","189","189","0","/Users/tom/github/sft-fraction/results/data/subject-5a.csv","legacy","#757575","low","3","Jazzy James","3.1.9","0","a","NA","space","space","space","a","NA","585","NA","148901","11392","7534","585","NA","2","legacy","1024","2","48000","-16","experiment","5","odd","absent","169250","169250","NA","368926","1312","169234","408070","408588","1371","150289","161699","408588","409177","NA","408054","Fraction component detection task","187","121870","190","yes","1280"
"98.4293193717","98.4293193717","640.612565445","640.612565445","#808080","no","legacy","legacy","legacy","0","uniform","1","undefined","undefined","undefined","1","a","0","0","0","190","0","0","190","190","0","0","0","190","190","0","190","Fri Apr 27 13:03:26 2018","#000000","high","2","The main experiment item","yes","","experiment.osexp","/Users/tom/github/sft-fraction/procedure","no","mono","no","24","no","white","no","yes","800","legacy","190","190","0","/Users/tom/github/sft-fraction/results/data/subject-5a.csv","legacy","#000000","high","2","Jazzy James","3.1.9","0","a","NA","space","space","space","a","NA","487","NA","148901","11392","7534","487","NA","2","legacy","1024","2","48000","-16","experiment","5","odd","absent","169250","169250","NA","368926","1312","169234","409262","409783","1371","150289","161699","409783","410274","NA","409246","Fraction component detection task","188","122357","191","yes","1280"
"98.4375","98.4375","639.78125","639.78125","#808080","no","legacy","legacy","legacy","0","uniform","1","undefined","undefined","undefined","1","a","0","0","0","191","0","0","191","191","0","0","0","191","191","0","191","Fri Apr 27 13:03:26 2018","#000000","high","3","The main experiment item","yes","","experiment.osexp","/Users/tom/github/sft-fraction/procedure","no","mono","no","24","no","white","no","yes","800","legacy","191","191","0","/Users/tom/github/sft-fraction/results/data/subject-5a.csv","legacy","#757575","low","3","Jazzy James","3.1.9","0","a","NA","space","space","space","a","NA","481","NA","148901","11392","7534","481","NA","2","legacy","1024","2","48000","-16","experiment","5","odd","absent","169250","169250","NA","368926","1312","169234","410360","410878","1371","150289","161699","410878","411362","NA","410344","Fraction component detection task","189","122838","192","yes","1280"
"98.4455958549","98.4455958549","639.279792746","639.279792746","#808080","no","legacy","legacy","legacy","0","uniform","1","undefined","undefined","undefined","1","a","0","0","0","192","0","0","192","192","0","0","0","192","192","0","192","Fri Apr 27 13:03:26 2018","#000000","high","4","The main experiment item","yes","","experiment.osexp","/Users/tom/github/sft-fraction/procedure","no","mono","no","24","no","white","no","yes","800","legacy","192","192","0","/Users/tom/github/sft-fraction/results/data/subject-5a.csv","legacy","#000000","high","3","Jazzy James","3.1.9","0","a","NA","space","space","space","a","NA","543","NA","148901","11392","7534","543","NA","2","legacy","1024","2","48000","-16","experiment","5","odd","absent","169250","169250","NA","368926","1312","169234","411451","411968","1371","150289","161699","411968","412515","NA","411431","Fraction component detection task","190","123381","193","yes","1280"
"98.4536082474","98.4536082474","638.835051546","638.835051546","#808080","no","legacy","legacy","legacy","0","uniform","1","undefined","undefined","undefined","1","a","0","0","0","193","0","0","193","193","0","0","0","193","193","0","193","Fri Apr 27 13:03:26 2018","#757575","low","3","The main experiment item","yes","","experiment.osexp","/Users/tom/github/sft-fraction/procedure","no","mono","no","24","no","white","no","yes","800","legacy","193","193","0","/Users/tom/github/sft-fraction/results/data/subject-5a.csv","legacy","#757575","low","3","Jazzy James","3.1.9","0","a","NA","space","space","space","a","NA","553","NA","148901","11392","7534","553","NA","2","legacy","1024","2","48000","-16","experiment","5","odd","absent","169250","169250","NA","368926","1312","169234","412599","413118","1371","150289","161699","413118","413675","NA","412583","Fraction component detection task","191","123934","194","yes","1280"
"98.4615384615","98.4615384615","641.841025641","641.841025641","#808080","no","legacy","legacy","legacy","0","uniform","1","undefined","undefined","undefined","1","a","0","0","0","194","0","0","194","194","0","0","0","194","194","0","194","Fri Apr 27 13:03:26 2018","#757575","low","2","The main experiment item","yes","","experiment.osexp","/Users/tom/github/sft-fraction/procedure","no","mono","no","24","no","white","no","yes","800","legacy","194","194","0","/Users/tom/github/sft-fraction/results/data/subject-5a.csv","legacy","#000000","high","3","Jazzy James","3.1.9","0","a","NA","space","space","space","a","NA","1225","NA","148901","11392","7534","1225","NA","2","legacy","1024","2","48000","-16","experiment","5","odd","absent","169250","169250","NA","368926","1312","169234","413762","414278","1371","150289","161699","414278","415508","NA","413742","Fraction component detection task","192","125159","195","yes","1280"
"98.4693877551","98.4693877551","641.091836735","641.091836735","#808080","no","legacy","legacy","legacy","0","uniform","1","undefined","undefined","undefined","1","a","0","0","0","195","0","0","195","195","0","0","0","195","195","0","195","Fri Apr 27 13:03:26 2018","#757575","low","2","The main experiment item","yes","","experiment.osexp","/Users/tom/github/sft-fraction/procedure","no","mono","no","24","no","white","no","yes","800","legacy","195","195","0","/Users/tom/github/sft-fraction/results/data/subject-5a.csv","legacy","#000000","high","4","Jazzy James","3.1.9","0","a","NA","space","space","space","a","NA","495","NA","148901","11392","7534","495","NA","2","legacy","1024","2","48000","-16","experiment","5","odd","absent","169250","169250","NA","368926","1312","169234","415594","416111","1371","150289","161699","416112","416611","NA","415574","Fraction component detection task","193","125654","196","yes","1280"
"98.4771573604","98.4771573604","640.421319797","640.421319797","#808080","no","legacy","legacy","legacy","0","uniform","1","undefined","undefined","undefined","1","l","0","0","0","196","0","0","196","196","0","0","0","196","196","0","196","Fri Apr 27 13:03:26 2018","#000000","high","6","The main experiment item","yes","","experiment.osexp","/Users/tom/github/sft-fraction/procedure","no","mono","no","24","no","white","no","yes","800","legacy","196","196","0","/Users/tom/github/sft-fraction/results/data/subject-5a.csv","legacy","#757575","low","3","Jazzy James","3.1.9","0","l","NA","space","space","space","l","NA","509","NA","148901","11392","7534","509","NA","2","legacy","1024","2","48000","-16","experiment","5","odd","present","169250","169250","NA","368926","1312","169234","416694","417210","1371","150289","161699","417210","417723","NA","416678","Fraction component detection task","194","126163","197","yes","1280"
"98.4848484848","98.4848484848","639.95959596","639.95959596","#808080","no","legacy","legacy","legacy","0","uniform","1","undefined","undefined","undefined","1","a","0","0","0","197","0","0","197","197","0","0","0","197","197","0","197","Fri Apr 27 13:03:26 2018","#757575","low","4","The main experiment item","yes","","experiment.osexp","/Users/tom/github/sft-fraction/procedure","no","mono","no","24","no","white","no","yes","800","legacy","197","197","0","/Users/tom/github/sft-fraction/results/data/subject-5a.csv","legacy","#000000","high","3","Jazzy James","3.1.9","0","a","NA","space","space","space","a","NA","549","NA","148901","11392","7534","549","NA","2","legacy","1024","2","48000","-16","experiment","5","odd","absent","169250","169250","NA","368926","1312","169234","417809","418330","1371","150289","161699","418330","418883","NA","417788","Fraction component detection task","195","126712","198","yes","1280"
"98.4924623116","98.4924623116","639.72361809","639.72361809","#808080","no","legacy","legacy","legacy","0","uniform","1","undefined","undefined","undefined","1","l","0","0","0","198","0","0","198","198","0","0","0","198","198","0","198","Fri Apr 27 13:03:26 2018","#000000","high","2","The main experiment item","yes","","experiment.osexp","/Users/tom/github/sft-fraction/procedure","no","mono","no","24","no","white","no","yes","800","legacy","198","198","0","/Users/tom/github/sft-fraction/results/data/subject-5a.csv","legacy","#757575","low","8","Jazzy James","3.1.9","0","l","NA","space","space","space","l","NA","593","NA","148901","11392","7534","593","NA","2","legacy","1024","2","48000","-16","experiment","5","odd","present","169250","169250","NA","368926","1312","169234","418968","419485","1371","150289","161699","419485","420083","NA","418950","Fraction component detection task","196","127305","199","yes","1280"
"98.5","98.5","639.16","639.16","#808080","no","legacy","legacy","legacy","0","uniform","1","undefined","undefined","undefined","1","l","0","0","0","199","0","0","199","199","0","0","0","199","199","0","199","Fri Apr 27 13:03:26 2018","#757575","low","4","The main experiment item","yes","","experiment.osexp","/Users/tom/github/sft-fraction/procedure","no","mono","no","24","no","white","no","yes","800","legacy","199","199","0","/Users/tom/github/sft-fraction/results/data/subject-5a.csv","legacy","#000000","high","7","Jazzy James","3.1.9","0","l","NA","space","space","space","l","NA","527","NA","148901","11392","7534","527","NA","2","legacy","1024","2","48000","-16","experiment","5","odd","present","169250","169250","NA","368926","1312","169234","420170","420687","1371","150289","161699","420687","421218","NA","420152","Fraction component detection task","197","127832","200","yes","1280"
"98.5074626866","98.5074626866","638.606965174","638.606965174","#808080","no","legacy","legacy","legacy","0","uniform","1","undefined","undefined","undefined","1","a","0","0","0","200","0","0","200","200","0","0","0","200","200","0","200","Fri Apr 27 13:03:26 2018","#757575","low","2","The main experiment item","yes","","experiment.osexp","/Users/tom/github/sft-fraction/procedure","no","mono","no","24","no","white","no","yes","800","legacy","200","200","0","/Users/tom/github/sft-fraction/results/data/subject-5a.csv","legacy","#757575","low","2","Jazzy James","3.1.9","0","a","NA","space","space","space","a","NA","528","NA","148901","11392","7534","528","NA","2","legacy","1024","2","48000","-16","experiment","5","odd","absent","169250","169250","NA","368926","1312","169234","421297","421814","1371","150289","161699","421815","422347","NA","421282","Fraction component detection task","198","128360","201","yes","1280"
"98.5148514851","98.5148514851","638.698019802","638.698019802","#808080","no","legacy","legacy","legacy","0","uniform","1","undefined","undefined","undefined","1","a","0","0","0","201","0","0","201","201","0","0","0","201","201","0","201","Fri Apr 27 13:03:26 2018","#757575","low","4","The main experiment item","yes","","experiment.osexp","/Users/tom/github/sft-fraction/procedure","no","mono","no","24","no","white","no","yes","800","legacy","201","201","0","/Users/tom/github/sft-fraction/results/data/subject-5a.csv","legacy","#757575","low","4","Jazzy James","3.1.9","0","a","NA","space","space","space","a","NA","657","NA","148901","11392","7534","657","NA","2","legacy","1024","2","48000","-16","experiment","5","odd","absent","169250","169250","NA","368926","1312","169234","422439","422958","1371","150289","161699","422958","423619","NA","422420","Fraction component detection task","199","129017","202","yes","1280"
"98.5221674877","98.5221674877","637.75862069","637.75862069","#808080","no","legacy","legacy","legacy","0","uniform","1","undefined","undefined","undefined","1","a","0","0","0","202","0","0","202","202","0","0","0","202","202","0","202","Fri Apr 27 13:03:26 2018","#757575","low","4","The main experiment item","yes","","experiment.osexp","/Users/tom/github/sft-fraction/procedure","no","mono","no","24","no","white","no","yes","800","legacy","202","202","0","/Users/tom/github/sft-fraction/results/data/subject-5a.csv","legacy","#757575","low","3","Jazzy James","3.1.9","0","a","NA","space","space","space","a","NA","448","NA","148901","11392","7534","448","NA","2","legacy","1024","2","48000","-16","experiment","5","odd","absent","169250","169250","NA","368926","1312","169234","423702","424223","1371","150289","161699","424223","424675","NA","423683","Fraction component detection task","200","129465","203","yes","1280"
"98.5294117647","98.5294117647","637.720588235","637.720588235","#808080","no","legacy","legacy","legacy","0","uniform","1","undefined","undefined","undefined","1","l","0","0","0","203","0","0","203","203","0","0","0","203","203","0","203","Fri Apr 27 13:03:26 2018","#000000","high","7","The main experiment item","yes","","experiment.osexp","/Users/tom/github/sft-fraction/procedure","no","mono","no","24","no","white","no","yes","800","legacy","203","203","0","/Users/tom/github/sft-fraction/results/data/subject-5a.csv","legacy","#757575","low","4","Jazzy James","3.1.9","0","l","NA","space","space","space","l","NA","630","NA","148901","11392","7534","630","NA","2","legacy","1024","2","48000","-16","experiment","5","odd","present","169250","169250","NA","368926","1312","169234","424760","425281","1371","150289","161699","425281","425915","NA","424744","Fraction component detection task","201","130095","204","yes","1280"
"98.5365853659","98.5365853659","637.365853659","637.365853659","#808080","no","legacy","legacy","legacy","0","uniform","1","undefined","undefined","undefined","1","a","0","0","0","204","0","0","204","204","0","0","0","204","204","0","204","Fri Apr 27 13:03:26 2018","#757575","low","2","The main experiment item","yes","","experiment.osexp","/Users/tom/github/sft-fraction/procedure","no","mono","no","24","no","white","no","yes","800","legacy","204","204","0","/Users/tom/github/sft-fraction/results/data/subject-5a.csv","legacy","#000000","high","3","Jazzy James","3.1.9","0","a","NA","space","space","space","a","NA","565","NA","148901","11392","7534","565","NA","2","legacy","1024","2","48000","-16","experiment","5","odd","absent","169250","169250","NA","368926","1312","169234","426002","426521","1371","150289","161699","426521","427091","NA","425982","Fraction component detection task","202","130660","205","yes","1280"
"98.5436893204","98.5436893204","637.349514563","637.349514563","#808080","no","legacy","legacy","legacy","0","uniform","1","undefined","undefined","undefined","1","a","0","0","0","205","0","0","205","205","0","0","0","205","205","0","205","Fri Apr 27 13:03:26 2018","#757575","low","3","The main experiment item","yes","","experiment.osexp","/Users/tom/github/sft-fraction/procedure","no","mono","no","24","no","white","no","yes","800","legacy","205","205","0","/Users/tom/github/sft-fraction/results/data/subject-5a.csv","legacy","#757575","low","4","Jazzy James","3.1.9","0","a","NA","space","space","space","a","NA","634","NA","148901","11392","7534","634","NA","2","legacy","1024","2","48000","-16","experiment","5","odd","absent","169250","169250","NA","368926","1312","169234","427173","427694","1371","150289","161699","427694","428332","NA","427154","Fraction component detection task","203","131294","206","yes","1280"
"98.5507246377","98.5507246377","636.792270531","636.792270531","#808080","no","legacy","legacy","legacy","0","uniform","1","undefined","undefined","undefined","1","l","0","0","0","206","0","0","206","206","0","0","0","206","206","0","206","Fri Apr 27 13:03:26 2018","#757575","low","2","The main experiment item","yes","","experiment.osexp","/Users/tom/github/sft-fraction/procedure","no","mono","no","24","no","white","no","yes","800","legacy","206","206","0","/Users/tom/github/sft-fraction/results/data/subject-5a.csv","legacy","#757575","low","6","Jazzy James","3.1.9","0","l","NA","space","space","space","l","NA","522","NA","148901","11392","7534","522","NA","2","legacy","1024","2","48000","-16","experiment","5","odd","present","169250","169250","NA","368926","1312","169234","428417","428934","1371","150289","161699","428934","429462","NA","428400","Fraction component detection task","204","131816","207","yes","1280"
"98.5576923077","98.5576923077","641.471153846","641.471153846","#808080","no","legacy","legacy","legacy","0","uniform","1","undefined","undefined","undefined","1","a","0","0","0","207","0","0","207","207","0","0","0","207","207","0","207","Fri Apr 27 13:03:26 2018","#000000","high","4","The main experiment item","yes","","experiment.osexp","/Users/tom/github/sft-fraction/procedure","no","mono","no","24","no","white","no","yes","800","legacy","207","207","0","/Users/tom/github/sft-fraction/results/data/subject-5a.csv","legacy","#000000","high","2","Jazzy James","3.1.9","0","a","NA","space","space","space","a","NA","1610","NA","148901","11392","7534","1610","NA","2","legacy","1024","2","48000","-16","experiment","5","odd","absent","169250","169250","NA","368926","1312","169234","429551","430070","1371","150289","161699","430070","431685","NA","429531","Fraction component detection task","205","133426","208","yes","1280"
"98.5645933014","98.5645933014","644.397129187","644.397129187","#808080","no","legacy","legacy","legacy","0","uniform","1","undefined","undefined","undefined","1","a","0","0","0","208","0","0","208","208","0","0","0","208","208","0","208","Fri Apr 27 13:03:26 2018","#000000","high","2","The main experiment item","yes","","experiment.osexp","/Users/tom/github/sft-fraction/procedure","no","mono","no","24","no","white","no","yes","800","legacy","208","208","0","/Users/tom/github/sft-fraction/results/data/subject-5a.csv","legacy","#757575","low","3","Jazzy James","3.1.9","0","a","NA","space","space","space","a","NA","1253","NA","148901","11392","7534","1253","NA","2","legacy","1024","2","48000","-16","experiment","5","odd","absent","169250","169250","NA","368926","1312","169234","431765","432283","1371","150289","161699","432283","433541","NA","431747","Fraction component detection task","206","134679","209","yes","1280"
"98.5714285714","98.5714285714","643.719047619","643.719047619","#808080","no","legacy","legacy","legacy","0","uniform","1","undefined","undefined","undefined","1","a","0","0","0","209","0","0","209","209","0","0","0","209","209","0","209","Fri Apr 27 13:03:26 2018","#757575","low","4","The main experiment item","yes","","experiment.osexp","/Users/tom/github/sft-fraction/procedure","no","mono","no","24","no","white","no","yes","800","legacy","209","209","0","/Users/tom/github/sft-fraction/results/data/subject-5a.csv","legacy","#000000","high","4","Jazzy James","3.1.9","0","a","NA","space","space","space","a","NA","502","NA","148901","11392","7534","502","NA","2","legacy","1024","2","48000","-16","experiment","5","odd","absent","169250","169250","NA","368926","1312","169234","433622","434138","1371","150289","161699","434138","434644","NA","433606","Fraction component detection task","207","135181","210","yes","1280"
"98.5781990521","98.5781990521","644.18957346","644.18957346","#808080","no","legacy","legacy","legacy","0","uniform","1","undefined","undefined","undefined","1","a","0","0","0","210","0","0","210","210","0","0","0","210","210","0","210","Fri Apr 27 13:03:26 2018","#757575","low","4","The main experiment item","yes","","experiment.osexp","/Users/tom/github/sft-fraction/procedure","no","mono","no","24","no","white","no","yes","800","legacy","210","210","0","/Users/tom/github/sft-fraction/results/data/subject-5a.csv","legacy","#000000","high","2","Jazzy James","3.1.9","0","a","NA","space","space","space","a","NA","743","NA","148901","11392","7534","743","NA","2","legacy","1024","2","48000","-16","experiment","5","odd","absent","169250","169250","NA","368926","1312","169234","434725","435241","1371","150289","161699","435241","435989","NA","434709","Fraction component detection task","208","135924","211","yes","1280"
"98.5849056604","98.5849056604","643.938679245","643.938679245","#808080","no","legacy","legacy","legacy","0","uniform","1","undefined","undefined","undefined","1","l","0","0","0","211","0","0","211","211","0","0","0","211","211","0","211","Fri Apr 27 13:03:26 2018","#000000","high","6","The main experiment item","yes","","experiment.osexp","/Users/tom/github/sft-fraction/procedure","no","mono","no","24","no","white","no","yes","800","legacy","211","211","0","/Users/tom/github/sft-fraction/results/data/subject-5a.csv","legacy","#757575","low","6","Jazzy James","3.1.9","0","l","NA","space","space","space","l","NA","591","NA","148901","11392","7534","591","NA","2","legacy","1024","2","48000","-16","experiment","5","odd","present","169250","169250","NA","368926","1312","169234","436075","436592","1371","150289","161699","436592","437187","NA","436055","Fraction component detection task","209","136515","212","yes","1280"
"98.5915492958","98.5915492958","643.03286385","643.03286385","#808080","no","legacy","legacy","legacy","0","uniform","1","undefined","undefined","undefined","1","l","0","0","0","212","0","0","212","212","0","0","0","212","212","0","212","Fri Apr 27 13:03:26 2018","#000000","high","4","The main experiment item","yes","","experiment.osexp","/Users/tom/github/sft-fraction/procedure","no","mono","no","24","no","white","no","yes","800","legacy","212","212","0","/Users/tom/github/sft-fraction/results/data/subject-5a.csv","legacy","#000000","high","7","Jazzy James","3.1.9","0","l","NA","space","space","space","l","NA","451","NA","148901","11392","7534","451","NA","2","legacy","1024","2","48000","-16","experiment","5","odd","present","169250","169250","NA","368926","1312","169234","437270","437788","1371","150289","161699","437788","438244","NA","437254","Fraction component detection task","210","136966","213","yes","1280"
"98.5981308411","98.5981308411","641.957943925","641.957943925","#808080","no","legacy","legacy","legacy","0","uniform","1","undefined","undefined","undefined","1","l","0","0","0","213","0","0","213","213","0","0","0","213","213","0","213","Fri Apr 27 13:03:26 2018","#000000","high","4","The main experiment item","yes","","experiment.osexp","/Users/tom/github/sft-fraction/procedure","no","mono","no","24","no","white","no","yes","800","legacy","213","213","0","/Users/tom/github/sft-fraction/results/data/subject-5a.csv","legacy","#000000","high","8","Jazzy James","3.1.9","0","l","NA","space","space","space","l","NA","413","NA","148901","11392","7534","413","NA","2","legacy","1024","2","48000","-16","experiment","5","odd","present","169250","169250","NA","368926","1312","169234","438325","438842","1371","150289","161699","438842","439259","NA","438308","Fraction component detection task","211","137379","214","yes","1280"
"98.6046511628","98.6046511628","641.181395349","641.181395349","#808080","no","legacy","legacy","legacy","0","uniform","1","undefined","undefined","undefined","1","a","0","0","0","214","0","0","214","214","0","0","0","214","214","0","214","Fri Apr 27 13:03:26 2018","#000000","high","2","The main experiment item","yes","","experiment.osexp","/Users/tom/github/sft-fraction/procedure","no","mono","no","24","no","white","no","yes","800","legacy","214","214","0","/Users/tom/github/sft-fraction/results/data/subject-5a.csv","legacy","#000000","high","3","Jazzy James","3.1.9","0","a","NA","space","space","space","a","NA","475","NA","148901","11392","7534","475","NA","2","legacy","1024","2","48000","-16","experiment","5","odd","absent","169250","169250","NA","368926","1312","169234","439344","439861","1371","150289","161699","439861","440340","NA","439323","Fraction component detection task","212","137854","215","yes","1280"
"98.6111111111","98.6111111111","640.569444444","640.569444444","#808080","no","legacy","legacy","legacy","0","uniform","1","undefined","undefined","undefined","1","a","0","0","0","215","0","0","215","215","0","0","0","215","215","0","215","Fri Apr 27 13:03:26 2018","#757575","low","3","The main experiment item","yes","","experiment.osexp","/Users/tom/github/sft-fraction/procedure","no","mono","no","24","no","white","no","yes","800","legacy","215","215","0","/Users/tom/github/sft-fraction/results/data/subject-5a.csv","legacy","#757575","low","2","Jazzy James","3.1.9","0","a","NA","space","space","space","a","NA","509","NA","148901","11392","7534","509","NA","2","legacy","1024","2","48000","-16","experiment","5","odd","absent","169250","169250","NA","368926","1312","169234","440421","440939","1371","150289","161699","440939","441452","NA","440403","Fraction component detection task","213","138363","216","yes","1280"
"98.6175115207","98.6175115207","641.387096774","641.387096774","#808080","no","legacy","legacy","legacy","0","uniform","1","undefined","undefined","undefined","1","a","1","1","0","216","0","0","216","216","0","0","0","216","216","1","216","Fri Apr 27 13:03:26 2018","#757575","low","3","The main experiment item","yes","","experiment.osexp","/Users/tom/github/sft-fraction/procedure","no","mono","no","24","no","white","no","yes","800","legacy","0","0","1","/Users/tom/github/sft-fraction/results/data/subject-5a.csv","legacy","#000000","high","2","Jazzy James","3.1.9","0","a","NA","space","space","space","a","return","818","NA","148901","11392","7534","818","23392","2","legacy","1024","2","48000","-16","experiment","5","odd","absent","464966","464965","NA","368926","1312","169234","465018","465536","1371","150289","161699","465536","466358","441514","464999","Fraction component detection task","214","139181","217","yes","1280"
"98.623853211","98.623853211","640.495412844","640.495412844","#808080","no","legacy","legacy","legacy","0","uniform","1","undefined","undefined","undefined","1","a","1","1","0","217","0","0","217","217","0","0","0","217","217","1","217","Fri Apr 27 13:03:26 2018","#000000","high","2","The main experiment item","yes","","experiment.osexp","/Users/tom/github/sft-fraction/procedure","no","mono","no","24","no","white","no","yes","800","legacy","1","1","1","/Users/tom/github/sft-fraction/results/data/subject-5a.csv","legacy","#757575","low","2","Jazzy James","3.1.9","0","a","NA","space","space","space","a","return","447","NA","148901","11392","7534","447","23392","2","legacy","1024","2","48000","-16","experiment","5","odd","absent","464966","464965","NA","368926","1312","169234","466438","466955","1371","150289","161699","466955","467406","441514","466422","Fraction component detection task","215","139628","218","yes","1280"
"98.6301369863","98.6301369863","640.00456621","640.00456621","#808080","no","legacy","legacy","legacy","0","uniform","1","undefined","undefined","undefined","1","l","1","1","0","218","0","0","218","218","0","0","0","218","218","1","218","Fri Apr 27 13:03:26 2018","#757575","low","7","The main experiment item","yes","","experiment.osexp","/Users/tom/github/sft-fraction/procedure","no","mono","no","24","no","white","no","yes","800","legacy","2","2","1","/Users/tom/github/sft-fraction/results/data/subject-5a.csv","legacy","#757575","low","2","Jazzy James","3.1.9","0","l","NA","space","space","space","l","return","533","NA","148901","11392","7534","533","23392","2","legacy","1024","2","48000","-16","experiment","5","odd","present","464966","464965","NA","368926","1312","169234","467487","468005","1371","150289","161699","468005","468542","441514","467472","Fraction component detection task","216","140161","219","yes","1280"
"98.6363636364","98.6363636364","639.609090909","639.609090909","#808080","no","legacy","legacy","legacy","0","uniform","1","undefined","undefined","undefined","1","l","1","1","0","219","0","0","219","219","0","0","0","219","219","1","219","Fri Apr 27 13:03:26 2018","#757575","low","3","The main experiment item","yes","","experiment.osexp","/Users/tom/github/sft-fraction/procedure","no","mono","no","24","no","white","no","yes","800","legacy","3","3","1","/Users/tom/github/sft-fraction/results/data/subject-5a.csv","legacy","#000000","high","8","Jazzy James","3.1.9","0","l","NA","space","space","space","l","return","553","NA","148901","11392","7534","553","23392","2","legacy","1024","2","48000","-16","experiment","5","odd","present","464966","464965","NA","368926","1312","169234","468627","469144","1371","150289","161699","469145","469702","441514","468610","Fraction component detection task","217","140714","220","yes","1280"
"98.6425339367","98.6425339367","639.248868778","639.248868778","#808080","no","legacy","legacy","legacy","0","uniform","1","undefined","undefined","undefined","1","l","1","1","0","220","0","0","220","220","0","0","0","220","220","1","220","Fri Apr 27 13:03:26 2018","#757575","low","6","The main experiment item","yes","","experiment.osexp","/Users/tom/github/sft-fraction/procedure","no","mono","no","24","no","white","no","yes","800","legacy","4","4","1","/Users/tom/github/sft-fraction/results/data/subject-5a.csv","legacy","#000000","high","7","Jazzy James","3.1.9","0","l","NA","space","space","space","l","return","560","NA","148901","11392","7534","560","23392","2","legacy","1024","2","48000","-16","experiment","5","odd","present","464966","464965","NA","368926","1312","169234","469788","470306","1371","150289","161699","470306","470871","441514","469768","Fraction component detection task","218","141274","221","yes","1280"
"98.6486486486","98.6486486486","638.864864865","638.864864865","#808080","no","legacy","legacy","legacy","0","uniform","1","undefined","undefined","undefined","1","l","1","1","0","221","0","0","221","221","0","0","0","221","221","1","221","Fri Apr 27 13:03:26 2018","#000000","high","3","The main experiment item","yes","","experiment.osexp","/Users/tom/github/sft-fraction/procedure","no","mono","no","24","no","white","no","yes","800","legacy","5","5","1","/Users/tom/github/sft-fraction/results/data/subject-5a.csv","legacy","#757575","low","6","Jazzy James","3.1.9","0","l","NA","space","space","space","l","return","554","NA","148901","11392","7534","554","23392","2","legacy","1024","2","48000","-16","experiment","5","odd","present","464966","464965","NA","368926","1312","169234","470952","471471","1371","150289","161699","471471","472029","441514","470936","Fraction component detection task","219","141828","222","yes","1280"
"98.6547085202","98.6547085202","638.206278027","638.206278027","#808080","no","legacy","legacy","legacy","0","uniform","1","undefined","undefined","undefined","1","a","1","1","0","222","0","0","222","222","0","0","0","222","222","1","222","Fri Apr 27 13:03:26 2018","#757575","low","3","The main experiment item","yes","","experiment.osexp","/Users/tom/github/sft-fraction/procedure","no","mono","no","24","no","white","no","yes","800","legacy","6","6","1","/Users/tom/github/sft-fraction/results/data/subject-5a.csv","legacy","#757575","low","3","Jazzy James","3.1.9","0","a","NA","space","space","space","a","return","492","NA","148901","11392","7534","492","23392","2","legacy","1024","2","48000","-16","experiment","5","odd","absent","464966","464965","NA","368926","1312","169234","472116","472637","1371","150289","161699","472637","473134","441514","472096","Fraction component detection task","220","142320","223","yes","1280"
"98.6607142857","98.6607142857","637.553571429","637.553571429","#808080","no","legacy","legacy","legacy","0","uniform","1","undefined","undefined","undefined","1","l","1","1","0","223","0","0","223","223","0","0","0","223","223","1","223","Fri Apr 27 13:03:26 2018","#000000","high","2","The main experiment item","yes","","experiment.osexp","/Users/tom/github/sft-fraction/procedure","no","mono","no","24","no","white","no","yes","800","legacy","7","7","1","/Users/tom/github/sft-fraction/results/data/subject-5a.csv","legacy","#757575","low","8","Jazzy James","3.1.9","0","l","NA","space","space","space","l","return","492","NA","148901","11392","7534","492","23392","2","legacy","1024","2","48000","-16","experiment","5","odd","present","464966","464965","NA","368926","1312","169234","473223","473740","1371","150289","161699","473741","474237","441514","473203","Fraction component detection task","221","142812","224","yes","1280"
"98.6666666667","98.6666666667","636.742222222","636.742222222","#808080","no","legacy","legacy","legacy","0","uniform","1","undefined","undefined","undefined","1","a","1","1","0","224","0","0","224","224","0","0","0","224","224","1","224","Fri Apr 27 13:03:26 2018","#000000","high","3","The main experiment item","yes","","experiment.osexp","/Users/tom/github/sft-fraction/procedure","no","mono","no","24","no","white","no","yes","800","legacy","8","8","1","/Users/tom/github/sft-fraction/results/data/subject-5a.csv","legacy","#000000","high","2","Jazzy James","3.1.9","0","a","NA","space","space","space","a","return","455","NA","148901","11392","7534","455","23392","2","legacy","1024","2","48000","-16","experiment","5","odd","absent","464966","464965","NA","368926","1312","169234","474318","474841","1371","150289","161699","474842","475304","441514","474300","Fraction component detection task","222","143267","225","yes","1280"
"98.6725663717","98.6725663717","639.123893805","639.123893805","#808080","no","legacy","legacy","legacy","0","uniform","1","undefined","undefined","undefined","1","l","1","1","0","225","0","0","225","225","0","0","0","225","225","1","225","Fri Apr 27 13:03:26 2018","#757575","low","6","The main experiment item","yes","","experiment.osexp","/Users/tom/github/sft-fraction/procedure","no","mono","no","24","no","white","no","yes","800","legacy","9","9","1","/Users/tom/github/sft-fraction/results/data/subject-5a.csv","legacy","#757575","low","8","Jazzy James","3.1.9","0","l","NA","space","space","space","l","return","1175","NA","148901","11392","7534","1175","23392","2","legacy","1024","2","48000","-16","experiment","5","odd","present","464966","464965","NA","368926","1312","169234","475389","475905","1371","150289","161699","475906","477086","441514","475373","Fraction component detection task","223","144442","226","yes","1280"
"98.6784140969","98.6784140969","638.36123348","638.36123348","#808080","no","legacy","legacy","legacy","0","uniform","1","undefined","undefined","undefined","1","a","1","1","0","226","0","0","226","226","0","0","0","226","226","1","226","Fri Apr 27 13:03:26 2018","#000000","high","3","The main experiment item","yes","","experiment.osexp","/Users/tom/github/sft-fraction/procedure","no","mono","no","24","no","white","no","yes","800","legacy","10","10","1","/Users/tom/github/sft-fraction/results/data/subject-5a.csv","legacy","#000000","high","3","Jazzy James","3.1.9","0","a","NA","space","space","space","a","return","466","NA","148901","11392","7534","466","23392","2","legacy","1024","2","48000","-16","experiment","5","odd","absent","464966","464965","NA","368926","1312","169234","477170","477687","1371","150289","161699","477687","478158","441514","477153","Fraction component detection task","224","144908","227","yes","1280"
"98.6842105263","98.6842105263","641.776315789","641.776315789","#808080","no","legacy","legacy","legacy","0","uniform","1","undefined","undefined","undefined","1","l","1","1","0","227","0","0","227","227","0","0","0","227","227","1","227","Fri Apr 27 13:03:26 2018","#000000","high","6","The main experiment item","yes","","experiment.osexp","/Users/tom/github/sft-fraction/procedure","no","mono","no","24","no","white","no","yes","800","legacy","11","11","1","/Users/tom/github/sft-fraction/results/data/subject-5a.csv","legacy","#757575","low","8","Jazzy James","3.1.9","0","l","NA","space","space","space","l","return","1417","NA","148901","11392","7534","1417","23392","2","legacy","1024","2","48000","-16","experiment","5","odd","present","464966","464965","NA","368926","1312","169234","478240","478759","1371","150289","161699","478760","480182","441514","478224","Fraction component detection task","225","146325","228","yes","1280"
"98.6899563319","98.6899563319","641.978165939","641.978165939","#808080","no","legacy","legacy","legacy","0","uniform","1","undefined","undefined","undefined","1","a","1","1","0","228","0","0","228","228","0","0","0","228","228","1","228","Fri Apr 27 13:03:26 2018","#757575","low","2","The main experiment item","yes","","experiment.osexp","/Users/tom/github/sft-fraction/procedure","no","mono","no","24","no","white","no","yes","800","legacy","12","12","1","/Users/tom/github/sft-fraction/results/data/subject-5a.csv","legacy","#757575","low","3","Jazzy James","3.1.9","0","a","NA","space","space","space","a","return","688","NA","148901","11392","7534","688","23392","2","legacy","1024","2","48000","-16","experiment","5","odd","absent","464966","464965","NA","368926","1312","169234","480260","480777","1371","150289","161699","480778","481471","441514","480244","Fraction component detection task","226","147013","229","yes","1280"
"98.6956521739","98.6956521739","641.339130435","641.339130435","#808080","no","legacy","legacy","legacy","0","uniform","1","undefined","undefined","undefined","1","a","1","1","0","229","0","0","229","229","0","0","0","229","229","1","229","Fri Apr 27 13:03:26 2018","#757575","low","2","The main experiment item","yes","","experiment.osexp","/Users/tom/github/sft-fraction/procedure","no","mono","no","24","no","white","no","yes","800","legacy","13","13","1","/Users/tom/github/sft-fraction/results/data/subject-5a.csv","legacy","#000000","high","2","Jazzy James","3.1.9","0","a","NA","space","space","space","a","return","495","NA","148901","11392","7534","495","23392","2","legacy","1024","2","48000","-16","experiment","5","odd","absent","464966","464965","NA","368926","1312","169234","481552","482075","1371","150289","161699","482075","482581","441514","481536","Fraction component detection task","227","147508","230","yes","1280"
"98.7012987013","98.7012987013","640.722943723","640.722943723","#808080","no","legacy","legacy","legacy","0","uniform","1","undefined","undefined","undefined","1","l","1","1","0","230","0","0","230","230","0","0","0","230","230","1","230","Fri Apr 27 13:03:26 2018","#000000","high","7","The main experiment item","yes","","experiment.osexp","/Users/tom/github/sft-fraction/procedure","no","mono","no","24","no","white","no","yes","800","legacy","14","14","1","/Users/tom/github/sft-fraction/results/data/subject-5a.csv","legacy","#757575","low","6","Jazzy James","3.1.9","0","l","NA","space","space","space","l","return","499","NA","148901","11392","7534","499","23392","2","legacy","1024","2","48000","-16","experiment","5","odd","present","464966","464965","NA","368926","1312","169234","482659","483175","1371","150289","161699","483176","483681","441514","482643","Fraction component detection task","228","148007","231","yes","1280"
"98.7068965517","98.7068965517","640.090517241","640.090517241","#808080","no","legacy","legacy","legacy","0","uniform","1","undefined","undefined","undefined","1","a","1","1","0","231","0","0","231","231","0","0","0","231","231","1","231","Fri Apr 27 13:03:26 2018","#000000","high","4","The main experiment item","yes","","experiment.osexp","/Users/tom/github/sft-fraction/procedure","no","mono","no","24","no","white","no","yes","800","legacy","15","15","1","/Users/tom/github/sft-fraction/results/data/subject-5a.csv","legacy","#757575","low","4","Jazzy James","3.1.9","0","a","NA","space","space","space","a","return","494","NA","148901","11392","7534","494","23392","2","legacy","1024","2","48000","-16","experiment","5","odd","absent","464966","464965","NA","368926","1312","169234","483767","484283","1371","150289","161699","484284","484783","441514","483746","Fraction component detection task","229","148501","232","yes","1280"
"98.7124463519","98.7124463519","639.635193133","639.635193133","#808080","no","legacy","legacy","legacy","0","uniform","1","undefined","undefined","undefined","1","l","1","1","0","232","0","0","232","232","0","0","0","232","232","1","232","Fri Apr 27 13:03:26 2018","#000000","high","7","The main experiment item","yes","","experiment.osexp","/Users/tom/github/sft-fraction/procedure","no","mono","no","24","no","white","no","yes","800","legacy","16","16","1","/Users/tom/github/sft-fraction/results/data/subject-5a.csv","legacy","#000000","high","8","Jazzy James","3.1.9","0","l","NA","space","space","space","l","return","534","NA","148901","11392","7534","534","23392","2","legacy","1024","2","48000","-16","experiment","5","odd","present","464966","464965","NA","368926","1312","169234","484864","485381","1371","150289","161699","485381","485919","441514","484848","Fraction component detection task","230","149035","233","yes","1280"
"98.7179487179","98.7179487179","639.064102564","639.064102564","#808080","no","legacy","legacy","legacy","0","uniform","1","undefined","undefined","undefined","1","a","1","1","0","233","0","0","233","233","0","0","0","233","233","1","233","Fri Apr 27 13:03:26 2018","#000000","high","4","The main experiment item","yes","","experiment.osexp","/Users/tom/github/sft-fraction/procedure","no","mono","no","24","no","white","no","yes","800","legacy","17","17","1","/Users/tom/github/sft-fraction/results/data/subject-5a.csv","legacy","#757575","low","3","Jazzy James","3.1.9","0","a","NA","space","space","space","a","return","506","NA","148901","11392","7534","506","23392","2","legacy","1024","2","48000","-16","experiment","5","odd","absent","464966","464965","NA","368926","1312","169234","486011","486528","1371","150289","161699","486528","487039","441514","485990","Fraction component detection task","231","149541","234","yes","1280"
"98.7234042553","98.7234042553","638.991489362","638.991489362","#808080","no","legacy","legacy","legacy","0","uniform","1","undefined","undefined","undefined","1","l","1","1","0","234","0","0","234","234","0","0","0","234","234","1","234","Fri Apr 27 13:03:26 2018","#757575","low","3","The main experiment item","yes","","experiment.osexp","/Users/tom/github/sft-fraction/procedure","no","mono","no","24","no","white","no","yes","800","legacy","18","18","1","/Users/tom/github/sft-fraction/results/data/subject-5a.csv","legacy","#000000","high","7","Jazzy James","3.1.9","0","l","NA","space","space","space","l","return","622","NA","148901","11392","7534","622","23392","2","legacy","1024","2","48000","-16","experiment","5","odd","present","464966","464965","NA","368926","1312","169234","487127","487644","1371","150289","161699","487644","488270","441514","487109","Fraction component detection task","232","150163","235","yes","1280"
"98.7288135593","98.7288135593","638.707627119","638.707627119","#808080","no","legacy","legacy","legacy","0","uniform","1","undefined","undefined","undefined","1","a","1","1","0","235","0","0","235","235","0","0","0","235","235","1","235","Fri Apr 27 13:03:26 2018","#000000","high","2","The main experiment item","yes","","experiment.osexp","/Users/tom/github/sft-fraction/procedure","no","mono","no","24","no","white","no","yes","800","legacy","19","19","1","/Users/tom/github/sft-fraction/results/data/subject-5a.csv","legacy","#757575","low","4","Jazzy James","3.1.9","0","a","NA","space","space","space","a","return","572","NA","148901","11392","7534","572","23392","2","legacy","1024","2","48000","-16","experiment","5","odd","absent","464966","464965","NA","368926","1312","169234","488355","488871","1371","150289","161699","488871","489449","441514","488340","Fraction component detection task","233","150735","236","yes","1280"
"98.7341772152","98.7341772152","638.358649789","638.358649789","#808080","no","legacy","legacy","legacy","0","uniform","1","undefined","undefined","undefined","1","l","1","1","0","236","0","0","236","236","0","0","0","236","236","1","236","Fri Apr 27 13:03:26 2018","#000000","high","8","The main experiment item","yes","","experiment.osexp","/Users/tom/github/sft-fraction/procedure","no","mono","no","24","no","white","no","yes","800","legacy","20","20","1","/Users/tom/github/sft-fraction/results/data/subject-5a.csv","legacy","#000000","high","7","Jazzy James","3.1.9","0","l","NA","space","space","space","l","return","556","NA","148901","11392","7534","556","23392","2","legacy","1024","2","48000","-16","experiment","5","odd","present","464966","464965","NA","368926","1312","169234","489537","490055","1371","150289","161699","490055","490615","441514","489518","Fraction component detection task","234","151291","237","yes","1280"
"98.7394957983","98.7394957983","637.701680672","637.701680672","#808080","no","legacy","legacy","legacy","0","uniform","1","undefined","undefined","undefined","1","a","1","1","0","237","0","0","237","237","0","0","0","237","237","1","237","Fri Apr 27 13:03:26 2018","#000000","high","2","The main experiment item","yes","","experiment.osexp","/Users/tom/github/sft-fraction/procedure","no","mono","no","24","no","white","no","yes","800","legacy","21","21","1","/Users/tom/github/sft-fraction/results/data/subject-5a.csv","legacy","#000000","high","4","Jazzy James","3.1.9","0","a","NA","space","space","space","a","return","482","NA","148901","11392","7534","482","23392","2","legacy","1024","2","48000","-16","experiment","5","odd","absent","464966","464965","NA","368926","1312","169234","490701","491217","1371","150289","161699","491217","491703","441514","490680","Fraction component detection task","235","151773","238","yes","1280"
"98.7447698745","98.7447698745","637.267782427","637.267782427","#808080","no","legacy","legacy","legacy","0","uniform","1","undefined","undefined","undefined","1","l","1","1","0","238","0","0","238","238","0","0","0","238","238","1","238","Fri Apr 27 13:03:26 2018","#757575","low","7","The main experiment item","yes","","experiment.osexp","/Users/tom/github/sft-fraction/procedure","no","mono","no","24","no","white","no","yes","800","legacy","22","22","1","/Users/tom/github/sft-fraction/results/data/subject-5a.csv","legacy","#757575","low","6","Jazzy James","3.1.9","0","l","NA","space","space","space","l","return","534","NA","148901","11392","7534","534","23392","2","legacy","1024","2","48000","-16","experiment","5","odd","present","464966","464965","NA","368926","1312","169234","491792","492309","1371","150289","161699","492309","492849","441514","491773","Fraction component detection task","236","152307","239","yes","1280"
"98.75","98.75","637.291666667","637.291666667","#808080","no","legacy","legacy","legacy","0","uniform","1","undefined","undefined","undefined","1","a","1","1","0","239","0","0","239","239","0","0","0","239","239","1","239","Fri Apr 27 13:03:26 2018","#000000","high","2","The main experiment item","yes","","experiment.osexp","/Users/tom/github/sft-fraction/procedure","no","mono","no","24","no","white","no","yes","800","legacy","23","23","1","/Users/tom/github/sft-fraction/results/data/subject-5a.csv","legacy","#757575","low","3","Jazzy James","3.1.9","0","a","NA","space","space","space","a","return","643","NA","148901","11392","7534","643","23392","2","legacy","1024","2","48000","-16","experiment","5","odd","absent","464966","464965","NA","368926","1312","169234","492936","493454","1371","150289","161699","493455","494103","441514","492917","Fraction component detection task","237","152950","240","yes","1280"
"98.755186722","98.755186722","637.394190871","637.394190871","#808080","no","legacy","legacy","legacy","0","uniform","1","undefined","undefined","undefined","1","a","1","1","0","240","0","0","240","240","0","0","0","240","240","1","240","Fri Apr 27 13:03:26 2018","#000000","high","3","The main experiment item","yes","","experiment.osexp","/Users/tom/github/sft-fraction/procedure","no","mono","no","24","no","white","no","yes","800","legacy","24","24","1","/Users/tom/github/sft-fraction/results/data/subject-5a.csv","legacy","#000000","high","4","Jazzy James","3.1.9","0","a","NA","space","space","space","a","return","662","NA","148901","11392","7534","662","23392","2","legacy","1024","2","48000","-16","experiment","5","odd","absent","464966","464965","NA","368926","1312","169234","494183","494701","1371","150289","161699","494701","495367","441514","494166","Fraction component detection task","238","153612","241","yes","1280"
"98.7603305785","98.7603305785","638.79338843","638.79338843","#808080","no","legacy","legacy","legacy","0","uniform","1","undefined","undefined","undefined","1","l","1","1","0","241","0","0","241","241","0","0","0","241","241","1","241","Fri Apr 27 13:03:26 2018","#000000","high","6","The main experiment item","yes","","experiment.osexp","/Users/tom/github/sft-fraction/procedure","no","mono","no","24","no","white","no","yes","800","legacy","25","25","1","/Users/tom/github/sft-fraction/results/data/subject-5a.csv","legacy","#000000","high","3","Jazzy James","3.1.9","0","l","NA","space","space","space","l","return","976","NA","148901","11392","7534","976","23392","2","legacy","1024","2","48000","-16","experiment","5","odd","present","464966","464965","NA","368926","1312","169234","495454","495971","1371","150289","161699","495971","496952","441514","495435","Fraction component detection task","239","154588","242","yes","1280"
"98.7654320988","98.7654320988","638.567901235","638.567901235","#808080","no","legacy","legacy","legacy","0","uniform","1","undefined","undefined","undefined","1","l","1","1","0","242","0","0","242","242","0","0","0","242","242","1","242","Fri Apr 27 13:03:26 2018","#000000","high","7","The main experiment item","yes","","experiment.osexp","/Users/tom/github/sft-fraction/procedure","no","mono","no","24","no","white","no","yes","800","legacy","26","26","1","/Users/tom/github/sft-fraction/results/data/subject-5a.csv","legacy","#000000","high","3","Jazzy James","3.1.9","0","l","NA","space","space","space","l","return","584","NA","148901","11392","7534","584","23392","2","legacy","1024","2","48000","-16","experiment","5","odd","present","464966","464965","NA","368926","1312","169234","497036","497554","1371","150289","161699","497554","498143","441514","497016","Fraction component detection task","240","155172","243","yes","1280"
"98.7704918033","98.7704918033","638.31147541","638.31147541","#808080","no","legacy","legacy","legacy","0","uniform","1","undefined","undefined","undefined","1","a","1","1","0","243","0","0","243","243","0","0","0","243","243","1","243","Fri Apr 27 13:03:26 2018","#757575","low","3","The main experiment item","yes","","experiment.osexp","/Users/tom/github/sft-fraction/procedure","no","mono","no","24","no","white","no","yes","800","legacy","27","27","1","/Users/tom/github/sft-fraction/results/data/subject-5a.csv","legacy","#000000","high","3","Jazzy James","3.1.9","0","a","NA","space","space","space","a","return","576","NA","148901","11392","7534","576","23392","2","legacy","1024","2","48000","-16","experiment","5","odd","absent","464966","464965","NA","368926","1312","169234","498222","498739","1371","150289","161699","498740","499320","441514","498207","Fraction component detection task","241","155748","244","yes","1280"
"98.7755102041","98.7755102041","637.914285714","637.914285714","#808080","no","legacy","legacy","legacy","0","uniform","1","undefined","undefined","undefined","1","l","1","1","0","244","0","0","244","244","0","0","0","244","244","1","244","Fri Apr 27 13:03:26 2018","#000000","high","6","The main experiment item","yes","","experiment.osexp","/Users/tom/github/sft-fraction/procedure","no","mono","no","24","no","white","no","yes","800","legacy","28","28","1","/Users/tom/github/sft-fraction/results/data/subject-5a.csv","legacy","#757575","low","7","Jazzy James","3.1.9","0","l","NA","space","space","space","l","return","541","NA","148901","11392","7534","541","23392","2","legacy","1024","2","48000","-16","experiment","5","odd","present","464966","464965","NA","368926","1312","169234","499401","499918","1371","150289","161699","499918","500468","441514","499385","Fraction component detection task","242","156289","245","yes","1280"
"98.7804878049","98.7804878049","638.532520325","638.532520325","#808080","no","legacy","legacy","legacy","0","uniform","1","undefined","undefined","undefined","1","l","1","1","0","245","0","0","245","245","0","0","0","245","245","1","245","Fri Apr 27 13:03:26 2018","#000000","high","7","The main experiment item","yes","","experiment.osexp","/Users/tom/github/sft-fraction/procedure","no","mono","no","24","no","white","no","yes","800","legacy","29","29","1","/Users/tom/github/sft-fraction/results/data/subject-5a.csv","legacy","#000000","high","2","Jazzy James","3.1.9","0","l","NA","space","space","space","l","return","790","NA","148901","11392","7534","790","23392","2","legacy","1024","2","48000","-16","experiment","5","odd","present","464966","464965","NA","368926","1312","169234","500569","501086","1371","150289","161699","501086","501885","441514","500547","Fraction component detection task","243","157079","246","yes","1280"
"98.7854251012","98.7854251012","638.477732794","638.477732794","#808080","no","legacy","legacy","legacy","0","uniform","1","undefined","undefined","undefined","1","a","1","1","0","246","0","0","246","246","0","0","0","246","246","1","246","Fri Apr 27 13:03:26 2018","#000000","high","3","The main experiment item","yes","","experiment.osexp","/Users/tom/github/sft-fraction/procedure","no","mono","no","24","no","white","no","yes","800","legacy","30","30","1","/Users/tom/github/sft-fraction/results/data/subject-5a.csv","legacy","#757575","low","4","Jazzy James","3.1.9","0","a","NA","space","space","space","a","return","625","NA","148901","11392","7534","625","23392","2","legacy","1024","2","48000","-16","experiment","5","odd","absent","464966","464965","NA","368926","1312","169234","501969","502490","1371","150289","161699","502490","503119","441514","501951","Fraction component detection task","244","157704","247","yes","1280"
"98.7903225806","98.7903225806","640.193548387","640.193548387","#808080","no","legacy","legacy","legacy","0","uniform","1","undefined","undefined","undefined","1","l","1","1","0","247","0","0","247","247","0","0","0","247","247","1","247","Fri Apr 27 13:03:26 2018","#757575","low","7","The main experiment item","yes","","experiment.osexp","/Users/tom/github/sft-fraction/procedure","no","mono","no","24","no","white","no","yes","800","legacy","31","31","1","/Users/tom/github/sft-fraction/results/data/subject-5a.csv","legacy","#757575","low","3","Jazzy James","3.1.9","0","l","NA","space","space","space","l","return","1064","NA","148901","11392","7534","1064","23392","2","legacy","1024","2","48000","-16","experiment","5","odd","present","464966","464965","NA","368926","1312","169234","503199","503716","1371","150289","161699","503716","504784","441514","503184","Fraction component detection task","245","158768","248","yes","1280"
"98.7951807229","98.7951807229","641.128514056","641.128514056","#808080","no","legacy","legacy","legacy","0","uniform","1","undefined","undefined","undefined","1","a","1","1","0","248","0","0","248","248","0","0","0","248","248","1","248","Fri Apr 27 13:03:26 2018","#000000","high","4","The main experiment item","yes","","experiment.osexp","/Users/tom/github/sft-fraction/procedure","no","mono","no","24","no","white","no","yes","800","legacy","32","32","1","/Users/tom/github/sft-fraction/results/data/subject-5a.csv","legacy","#000000","high","2","Jazzy James","3.1.9","0","a","NA","space","space","space","a","return","873","NA","148901","11392","7534","873","23392","2","legacy","1024","2","48000","-16","experiment","5","odd","absent","464966","464965","NA","368926","1312","169234","504868","505386","1371","150289","161699","505386","506264","441514","504853","Fraction component detection task","246","159641","249","yes","1280"
"98.8","98.8","643.236","643.236","#808080","no","legacy","legacy","legacy","0","uniform","1","undefined","undefined","undefined","1","l","1","1","0","249","0","0","249","249","0","0","0","249","249","1","249","Fri Apr 27 13:03:26 2018","#000000","high","2","The main experiment item","yes","","experiment.osexp","/Users/tom/github/sft-fraction/procedure","no","mono","no","24","no","white","no","yes","800","legacy","33","33","1","/Users/tom/github/sft-fraction/results/data/subject-5a.csv","legacy","#757575","low","7","Jazzy James","3.1.9","0","l","NA","space","space","space","l","return","1168","NA","148901","11392","7534","1168","23392","2","legacy","1024","2","48000","-16","experiment","5","odd","present","464966","464965","NA","368926","1312","169234","506349","506867","1371","150289","161699","506867","508039","441514","506334","Fraction component detection task","247","160809","250","yes","1280"
"98.8047808765","98.8047808765","643.61752988","643.61752988","#808080","no","legacy","legacy","legacy","0","uniform","1","undefined","undefined","undefined","1","l","1","1","0","250","0","0","250","250","0","0","0","250","250","1","250","Fri Apr 27 13:03:26 2018","#757575","low","6","The main experiment item","yes","","experiment.osexp","/Users/tom/github/sft-fraction/procedure","no","mono","no","24","no","white","no","yes","800","legacy","34","34","1","/Users/tom/github/sft-fraction/results/data/subject-5a.csv","legacy","#757575","low","6","Jazzy James","3.1.9","0","l","NA","space","space","space","l","return","739","NA","148901","11392","7534","739","23392","2","legacy","1024","2","48000","-16","experiment","5","odd","present","464966","464965","NA","368926","1312","169234","508124","508641","1371","150289","161699","508641","509387","441514","508108","Fraction component detection task","248","161548","251","yes","1280"
"98.8095238095","98.8095238095","643.51984127","643.51984127","#808080","no","legacy","legacy","legacy","0","uniform","1","undefined","undefined","undefined","1","a","1","1","0","251","0","0","251","251","0","0","0","251","251","1","251","Fri Apr 27 13:03:26 2018","#757575","low","2","The main experiment item","yes","","experiment.osexp","/Users/tom/github/sft-fraction/procedure","no","mono","no","24","no","white","no","yes","800","legacy","35","35","1","/Users/tom/github/sft-fraction/results/data/subject-5a.csv","legacy","#000000","high","3","Jazzy James","3.1.9","0","a","NA","space","space","space","a","return","619","NA","148901","11392","7534","619","23392","2","legacy","1024","2","48000","-16","experiment","5","odd","absent","464966","464965","NA","368926","1312","169234","509476","509993","1371","150289","161699","509993","510617","441514","509458","Fraction component detection task","249","162167","252","yes","1280"
"98.814229249","98.814229249","643.288537549","643.288537549","#808080","no","legacy","legacy","legacy","0","uniform","1","undefined","undefined","undefined","1","a","1","1","0","252","0","0","252","252","0","0","0","252","252","1","252","Fri Apr 27 13:03:26 2018","#757575","low","4","The main experiment item","yes","","experiment.osexp","/Users/tom/github/sft-fraction/procedure","no","mono","no","24","no","white","no","yes","800","legacy","36","36","1","/Users/tom/github/sft-fraction/results/data/subject-5a.csv","legacy","#000000","high","4","Jazzy James","3.1.9","0","a","NA","space","space","space","a","return","585","NA","148901","11392","7534","585","23392","2","legacy","1024","2","48000","-16","experiment","5","odd","absent","464966","464965","NA","368926","1312","169234","510695","511211","1371","150289","161699","511211","511802","441514","510680","Fraction component detection task","250","162752","253","yes","1280"
"98.8188976378","98.8188976378","643.543307087","643.543307087","#808080","no","legacy","legacy","legacy","0","uniform","1","undefined","undefined","undefined","1","a","1","1","0","253","0","0","253","253","0","0","0","253","253","1","253","Fri Apr 27 13:03:26 2018","#757575","low","2","The main experiment item","yes","","experiment.osexp","/Users/tom/github/sft-fraction/procedure","no","mono","no","24","no","white","no","yes","800","legacy","37","37","1","/Users/tom/github/sft-fraction/results/data/subject-5a.csv","legacy","#757575","low","3","Jazzy James","3.1.9","0","a","NA","space","space","space","a","return","708","NA","148901","11392","7534","708","23392","2","legacy","1024","2","48000","-16","experiment","5","odd","absent","464966","464965","NA","368926","1312","169234","511885","512407","1371","150289","161699","512407","513120","441514","511870","Fraction component detection task","251","163460","254","yes","1280"
"98.8235294118","98.8235294118","643.058823529","643.058823529","#808080","no","legacy","legacy","legacy","0","uniform","1","undefined","undefined","undefined","1","l","1","1","0","254","0","0","254","254","0","0","0","254","254","1","254","Fri Apr 27 13:03:26 2018","#757575","low","2","The main experiment item","yes","","experiment.osexp","/Users/tom/github/sft-fraction/procedure","no","mono","no","24","no","white","no","yes","800","legacy","38","38","1","/Users/tom/github/sft-fraction/results/data/subject-5a.csv","legacy","#000000","high","8","Jazzy James","3.1.9","0","l","NA","space","space","space","l","return","520","NA","148901","11392","7534","520","23392","2","legacy","1024","2","48000","-16","experiment","5","odd","present","464966","464965","NA","368926","1312","169234","513205","513723","1371","150289","161699","513723","514249","441514","513188","Fraction component detection task","252","163980","255","yes","1280"
"98.828125","98.828125","643.04296875","643.04296875","#808080","no","legacy","legacy","legacy","0","uniform","1","undefined","undefined","undefined","1","l","1","1","0","255","0","0","255","255","0","0","0","255","255","1","255","Fri Apr 27 13:03:26 2018","#757575","low","3","The main experiment item","yes","","experiment.osexp","/Users/tom/github/sft-fraction/procedure","no","mono","no","24","no","white","no","yes","800","legacy","39","39","1","/Users/tom/github/sft-fraction/results/data/subject-5a.csv","legacy","#000000","high","6","Jazzy James","3.1.9","0","l","NA","space","space","space","l","return","639","NA","148901","11392","7534","639","23392","2","legacy","1024","2","48000","-16","experiment","5","odd","present","464966","464965","NA","368926","1312","169234","514329","514845","1371","150289","161699","514845","515489","441514","514314","Fraction component detection task","253","164619","256","yes","1280"
"98.8326848249","98.8326848249","643.252918288","643.252918288","#808080","no","legacy","legacy","legacy","0","uniform","1","undefined","undefined","undefined","1","l","1","1","0","256","0","0","256","256","0","0","0","256","256","1","256","Fri Apr 27 13:03:26 2018","#757575","low","7","The main experiment item","yes","","experiment.osexp","/Users/tom/github/sft-fraction/procedure","no","mono","no","24","no","white","no","yes","800","legacy","40","40","1","/Users/tom/github/sft-fraction/results/data/subject-5a.csv","legacy","#000000","high","3","Jazzy James","3.1.9","0","l","NA","space","space","space","l","return","697","NA","148901","11392","7534","697","23392","2","legacy","1024","2","48000","-16","experiment","5","odd","present","464966","464965","NA","368926","1312","169234","515574","516091","1371","150289","161699","516091","516794","441514","515554","Fraction component detection task","254","165316","257","yes","1280"
"98.8372093023","98.8372093023","643.217054264","643.217054264","#808080","no","legacy","legacy","legacy","0","uniform","1","undefined","undefined","undefined","1","a","1","1","0","257","0","0","257","257","0","0","0","257","257","1","257","Fri Apr 27 13:03:26 2018","#000000","high","3","The main experiment item","yes","","experiment.osexp","/Users/tom/github/sft-fraction/procedure","no","mono","no","24","no","white","no","yes","800","legacy","41","41","1","/Users/tom/github/sft-fraction/results/data/subject-5a.csv","legacy","#000000","high","4","Jazzy James","3.1.9","0","a","NA","space","space","space","a","return","634","NA","148901","11392","7534","634","23392","2","legacy","1024","2","48000","-16","experiment","5","odd","absent","464966","464965","NA","368926","1312","169234","516881","517402","1371","150289","161699","517402","518042","441514","516863","Fraction component detection task","255","165950","258","yes","1280"
"98.8416988417","98.8416988417","642.756756757","642.756756757","#808080","no","legacy","legacy","legacy","0","uniform","1","undefined","undefined","undefined","1","l","1","1","0","258","0","0","258","258","0","0","0","258","258","1","258","Fri Apr 27 13:03:26 2018","#000000","high","3","The main experiment item","yes","","experiment.osexp","/Users/tom/github/sft-fraction/procedure","no","mono","no","24","no","white","no","yes","800","legacy","42","42","1","/Users/tom/github/sft-fraction/results/data/subject-5a.csv","legacy","#757575","low","8","Jazzy James","3.1.9","0","l","NA","space","space","space","l","return","524","NA","148901","11392","7534","524","23392","2","legacy","1024","2","48000","-16","experiment","5","odd","present","464966","464965","NA","368926","1312","169234","518123","518640","1371","150289","161699","518640","519168","441514","518107","Fraction component detection task","256","166474","259","yes","1280"
"98.8461538462","98.8461538462","642.488461538","642.488461538","#808080","no","legacy","legacy","legacy","0","uniform","1","undefined","undefined","undefined","1","l","1","1","0","259","0","0","259","259","0","0","0","259","259","1","259","Fri Apr 27 13:03:26 2018","#757575","low","6","The main experiment item","yes","","experiment.osexp","/Users/tom/github/sft-fraction/procedure","no","mono","no","24","no","white","no","yes","800","legacy","43","43","1","/Users/tom/github/sft-fraction/results/data/subject-5a.csv","legacy","#757575","low","3","Jazzy James","3.1.9","0","l","NA","space","space","space","l","return","573","NA","148901","11392","7534","573","23392","2","legacy","1024","2","48000","-16","experiment","5","odd","present","464966","464965","NA","368926","1312","169234","519247","519768","1371","150289","161699","519768","520347","441514","519231","Fraction component detection task","257","167047","260","yes","1280"
"98.8505747126","98.8505747126","642.475095785","642.475095785","#808080","no","legacy","legacy","legacy","0","uniform","1","undefined","undefined","undefined","1","l","1","1","0","260","0","0","260","260","0","0","0","260","260","1","260","Fri Apr 27 13:03:26 2018","#757575","low","7","The main experiment item","yes","","experiment.osexp","/Users/tom/github/sft-fraction/procedure","no","mono","no","24","no","white","no","yes","800","legacy","44","44","1","/Users/tom/github/sft-fraction/results/data/subject-5a.csv","legacy","#000000","high","4","Jazzy James","3.1.9","0","l","NA","space","space","space","l","return","639","NA","148901","11392","7534","639","23392","2","legacy","1024","2","48000","-16","experiment","5","odd","present","464966","464965","NA","368926","1312","169234","520439","520956","1371","150289","161699","520957","521601","441514","520422","Fraction component detection task","258","167686","261","yes","1280"
"98.8549618321","98.8549618321","642.164122137","642.164122137","#808080","no","legacy","legacy","legacy","0","uniform","1","undefined","undefined","undefined","1","a","1","1","0","261","0","0","261","261","0","0","0","261","261","1","261","Fri Apr 27 13:03:26 2018","#757575","low","3","The main experiment item","yes","","experiment.osexp","/Users/tom/github/sft-fraction/procedure","no","mono","no","24","no","white","no","yes","800","legacy","45","45","1","/Users/tom/github/sft-fraction/results/data/subject-5a.csv","legacy","#757575","low","2","Jazzy James","3.1.9","0","a","NA","space","space","space","a","return","561","NA","148901","11392","7534","561","23392","2","legacy","1024","2","48000","-16","experiment","5","odd","absent","464966","464965","NA","368926","1312","169234","521687","522204","1371","150289","161699","522204","522769","441514","521664","Fraction component detection task","259","168247","262","yes","1280"
"98.8593155894","98.8593155894","641.821292776","641.821292776","#808080","no","legacy","legacy","legacy","0","uniform","1","undefined","undefined","undefined","1","a","1","1","0","262","0","0","262","262","0","0","0","262","262","1","262","Fri Apr 27 13:03:26 2018","#000000","high","4","The main experiment item","yes","","experiment.osexp","/Users/tom/github/sft-fraction/procedure","no","mono","no","24","no","white","no","yes","800","legacy","46","46","1","/Users/tom/github/sft-fraction/results/data/subject-5a.csv","legacy","#757575","low","3","Jazzy James","3.1.9","0","a","NA","space","space","space","a","return","552","NA","148901","11392","7534","552","23392","2","legacy","1024","2","48000","-16","experiment","5","odd","absent","464966","464965","NA","368926","1312","169234","522848","523365","1371","150289","161699","523365","523921","441514","522832","Fraction component detection task","260","168799","263","yes","1280"
"98.8636363636","98.8636363636","641.223484848","641.223484848","#808080","no","legacy","legacy","legacy","0","uniform","1","undefined","undefined","undefined","1","l","1","1","0","263","0","0","263","263","0","0","0","263","263","1","263","Fri Apr 27 13:03:26 2018","#757575","low","8","The main experiment item","yes","","experiment.osexp","/Users/tom/github/sft-fraction/procedure","no","mono","no","24","no","white","no","yes","800","legacy","47","47","1","/Users/tom/github/sft-fraction/results/data/subject-5a.csv","legacy","#757575","low","8","Jazzy James","3.1.9","0","l","NA","space","space","space","l","return","484","NA","148901","11392","7534","484","23392","2","legacy","1024","2","48000","-16","experiment","5","odd","present","464966","464965","NA","368926","1312","169234","524009","524528","1371","150289","161699","524528","525017","441514","523990","Fraction component detection task","261","169283","264","yes","1280"
"98.8679245283","98.8679245283","642.61509434","642.61509434","#808080","no","legacy","legacy","legacy","0","uniform","1","undefined","undefined","undefined","1","a","1","1","0","264","0","0","264","264","0","0","0","264","264","1","264","Fri Apr 27 13:03:26 2018","#757575","low","3","The main experiment item","yes","","experiment.osexp","/Users/tom/github/sft-fraction/procedure","no","mono","no","24","no","white","no","yes","800","legacy","48","48","1","/Users/tom/github/sft-fraction/results/data/subject-5a.csv","legacy","#000000","high","4","Jazzy James","3.1.9","0","a","NA","space","space","space","a","return","1010","NA","148901","11392","7534","1010","23392","2","legacy","1024","2","48000","-16","experiment","5","odd","absent","464966","464965","NA","368926","1312","169234","525101","525619","1371","150289","161699","525619","526634","441514","525085","Fraction component detection task","262","170293","265","yes","1280"
"98.4962406015","98.4962406015","642.458646617","642.458646617","#808080","no","legacy","legacy","legacy","0","uniform","0","undefined","undefined","undefined","0","l","1","1","0","265","0","0","265","265","0","0","0","265","265","1","265","Fri Apr 27 13:03:26 2018","#000000","high","6","The main experiment item","yes","","experiment.osexp","/Users/tom/github/sft-fraction/procedure","no","mono","no","24","no","white","no","yes","800","legacy","49","49","1","/Users/tom/github/sft-fraction/results/data/subject-5a.csv","legacy","#000000","high","6","Jazzy James","3.1.9","0","a","NA","space","space","space","a","return","601","NA","148901","11392","7534","601","23392","2","legacy","1024","2","48000","-16","experiment","5","odd","present","464966","464965","NA","368926","1312","169234","526719","527236","1371","150289","161699","527236","527842","441514","526699","Fraction component detection task","262","170894","266","yes","1280"
"98.5018726592","98.5018726592","642.797752809","642.797752809","#808080","no","legacy","legacy","legacy","0","uniform","1","undefined","undefined","undefined","1","a","1","1","0","266","0","0","266","266","0","0","0","266","266","1","266","Fri Apr 27 13:03:26 2018","#000000","high","2","The main experiment item","yes","","experiment.osexp","/Users/tom/github/sft-fraction/procedure","no","mono","no","24","no","white","no","yes","800","legacy","50","50","1","/Users/tom/github/sft-fraction/results/data/subject-5a.csv","legacy","#000000","high","4","Jazzy James","3.1.9","0","a","NA","space","space","space","a","return","733","NA","148901","11392","7534","733","23392","2","legacy","1024","2","48000","-16","experiment","5","odd","absent","464966","464965","NA","527861","1312","169234","528946","529462","1371","150289","161699","529463","530203","441514","528925","Fraction component detection task","263","171627","267","yes","1280"
"98.5074626866","98.5074626866","642.48880597","642.48880597","#808080","no","legacy","legacy","legacy","0","uniform","1","undefined","undefined","undefined","1","l","1","1","0","267","0","0","267","267","0","0","0","267","267","1","267","Fri Apr 27 13:03:26 2018","#757575","low","8","The main experiment item","yes","","experiment.osexp","/Users/tom/github/sft-fraction/procedure","no","mono","no","24","no","white","no","yes","800","legacy","51","51","1","/Users/tom/github/sft-fraction/results/data/subject-5a.csv","legacy","#000000","high","8","Jazzy James","3.1.9","0","l","NA","space","space","space","l","return","560","NA","148901","11392","7534","560","23392","2","legacy","1024","2","48000","-16","experiment","5","odd","present","464966","464965","NA","527861","1312","169234","530288","530805","1371","150289","161699","530805","531370","441514","530272","Fraction component detection task","264","172187","268","yes","1280"
"98.5130111524","98.5130111524","643.319702602","643.319702602","#808080","no","legacy","legacy","legacy","0","uniform","1","undefined","undefined","undefined","1","l","1","1","0","268","0","0","268","268","0","0","0","268","268","1","268","Fri Apr 27 13:03:26 2018","#757575","low","6","The main experiment item","yes","","experiment.osexp","/Users/tom/github/sft-fraction/procedure","no","mono","no","24","no","white","no","yes","800","legacy","52","52","1","/Users/tom/github/sft-fraction/results/data/subject-5a.csv","legacy","#757575","low","4","Jazzy James","3.1.9","0","l","NA","space","space","space","l","return","866","NA","148901","11392","7534","866","23392","2","legacy","1024","2","48000","-16","experiment","5","odd","present","464966","464965","NA","527861","1312","169234","531450","531970","1371","150289","161699","531971","532842","441514","531435","Fraction component detection task","265","173053","269","yes","1280"
"98.5185185185","98.5185185185","642.996296296","642.996296296","#808080","no","legacy","legacy","legacy","0","uniform","1","undefined","undefined","undefined","1","l","1","1","0","269","0","0","269","269","0","0","0","269","269","1","269","Fri Apr 27 13:03:26 2018","#757575","low","3","The main experiment item","yes","","experiment.osexp","/Users/tom/github/sft-fraction/procedure","no","mono","no","24","no","white","no","yes","800","legacy","53","53","1","/Users/tom/github/sft-fraction/results/data/subject-5a.csv","legacy","#757575","low","8","Jazzy James","3.1.9","0","l","NA","space","space","space","l","return","556","NA","148901","11392","7534","556","23392","2","legacy","1024","2","48000","-16","experiment","5","odd","present","464966","464965","NA","527861","1312","169234","532924","533441","1371","150289","161699","533441","534001","441514","532907","Fraction component detection task","266","173609","270","yes","1280"
"98.5239852399","98.5239852399","643.073800738","643.073800738","#808080","no","legacy","legacy","legacy","0","uniform","1","undefined","undefined","undefined","1","a","1","1","0","270","0","0","270","270","0","0","0","270","270","1","270","Fri Apr 27 13:03:26 2018","#000000","high","3","The main experiment item","yes","","experiment.osexp","/Users/tom/github/sft-fraction/procedure","no","mono","no","24","no","white","no","yes","800","legacy","54","54","1","/Users/tom/github/sft-fraction/results/data/subject-5a.csv","legacy","#000000","high","3","Jazzy James","3.1.9","0","a","NA","space","space","space","a","return","664","NA","148901","11392","7534","664","23392","2","legacy","1024","2","48000","-16","experiment","5","odd","absent","464966","464965","NA","527861","1312","169234","534087","534604","1371","150289","161699","534604","535273","441514","534070","Fraction component detection task","267","174273","271","yes","1280"
"98.5294117647","98.5294117647","643.323529412","643.323529412","#808080","no","legacy","legacy","legacy","0","uniform","1","undefined","undefined","undefined","1","a","1","1","0","271","0","0","271","271","0","0","0","271","271","1","271","Fri Apr 27 13:03:26 2018","#757575","low","3","The main experiment item","yes","","experiment.osexp","/Users/tom/github/sft-fraction/procedure","no","mono","no","24","no","white","no","yes","800","legacy","55","55","1","/Users/tom/github/sft-fraction/results/data/subject-5a.csv","legacy","#757575","low","4","Jazzy James","3.1.9","0","a","NA","space","space","space","a","return","711","NA","148901","11392","7534","711","23392","2","legacy","1024","2","48000","-16","experiment","5","odd","absent","464966","464965","NA","527861","1312","169234","535361","535878","1371","150289","161699","535878","536595","441514","535345","Fraction component detection task","268","174984","272","yes","1280"
"98.5347985348","98.5347985348","642.926739927","642.926739927","#808080","no","legacy","legacy","legacy","0","uniform","1","undefined","undefined","undefined","1","a","1","1","0","272","0","0","272","272","0","0","0","272","272","1","272","Fri Apr 27 13:03:26 2018","#000000","high","2","The main experiment item","yes","","experiment.osexp","/Users/tom/github/sft-fraction/procedure","no","mono","no","24","no","white","no","yes","800","legacy","56","56","1","/Users/tom/github/sft-fraction/results/data/subject-5a.csv","legacy","#000000","high","2","Jazzy James","3.1.9","0","a","NA","space","space","space","a","return","535","NA","148901","11392","7534","535","23392","2","legacy","1024","2","48000","-16","experiment","5","odd","absent","464966","464965","NA","527861","1312","169234","536682","537198","1371","150289","161699","537198","537738","441514","536664","Fraction component detection task","269","175519","273","yes","1280"
"98.5401459854","98.5401459854","642.813868613","642.813868613","#808080","no","legacy","legacy","legacy","0","uniform","1","undefined","undefined","undefined","1","l","1","1","0","273","0","0","273","273","0","0","0","273","273","1","273","Fri Apr 27 13:03:26 2018","#757575","low","6","The main experiment item","yes","","experiment.osexp","/Users/tom/github/sft-fraction/procedure","no","mono","no","24","no","white","no","yes","800","legacy","57","57","1","/Users/tom/github/sft-fraction/results/data/subject-5a.csv","legacy","#000000","high","4","Jazzy James","3.1.9","0","l","NA","space","space","space","l","return","612","NA","148901","11392","7534","612","23392","2","legacy","1024","2","48000","-16","experiment","5","odd","present","464966","464965","NA","527861","1312","169234","537827","538345","1371","150289","161699","538345","538962","441514","537808","Fraction component detection task","270","176131","274","yes","1280"
"98.5454545455","98.5454545455","642.661818182","642.661818182","#808080","no","legacy","legacy","legacy","0","uniform","1","undefined","undefined","undefined","1","a","1","1","0","274","0","0","274","274","0","0","0","274","274","1","274","Fri Apr 27 13:03:26 2018","#757575","low","4","The main experiment item","yes","","experiment.osexp","/Users/tom/github/sft-fraction/procedure","no","mono","no","24","no","white","no","yes","800","legacy","58","58","1","/Users/tom/github/sft-fraction/results/data/subject-5a.csv","legacy","#000000","high","2","Jazzy James","3.1.9","0","a","NA","space","space","space","a","return","601","NA","148901","11392","7534","601","23392","2","legacy","1024","2","48000","-16","experiment","5","odd","absent","464966","464965","NA","527861","1312","169234","539043","539564","1371","150289","161699","539564","540170","441514","539027","Fraction component detection task","271","176732","275","yes","1280"
"98.5507246377","98.5507246377","642.666666667","642.666666667","#808080","no","legacy","legacy","legacy","0","uniform","1","undefined","undefined","undefined","1","a","1","1","0","275","0","0","275","275","0","0","0","275","275","1","275","Fri Apr 27 13:03:26 2018","#757575","low","3","The main experiment item","yes","","experiment.osexp","/Users/tom/github/sft-fraction/procedure","no","mono","no","24","no","white","no","yes","800","legacy","59","59","1","/Users/tom/github/sft-fraction/results/data/subject-5a.csv","legacy","#000000","high","3","Jazzy James","3.1.9","0","a","NA","space","space","space","a","return","644","NA","148901","11392","7534","644","23392","2","legacy","1024","2","48000","-16","experiment","5","odd","absent","464966","464965","NA","527861","1312","169234","540251","540770","1371","150289","161699","540770","541418","441514","540235","Fraction component detection task","272","177376","276","yes","1280"
"98.5559566787","98.5559566787","642.288808664","642.288808664","#808080","no","legacy","legacy","legacy","0","uniform","1","undefined","undefined","undefined","1","a","1","1","0","276","0","0","276","276","0","0","0","276","276","1","276","Fri Apr 27 13:03:26 2018","#757575","low","2","The main experiment item","yes","","experiment.osexp","/Users/tom/github/sft-fraction/procedure","no","mono","no","24","no","white","no","yes","800","legacy","60","60","1","/Users/tom/github/sft-fraction/results/data/subject-5a.csv","legacy","#000000","high","4","Jazzy James","3.1.9","0","a","NA","space","space","space","a","return","538","NA","148901","11392","7534","538","23392","2","legacy","1024","2","48000","-16","experiment","5","odd","absent","464966","464965","NA","527861","1312","169234","541502","542019","1371","150289","161699","542020","542563","441514","541481","Fraction component detection task","273","177914","277","yes","1280"
"98.5611510791","98.5611510791","641.935251799","641.935251799","#808080","no","legacy","legacy","legacy","0","uniform","1","undefined","undefined","undefined","1","l","1","1","0","277","0","0","277","277","0","0","0","277","277","1","277","Fri Apr 27 13:03:26 2018","#000000","high","2","The main experiment item","yes","","experiment.osexp","/Users/tom/github/sft-fraction/procedure","no","mono","no","24","no","white","no","yes","800","legacy","61","61","1","/Users/tom/github/sft-fraction/results/data/subject-5a.csv","legacy","#757575","low","6","Jazzy James","3.1.9","0","l","NA","space","space","space","l","return","544","NA","148901","11392","7534","544","23392","2","legacy","1024","2","48000","-16","experiment","5","odd","present","464966","464965","NA","527861","1312","169234","542645","543166","1371","150289","161699","543166","543715","441514","542627","Fraction component detection task","274","178458","278","yes","1280"
"98.5663082437","98.5663082437","641.627240143","641.627240143","#808080","no","legacy","legacy","legacy","0","uniform","1","undefined","undefined","undefined","1","l","1","1","0","278","0","0","278","278","0","0","0","278","278","1","278","Fri Apr 27 13:03:26 2018","#000000","high","2","The main experiment item","yes","","experiment.osexp","/Users/tom/github/sft-fraction/procedure","no","mono","no","24","no","white","no","yes","800","legacy","62","62","1","/Users/tom/github/sft-fraction/results/data/subject-5a.csv","legacy","#000000","high","8","Jazzy James","3.1.9","0","l","NA","space","space","space","l","return","556","NA","148901","11392","7534","556","23392","2","legacy","1024","2","48000","-16","experiment","5","odd","present","464966","464965","NA","527861","1312","169234","543796","544314","1371","150289","161699","544314","544875","441514","543780","Fraction component detection task","275","179014","279","yes","1280"
"98.5714285714","98.5714285714","642.203571429","642.203571429","#808080","no","legacy","legacy","legacy","0","uniform","1","undefined","undefined","undefined","1","l","1","1","0","279","0","0","279","279","0","0","0","279","279","1","279","Fri Apr 27 13:03:26 2018","#000000","high","8","The main experiment item","yes","","experiment.osexp","/Users/tom/github/sft-fraction/procedure","no","mono","no","24","no","white","no","yes","800","legacy","63","63","1","/Users/tom/github/sft-fraction/results/data/subject-5a.csv","legacy","#757575","low","4","Jazzy James","3.1.9","0","l","NA","space","space","space","l","return","803","NA","148901","11392","7534","803","23392","2","legacy","1024","2","48000","-16","experiment","5","odd","present","464966","464965","NA","527861","1312","169234","544958","545474","1371","150289","161699","545474","546282","441514","544942","Fraction component detection task","276","179817","280","yes","1280"
"98.5765124555","98.5765124555","641.960854093","641.960854093","#808080","no","legacy","legacy","legacy","0","uniform","1","undefined","undefined","undefined","1","l","1","1","0","280","0","0","280","280","0","0","0","280","280","1","280","Fri Apr 27 13:03:26 2018","#000000","high","7","The main experiment item","yes","","experiment.osexp","/Users/tom/github/sft-fraction/procedure","no","mono","no","24","no","white","no","yes","800","legacy","64","64","1","/Users/tom/github/sft-fraction/results/data/subject-5a.csv","legacy","#757575","low","4","Jazzy James","3.1.9","0","l","NA","space","space","space","l","return","574","NA","148901","11392","7534","574","23392","2","legacy","1024","2","48000","-16","experiment","5","odd","present","464966","464965","NA","527861","1312","169234","546366","546887","1371","150289","161699","546888","547469","441514","546346","Fraction component detection task","277","180391","281","yes","1280"
"98.5815602837","98.5815602837","641.794326241","641.794326241","#808080","no","legacy","legacy","legacy","0","uniform","1","undefined","undefined","undefined","1","l","1","1","0","281","0","0","281","281","0","0","0","281","281","1","281","Fri Apr 27 13:03:26 2018","#757575","low","8","The main experiment item","yes","","experiment.osexp","/Users/tom/github/sft-fraction/procedure","no","mono","no","24","no","white","no","yes","800","legacy","65","65","1","/Users/tom/github/sft-fraction/results/data/subject-5a.csv","legacy","#757575","low","2","Jazzy James","3.1.9","0","l","NA","space","space","space","l","return","595","NA","148901","11392","7534","595","23392","2","legacy","1024","2","48000","-16","experiment","5","odd","present","464966","464965","NA","527861","1312","169234","547550","548067","1371","150289","161699","548067","548669","441514","547534","Fraction component detection task","278","180986","282","yes","1280"
"98.5865724382","98.5865724382","641.473498233","641.473498233","#808080","no","legacy","legacy","legacy","0","uniform","1","undefined","undefined","undefined","1","l","1","1","0","282","0","0","282","282","0","0","0","282","282","1","282","Fri Apr 27 13:03:26 2018","#757575","low","7","The main experiment item","yes","","experiment.osexp","/Users/tom/github/sft-fraction/procedure","no","mono","no","24","no","white","no","yes","800","legacy","66","66","1","/Users/tom/github/sft-fraction/results/data/subject-5a.csv","legacy","#000000","high","2","Jazzy James","3.1.9","0","l","NA","space","space","space","l","return","551","NA","148901","11392","7534","551","23392","2","legacy","1024","2","48000","-16","experiment","5","odd","present","464966","464965","NA","527861","1312","169234","548753","549271","1371","150289","161699","549271","549827","441514","548736","Fraction component detection task","279","181537","283","yes","1280"
"98.5915492958","98.5915492958","641.169014085","641.169014085","#808080","no","legacy","legacy","legacy","0","uniform","1","undefined","undefined","undefined","1","a","1","1","0","283","0","0","283","283","0","0","0","283","283","1","283","Fri Apr 27 13:03:26 2018","#000000","high","3","The main experiment item","yes","","experiment.osexp","/Users/tom/github/sft-fraction/procedure","no","mono","no","24","no","white","no","yes","800","legacy","67","67","1","/Users/tom/github/sft-fraction/results/data/subject-5a.csv","legacy","#757575","low","3","Jazzy James","3.1.9","0","a","NA","space","space","space","a","return","555","NA","148901","11392","7534","555","23392","2","legacy","1024","2","48000","-16","experiment","5","odd","absent","464966","464965","NA","527861","1312","169234","549909","550427","1371","150289","161699","550427","550987","441514","549893","Fraction component detection task","280","182092","284","yes","1280"
"98.5964912281","98.5964912281","640.985964912","640.985964912","#808080","no","legacy","legacy","legacy","0","uniform","1","undefined","undefined","undefined","1","a","1","1","0","284","0","0","284","284","0","0","0","284","284","1","284","Fri Apr 27 13:03:26 2018","#757575","low","4","The main experiment item","yes","","experiment.osexp","/Users/tom/github/sft-fraction/procedure","no","mono","no","24","no","white","no","yes","800","legacy","68","68","1","/Users/tom/github/sft-fraction/results/data/subject-5a.csv","legacy","#000000","high","3","Jazzy James","3.1.9","0","a","NA","space","space","space","a","return","589","NA","148901","11392","7534","589","23392","2","legacy","1024","2","48000","-16","experiment","5","odd","absent","464966","464965","NA","527861","1312","169234","551067","551584","1371","150289","161699","551584","552178","441514","551052","Fraction component detection task","281","182681","285","yes","1280"
"98.6013986014","98.6013986014","640.965034965","640.965034965","#808080","no","legacy","legacy","legacy","0","uniform","1","undefined","undefined","undefined","1","l","1","1","0","285","0","0","285","285","0","0","0","285","285","1","285","Fri Apr 27 13:03:26 2018","#757575","low","8","The main experiment item","yes","","experiment.osexp","/Users/tom/github/sft-fraction/procedure","no","mono","no","24","no","white","no","yes","800","legacy","69","69","1","/Users/tom/github/sft-fraction/results/data/subject-5a.csv","legacy","#000000","high","2","Jazzy James","3.1.9","0","l","NA","space","space","space","l","return","635","NA","148901","11392","7534","635","23392","2","legacy","1024","2","48000","-16","experiment","5","odd","present","464966","464965","NA","527861","1312","169234","552266","552787","1371","150289","161699","552787","553428","441514","552248","Fraction component detection task","282","183316","286","yes","1280"
"98.606271777","98.606271777","640.986062718","640.986062718","#808080","no","legacy","legacy","legacy","0","uniform","1","undefined","undefined","undefined","1","a","1","1","0","286","0","0","286","286","0","0","0","286","286","1","286","Fri Apr 27 13:03:26 2018","#757575","low","4","The main experiment item","yes","","experiment.osexp","/Users/tom/github/sft-fraction/procedure","no","mono","no","24","no","white","no","yes","800","legacy","70","70","1","/Users/tom/github/sft-fraction/results/data/subject-5a.csv","legacy","#000000","high","4","Jazzy James","3.1.9","0","a","NA","space","space","space","a","return","647","NA","148901","11392","7534","647","23392","2","legacy","1024","2","48000","-16","experiment","5","odd","absent","464966","464965","NA","527861","1312","169234","553515","554031","1371","150289","161699","554031","554684","441514","553498","Fraction component detection task","283","183963","287","yes","1280"
"98.6111111111","98.6111111111","640.489583333","640.489583333","#808080","no","legacy","legacy","legacy","0","uniform","1","undefined","undefined","undefined","1","l","1","1","0","287","0","0","287","287","0","0","0","287","287","1","287","Fri Apr 27 13:03:26 2018","#000000","high","7","The main experiment item","yes","","experiment.osexp","/Users/tom/github/sft-fraction/procedure","no","mono","no","24","no","white","no","yes","800","legacy","71","71","1","/Users/tom/github/sft-fraction/results/data/subject-5a.csv","legacy","#000000","high","4","Jazzy James","3.1.9","0","l","NA","space","space","space","l","return","498","NA","148901","11392","7534","498","23392","2","legacy","1024","2","48000","-16","experiment","5","odd","present","464966","464965","NA","527861","1312","169234","554768","555284","1371","150289","161699","555284","555788","441514","554752","Fraction component detection task","284","184461","288","yes","1280"
"98.615916955","98.615916955","640.39100346","640.39100346","#808080","no","legacy","legacy","legacy","0","uniform","1","undefined","undefined","undefined","1","l","1","1","0","288","0","0","288","288","0","0","0","288","288","1","288","Fri Apr 27 13:03:26 2018","#757575","low","6","The main experiment item","yes","","experiment.osexp","/Users/tom/github/sft-fraction/procedure","no","mono","no","24","no","white","no","yes","800","legacy","72","72","1","/Users/tom/github/sft-fraction/results/data/subject-5a.csv","legacy","#000000","high","8","Jazzy James","3.1.9","0","l","NA","space","space","space","l","return","612","NA","148901","11392","7534","612","23392","2","legacy","1024","2","48000","-16","experiment","5","odd","present","464966","464965","NA","527861","1312","169234","555869","556386","1371","150289","161699","556387","557003","441514","555854","Fraction component detection task","285","185073","289","yes","1280"
"98.6206896552","98.6206896552","639.937931034","639.937931034","#808080","no","legacy","legacy","legacy","0","uniform","1","undefined","undefined","undefined","1","a","1","1","0","289","0","0","289","289","0","0","0","289","289","1","289","Fri Apr 27 13:03:26 2018","#000000","high","2","The main experiment item","yes","","experiment.osexp","/Users/tom/github/sft-fraction/procedure","no","mono","no","24","no","white","no","yes","800","legacy","73","73","1","/Users/tom/github/sft-fraction/results/data/subject-5a.csv","legacy","#000000","high","2","Jazzy James","3.1.9","0","a","NA","space","space","space","a","return","509","NA","148901","11392","7534","509","23392","2","legacy","1024","2","48000","-16","experiment","5","odd","absent","464966","464965","NA","527861","1312","169234","557084","557600","1371","150289","161699","557601","558118","441514","557068","Fraction component detection task","286","185582","290","yes","1280"
"98.6254295533","98.6254295533","639.931271478","639.931271478","#808080","no","legacy","legacy","legacy","0","uniform","1","undefined","undefined","undefined","1","a","1","1","0","290","0","0","290","290","0","0","0","290","290","1","290","Fri Apr 27 13:03:26 2018","#000000","high","4","The main experiment item","yes","","experiment.osexp","/Users/tom/github/sft-fraction/procedure","no","mono","no","24","no","white","no","yes","800","legacy","74","74","1","/Users/tom/github/sft-fraction/results/data/subject-5a.csv","legacy","#000000","high","3","Jazzy James","3.1.9","0","a","NA","space","space","space","a","return","638","NA","148901","11392","7534","638","23392","2","legacy","1024","2","48000","-16","experiment","5","odd","absent","464966","464965","NA","527861","1312","169234","558207","558729","1371","150289","161699","558729","559372","441514","558188","Fraction component detection task","287","186220","291","yes","1280"
"98.6301369863","98.6301369863","639.626712329","639.626712329","#808080","no","legacy","legacy","legacy","0","uniform","1","undefined","undefined","undefined","1","l","1","1","0","291","0","0","291","291","0","0","0","291","291","1","291","Fri Apr 27 13:03:26 2018","#000000","high","6","The main experiment item","yes","","experiment.osexp","/Users/tom/github/sft-fraction/procedure","no","mono","no","24","no","white","no","yes","800","legacy","75","75","1","/Users/tom/github/sft-fraction/results/data/subject-5a.csv","legacy","#000000","high","8","Jazzy James","3.1.9","0","l","NA","space","space","space","l","return","551","NA","148901","11392","7534","551","23392","2","legacy","1024","2","48000","-16","experiment","5","odd","present","464966","464965","NA","527861","1312","169234","559460","559976","1371","150289","161699","559976","560532","441514","559442","Fraction component detection task","288","186771","292","yes","1280"
"98.6348122867","98.6348122867","639.447098976","639.447098976","#808080","no","legacy","legacy","legacy","0","uniform","1","undefined","undefined","undefined","1","l","1","1","0","292","0","0","292","292","0","0","0","292","292","1","292","Fri Apr 27 13:03:26 2018","#000000","high","2","The main experiment item","yes","","experiment.osexp","/Users/tom/github/sft-fraction/procedure","no","mono","no","24","no","white","no","yes","800","legacy","76","76","1","/Users/tom/github/sft-fraction/results/data/subject-5a.csv","legacy","#000000","high","6","Jazzy James","3.1.9","0","l","NA","space","space","space","l","return","587","NA","148901","11392","7534","587","23392","2","legacy","1024","2","48000","-16","experiment","5","odd","present","464966","464965","NA","527861","1312","169234","560614","561132","1371","150289","161699","561132","561725","441514","560598","Fraction component detection task","289","187358","293","yes","1280"
"98.6394557823","98.6394557823","639.040816327","639.040816327","#808080","no","legacy","legacy","legacy","0","uniform","1","undefined","undefined","undefined","1","l","1","1","0","293","0","0","293","293","0","0","0","293","293","1","293","Fri Apr 27 13:03:26 2018","#000000","high","4","The main experiment item","yes","","experiment.osexp","/Users/tom/github/sft-fraction/procedure","no","mono","no","24","no","white","no","yes","800","legacy","77","77","1","/Users/tom/github/sft-fraction/results/data/subject-5a.csv","legacy","#757575","low","8","Jazzy James","3.1.9","0","l","NA","space","space","space","l","return","520","NA","148901","11392","7534","520","23392","2","legacy","1024","2","48000","-16","experiment","5","odd","present","464966","464965","NA","527861","1312","169234","561813","562335","1371","150289","161699","562335","562860","441514","561794","Fraction component detection task","290","187878","294","yes","1280"
"98.6440677966","98.6440677966","638.786440678","638.786440678","#808080","no","legacy","legacy","legacy","0","uniform","1","undefined","undefined","undefined","1","a","1","1","0","294","0","0","294","294","0","0","0","294","294","1","294","Fri Apr 27 13:03:26 2018","#757575","low","4","The main experiment item","yes","","experiment.osexp","/Users/tom/github/sft-fraction/procedure","no","mono","no","24","no","white","no","yes","800","legacy","78","78","1","/Users/tom/github/sft-fraction/results/data/subject-5a.csv","legacy","#757575","low","3","Jazzy James","3.1.9","0","a","NA","space","space","space","a","return","564","NA","148901","11392","7534","564","23392","2","legacy","1024","2","48000","-16","experiment","5","odd","absent","464966","464965","NA","527861","1312","169234","562948","563466","1371","150289","161699","563466","564038","441514","562929","Fraction component detection task","291","188442","295","yes","1280"
"98.6486486486","98.6486486486","638.253378378","638.253378378","#808080","no","legacy","legacy","legacy","0","uniform","1","undefined","undefined","undefined","1","a","1","1","0","295","0","0","295","295","0","0","0","295","295","1","295","Fri Apr 27 13:03:26 2018","#757575","low","2","The main experiment item","yes","","experiment.osexp","/Users/tom/github/sft-fraction/procedure","no","mono","no","24","no","white","no","yes","800","legacy","79","79","1","/Users/tom/github/sft-fraction/results/data/subject-5a.csv","legacy","#757575","low","4","Jazzy James","3.1.9","0","a","NA","space","space","space","a","return","481","NA","148901","11392","7534","481","23392","2","legacy","1024","2","48000","-16","experiment","5","odd","absent","464966","464965","NA","527861","1312","169234","564120","564636","1371","150289","161699","564637","565123","441514","564104","Fraction component detection task","292","188923","296","yes","1280"
"98.6531986532","98.6531986532","638.212121212","638.212121212","#808080","no","legacy","legacy","legacy","0","uniform","1","undefined","undefined","undefined","1","l","1","1","0","296","0","0","296","296","0","0","0","296","296","1","296","Fri Apr 27 13:03:26 2018","#757575","low","6","The main experiment item","yes","","experiment.osexp","/Users/tom/github/sft-fraction/procedure","no","mono","no","24","no","white","no","yes","800","legacy","80","80","1","/Users/tom/github/sft-fraction/results/data/subject-5a.csv","legacy","#000000","high","3","Jazzy James","3.1.9","0","l","NA","space","space","space","l","return","626","NA","148901","11392","7534","626","23392","2","legacy","1024","2","48000","-16","experiment","5","odd","present","464966","464965","NA","527861","1312","169234","565212","565733","1371","150289","161699","565733","566364","441514","565192","Fraction component detection task","293","189549","297","yes","1280"
"98.6577181208","98.6577181208","637.919463087","637.919463087","#808080","no","legacy","legacy","legacy","0","uniform","1","undefined","undefined","undefined","1","a","1","1","0","297","0","0","297","297","0","0","0","297","297","1","297","Fri Apr 27 13:03:26 2018","#757575","low","2","The main experiment item","yes","","experiment.osexp","/Users/tom/github/sft-fraction/procedure","no","mono","no","24","no","white","no","yes","800","legacy","81","81","1","/Users/tom/github/sft-fraction/results/data/subject-5a.csv","legacy","#757575","low","4","Jazzy James","3.1.9","0","a","NA","space","space","space","a","return","551","NA","148901","11392","7534","551","23392","2","legacy","1024","2","48000","-16","experiment","5","odd","absent","464966","464965","NA","527861","1312","169234","566452","566968","1371","150289","161699","566968","567524","441514","566433","Fraction component detection task","294","190100","298","yes","1280"
"98.6622073579","98.6622073579","637.468227425","637.468227425","#808080","no","legacy","legacy","legacy","0","uniform","1","undefined","undefined","undefined","1","l","1","1","0","298","0","0","298","298","0","0","0","298","298","1","298","Fri Apr 27 13:03:26 2018","#000000","high","6","The main experiment item","yes","","experiment.osexp","/Users/tom/github/sft-fraction/procedure","no","mono","no","24","no","white","no","yes","800","legacy","82","82","1","/Users/tom/github/sft-fraction/results/data/subject-5a.csv","legacy","#000000","high","4","Jazzy James","3.1.9","0","l","NA","space","space","space","l","return","503","NA","148901","11392","7534","503","23392","2","legacy","1024","2","48000","-16","experiment","5","odd","present","464966","464965","NA","527861","1312","169234","567608","568128","1371","150289","161699","568128","568636","441514","567590","Fraction component detection task","295","190603","299","yes","1280"
"98.6666666667","98.6666666667","637.1","637.1","#808080","no","legacy","legacy","legacy","0","uniform","1","undefined","undefined","undefined","1","l","1","1","0","299","0","0","299","299","0","0","0","299","299","1","299","Fri Apr 27 13:03:26 2018","#757575","low","8","The main experiment item","yes","","experiment.osexp","/Users/tom/github/sft-fraction/procedure","no","mono","no","24","no","white","no","yes","800","legacy","83","83","1","/Users/tom/github/sft-fraction/results/data/subject-5a.csv","legacy","#000000","high","4","Jazzy James","3.1.9","0","l","NA","space","space","space","l","return","527","NA","148901","11392","7534","527","23392","2","legacy","1024","2","48000","-16","experiment","5","odd","present","464966","464965","NA","527861","1312","169234","568715","569232","1371","150289","161699","569232","569764","441514","568700","Fraction component detection task","296","191130","300","yes","1280"
"98.6710963455","98.6710963455","636.890365449","636.890365449","#808080","no","legacy","legacy","legacy","0","uniform","1","undefined","undefined","undefined","1","l","1","1","0","300","0","0","300","300","0","0","0","300","300","1","300","Fri Apr 27 13:03:26 2018","#757575","low","2","The main experiment item","yes","","experiment.osexp","/Users/tom/github/sft-fraction/procedure","no","mono","no","24","no","white","no","yes","800","legacy","84","84","1","/Users/tom/github/sft-fraction/results/data/subject-5a.csv","legacy","#757575","low","6","Jazzy James","3.1.9","0","l","NA","space","space","space","l","return","574","NA","148901","11392","7534","574","23392","2","legacy","1024","2","48000","-16","experiment","5","odd","present","464966","464965","NA","527861","1312","169234","569852","570369","1371","150289","161699","570369","570948","441514","569832","Fraction component detection task","297","191704","301","yes","1280"
"98.6754966887","98.6754966887","636.579470199","636.579470199","#808080","no","legacy","legacy","legacy","0","uniform","1","undefined","undefined","undefined","1","l","1","1","0","301","0","0","301","301","0","0","0","301","301","1","301","Fri Apr 27 13:03:26 2018","#757575","low","8","The main experiment item","yes","","experiment.osexp","/Users/tom/github/sft-fraction/procedure","no","mono","no","24","no","white","no","yes","800","legacy","85","85","1","/Users/tom/github/sft-fraction/results/data/subject-5a.csv","legacy","#000000","high","3","Jazzy James","3.1.9","0","l","NA","space","space","space","l","return","543","NA","148901","11392","7534","543","23392","2","legacy","1024","2","48000","-16","experiment","5","odd","present","464966","464965","NA","527861","1312","169234","571033","571551","1371","150289","161699","571551","572099","441514","571016","Fraction component detection task","298","192247","302","yes","1280"
"98.6798679868","98.6798679868","636.326732673","636.326732673","#808080","no","legacy","legacy","legacy","0","uniform","1","undefined","undefined","undefined","1","l","1","1","0","302","0","0","302","302","0","0","0","302","302","1","302","Fri Apr 27 13:03:26 2018","#757575","low","6","The main experiment item","yes","","experiment.osexp","/Users/tom/github/sft-fraction/procedure","no","mono","no","24","no","white","no","yes","800","legacy","86","86","1","/Users/tom/github/sft-fraction/results/data/subject-5a.csv","legacy","#757575","low","7","Jazzy James","3.1.9","0","l","NA","space","space","space","l","return","560","NA","148901","11392","7534","560","23392","2","legacy","1024","2","48000","-16","experiment","5","odd","present","464966","464965","NA","527861","1312","169234","572185","572702","1371","150289","161699","572702","573268","441514","572165","Fraction component detection task","299","192807","303","yes","1280"
"98.6842105263","98.6842105263","636.213815789","636.213815789","#808080","no","legacy","legacy","legacy","0","uniform","1","undefined","undefined","undefined","1","l","1","1","0","303","0","0","303","303","0","0","0","303","303","1","303","Fri Apr 27 13:03:26 2018","#757575","low","7","The main experiment item","yes","","experiment.osexp","/Users/tom/github/sft-fraction/procedure","no","mono","no","24","no","white","no","yes","800","legacy","87","87","1","/Users/tom/github/sft-fraction/results/data/subject-5a.csv","legacy","#757575","low","4","Jazzy James","3.1.9","0","l","NA","space","space","space","l","return","602","NA","148901","11392","7534","602","23392","2","legacy","1024","2","48000","-16","experiment","5","odd","present","464966","464965","NA","527861","1312","169234","573350","573869","1371","150289","161699","573869","574477","441514","573332","Fraction component detection task","300","193409","304","yes","1280"
"98.6885245902","98.6885245902","635.862295082","635.862295082","#808080","no","legacy","legacy","legacy","0","uniform","1","undefined","undefined","undefined","1","l","1","1","0","304","0","0","304","304","0","0","0","304","304","1","304","Fri Apr 27 13:03:26 2018","#000000","high","7","The main experiment item","yes","","experiment.osexp","/Users/tom/github/sft-fraction/procedure","no","mono","no","24","no","white","no","yes","800","legacy","88","88","1","/Users/tom/github/sft-fraction/results/data/subject-5a.csv","legacy","#757575","low","7","Jazzy James","3.1.9","0","l","NA","space","space","space","l","return","529","NA","148901","11392","7534","529","23392","2","legacy","1024","2","48000","-16","experiment","5","odd","present","464966","464965","NA","527861","1312","169234","574562","575078","1371","150289","161699","575078","575613","441514","574542","Fraction component detection task","301","193938","305","yes","1280"
"98.6928104575","98.6928104575","635.450980392","635.450980392","#808080","no","legacy","legacy","legacy","0","uniform","1","undefined","undefined","undefined","1","a","1","1","0","305","0","0","305","305","0","0","0","305","305","1","305","Fri Apr 27 13:03:26 2018","#757575","low","3","The main experiment item","yes","","experiment.osexp","/Users/tom/github/sft-fraction/procedure","no","mono","no","24","no","white","no","yes","800","legacy","89","89","1","/Users/tom/github/sft-fraction/results/data/subject-5a.csv","legacy","#757575","low","3","Jazzy James","3.1.9","0","a","NA","space","space","space","a","return","510","NA","148901","11392","7534","510","23392","2","legacy","1024","2","48000","-16","experiment","5","odd","absent","464966","464965","NA","527861","1312","169234","575700","576218","1371","150289","161699","576218","576735","441514","575678","Fraction component detection task","302","194448","306","yes","1280"
"98.6970684039","98.6970684039","634.885993485","634.885993485","#808080","no","legacy","legacy","legacy","0","uniform","1","undefined","undefined","undefined","1","a","1","1","0","306","0","0","306","306","0","0","0","306","306","1","306","Fri Apr 27 13:03:26 2018","#000000","high","2","The main experiment item","yes","","experiment.osexp","/Users/tom/github/sft-fraction/procedure","no","mono","no","24","no","white","no","yes","800","legacy","90","90","1","/Users/tom/github/sft-fraction/results/data/subject-5a.csv","legacy","#000000","high","3","Jazzy James","3.1.9","0","a","NA","space","space","space","a","return","462","NA","148901","11392","7534","462","23392","2","legacy","1024","2","48000","-16","experiment","5","odd","absent","464966","464965","NA","527861","1312","169234","576821","577337","1371","150289","161699","577338","577805","441514","576803","Fraction component detection task","303","194910","307","yes","1280"
"98.7012987013","98.7012987013","635.061688312","635.061688312","#808080","no","legacy","legacy","legacy","0","uniform","1","undefined","undefined","undefined","1","a","1","1","0","307","0","0","307","307","0","0","0","307","307","1","307","Fri Apr 27 13:03:26 2018","#000000","high","2","The main experiment item","yes","","experiment.osexp","/Users/tom/github/sft-fraction/procedure","no","mono","no","24","no","white","no","yes","800","legacy","91","91","1","/Users/tom/github/sft-fraction/results/data/subject-5a.csv","legacy","#757575","low","2","Jazzy James","3.1.9","0","a","NA","space","space","space","a","return","689","NA","148901","11392","7534","689","23392","2","legacy","1024","2","48000","-16","experiment","5","odd","absent","464966","464965","NA","527861","1312","169234","577894","578414","1371","150289","161699","578414","579108","441514","577873","Fraction component detection task","304","195599","308","yes","1280"
"98.7055016181","98.7055016181","634.491909385","634.491909385","#808080","no","legacy","legacy","legacy","0","uniform","1","undefined","undefined","undefined","1","a","1","1","0","308","0","0","308","308","0","0","0","308","308","1","308","Fri Apr 27 13:03:26 2018","#000000","high","4","The main experiment item","yes","","experiment.osexp","/Users/tom/github/sft-fraction/procedure","no","mono","no","24","no","white","no","yes","800","legacy","92","92","1","/Users/tom/github/sft-fraction/results/data/subject-5a.csv","legacy","#000000","high","4","Jazzy James","3.1.9","0","a","NA","space","space","space","a","return","459","NA","148901","11392","7534","459","23392","2","legacy","1024","2","48000","-16","experiment","5","odd","absent","464966","464965","NA","527861","1312","169234","579190","579707","1371","150289","161699","579708","580172","441514","579175","Fraction component detection task","305","196058","309","yes","1280"
"98.7096774194","98.7096774194","634.338709677","634.338709677","#808080","no","legacy","legacy","legacy","0","uniform","1","undefined","undefined","undefined","1","a","1","1","0","309","0","0","309","309","0","0","0","309","309","1","309","Fri Apr 27 13:03:26 2018","#000000","high","2","The main experiment item","yes","","experiment.osexp","/Users/tom/github/sft-fraction/procedure","no","mono","no","24","no","white","no","yes","800","legacy","93","93","1","/Users/tom/github/sft-fraction/results/data/subject-5a.csv","legacy","#757575","low","4","Jazzy James","3.1.9","0","a","NA","space","space","space","a","return","587","NA","148901","11392","7534","587","23392","2","legacy","1024","2","48000","-16","experiment","5","odd","absent","464966","464965","NA","527861","1312","169234","580256","580773","1371","150289","161699","580773","581365","441514","580240","Fraction component detection task","306","196645","310","yes","1280"
"98.7138263666","98.7138263666","633.900321543","633.900321543","#808080","no","legacy","legacy","legacy","0","uniform","1","undefined","undefined","undefined","1","a","1","1","0","310","0","0","310","310","0","0","0","310","310","1","310","Fri Apr 27 13:03:26 2018","#757575","low","3","The main experiment item","yes","","experiment.osexp","/Users/tom/github/sft-fraction/procedure","no","mono","no","24","no","white","no","yes","800","legacy","94","94","1","/Users/tom/github/sft-fraction/results/data/subject-5a.csv","legacy","#000000","high","4","Jazzy James","3.1.9","0","a","NA","space","space","space","a","return","498","NA","148901","11392","7534","498","23392","2","legacy","1024","2","48000","-16","experiment","5","odd","absent","464966","464965","NA","527861","1312","169234","581448","581966","1371","150289","161699","581966","582469","441514","581432","Fraction component detection task","307","197143","311","yes","1280"
"98.7179487179","98.7179487179","633.548076923","633.548076923","#808080","no","legacy","legacy","legacy","0","uniform","1","undefined","undefined","undefined","1","l","1","1","0","311","0","0","311","311","0","0","0","311","311","1","311","Fri Apr 27 13:03:26 2018","#757575","low","7","The main experiment item","yes","","experiment.osexp","/Users/tom/github/sft-fraction/procedure","no","mono","no","24","no","white","no","yes","800","legacy","95","95","1","/Users/tom/github/sft-fraction/results/data/subject-5a.csv","legacy","#757575","low","8","Jazzy James","3.1.9","0","l","NA","space","space","space","l","return","524","NA","148901","11392","7534","524","23392","2","legacy","1024","2","48000","-16","experiment","5","odd","present","464966","464965","NA","527861","1312","169234","582552","583068","1371","150289","161699","583068","583597","441514","582536","Fraction component detection task","308","197667","312","yes","1280"
"98.7220447284","98.7220447284","633.629392971","633.629392971","#808080","no","legacy","legacy","legacy","0","uniform","1","undefined","undefined","undefined","1","a","1","1","0","312","0","0","312","312","0","0","0","312","312","1","312","Fri Apr 27 13:03:26 2018","#757575","low","4","The main experiment item","yes","","experiment.osexp","/Users/tom/github/sft-fraction/procedure","no","mono","no","24","no","white","no","yes","800","legacy","96","96","1","/Users/tom/github/sft-fraction/results/data/subject-5a.csv","legacy","#000000","high","2","Jazzy James","3.1.9","0","a","NA","space","space","space","a","return","659","NA","148901","11392","7534","659","23392","2","legacy","1024","2","48000","-16","experiment","5","odd","absent","464966","464965","NA","527861","1312","169234","583684","584205","1371","150289","161699","584205","584869","441514","583663","Fraction component detection task","309","198326","313","yes","1280"
"98.7261146497","98.7261146497","635.904458599","635.904458599","#808080","no","legacy","legacy","legacy","0","uniform","1","undefined","undefined","undefined","1","l","1","1","0","313","0","0","313","313","0","0","0","313","313","1","313","Fri Apr 27 13:03:26 2018","#757575","low","4","The main experiment item","yes","","experiment.osexp","/Users/tom/github/sft-fraction/procedure","no","mono","no","24","no","white","no","yes","800","legacy","97","97","1","/Users/tom/github/sft-fraction/results/data/subject-5a.csv","legacy","#000000","high","6","Jazzy James","3.1.9","0","l","NA","space","space","space","l","return","1348","NA","148901","11392","7534","1348","23392","2","legacy","1024","2","48000","-16","experiment","5","odd","present","464966","464965","NA","527861","1312","169234","584949","585468","1371","150289","161699","585468","586821","441514","584934","Fraction component detection task","310","199674","314","yes","1280"
"98.7301587302","98.7301587302","635.701587302","635.701587302","#808080","no","legacy","legacy","legacy","0","uniform","1","undefined","undefined","undefined","1","a","1","1","0","314","0","0","314","314","0","0","0","314","314","1","314","Fri Apr 27 13:03:26 2018","#000000","high","3","The main experiment item","yes","","experiment.osexp","/Users/tom/github/sft-fraction/procedure","no","mono","no","24","no","white","no","yes","800","legacy","98","98","1","/Users/tom/github/sft-fraction/results/data/subject-5a.csv","legacy","#757575","low","2","Jazzy James","3.1.9","0","a","NA","space","space","space","a","return","572","NA","148901","11392","7534","572","23392","2","legacy","1024","2","48000","-16","experiment","5","odd","absent","464966","464965","NA","527861","1312","169234","586904","587420","1371","150289","161699","587420","588000","441514","586886","Fraction component detection task","311","200246","315","yes","1280"
"98.7341772152","98.7341772152","635.848101266","635.848101266","#808080","no","legacy","legacy","legacy","0","uniform","1","undefined","undefined","undefined","1","l","1","1","0","315","0","0","315","315","0","0","0","315","315","1","315","Fri Apr 27 13:03:26 2018","#000000","high","7","The main experiment item","yes","","experiment.osexp","/Users/tom/github/sft-fraction/procedure","no","mono","no","24","no","white","no","yes","800","legacy","99","99","1","/Users/tom/github/sft-fraction/results/data/subject-5a.csv","legacy","#757575","low","8","Jazzy James","3.1.9","0","l","NA","space","space","space","l","return","682","NA","148901","11392","7534","682","23392","2","legacy","1024","2","48000","-16","experiment","5","odd","present","464966","464965","NA","527861","1312","169234","588086","588605","1371","150289","161699","588605","589293","441514","588068","Fraction component detection task","312","200928","316","yes","1280"
"98.738170347","98.738170347","635.652996845","635.652996845","#808080","no","legacy","legacy","legacy","0","uniform","1","undefined","undefined","undefined","1","l","1","1","0","316","0","0","316","316","0","0","0","316","316","1","316","Fri Apr 27 13:03:26 2018","#757575","low","2","The main experiment item","yes","","experiment.osexp","/Users/tom/github/sft-fraction/procedure","no","mono","no","24","no","white","no","yes","800","legacy","100","100","1","/Users/tom/github/sft-fraction/results/data/subject-5a.csv","legacy","#757575","low","8","Jazzy James","3.1.9","0","l","NA","space","space","space","l","return","574","NA","148901","11392","7534","574","23392","2","legacy","1024","2","48000","-16","experiment","5","odd","present","464966","464965","NA","527861","1312","169234","589373","589890","1371","150289","161699","589890","590470","441514","589357","Fraction component detection task","313","201502","317","yes","1280"
"98.7421383648","98.7421383648","635.172955975","635.172955975","#808080","no","legacy","legacy","legacy","0","uniform","1","undefined","undefined","undefined","1","a","1","1","0","317","0","0","317","317","0","0","0","317","317","1","317","Fri Apr 27 13:03:26 2018","#757575","low","2","The main experiment item","yes","","experiment.osexp","/Users/tom/github/sft-fraction/procedure","no","mono","no","24","no","white","no","yes","800","legacy","101","101","1","/Users/tom/github/sft-fraction/results/data/subject-5a.csv","legacy","#757575","low","2","Jazzy James","3.1.9","0","a","NA","space","space","space","a","return","483","NA","148901","11392","7534","483","23392","2","legacy","1024","2","48000","-16","experiment","5","odd","absent","464966","464965","NA","527861","1312","169234","590559","591078","1371","150289","161699","591078","591569","441514","590542","Fraction component detection task","314","201985","318","yes","1280"
"98.7460815047","98.7460815047","634.824451411","634.824451411","#808080","no","legacy","legacy","legacy","0","uniform","1","undefined","undefined","undefined","1","l","1","1","0","318","0","0","318","318","0","0","0","318","318","1","318","Fri Apr 27 13:03:26 2018","#757575","low","4","The main experiment item","yes","","experiment.osexp","/Users/tom/github/sft-fraction/procedure","no","mono","no","24","no","white","no","yes","800","legacy","102","102","1","/Users/tom/github/sft-fraction/results/data/subject-5a.csv","legacy","#757575","low","7","Jazzy James","3.1.9","0","l","NA","space","space","space","l","return","524","NA","148901","11392","7534","524","23392","2","legacy","1024","2","48000","-16","experiment","5","odd","present","464966","464965","NA","527861","1312","169234","591656","592172","1371","150289","161699","592173","592705","441514","591637","Fraction component detection task","315","202509","319","yes","1280"
"98.75","98.75","634.240625","634.240625","#808080","no","legacy","legacy","legacy","0","uniform","1","undefined","undefined","undefined","1","a","1","1","0","319","0","0","319","319","0","0","0","319","319","1","319","Fri Apr 27 13:03:26 2018","#000000","high","4","The main experiment item","yes","","experiment.osexp","/Users/tom/github/sft-fraction/procedure","no","mono","no","24","no","white","no","yes","800","legacy","103","103","1","/Users/tom/github/sft-fraction/results/data/subject-5a.csv","legacy","#757575","low","4","Jazzy James","3.1.9","0","a","NA","space","space","space","a","return","448","NA","148901","11392","7534","448","23392","2","legacy","1024","2","48000","-16","experiment","5","odd","absent","464966","464965","NA","527861","1312","169234","592789","593305","1371","150289","161699","593305","593758","441514","592772","Fraction component detection task","316","202957","320","yes","1280"
"98.753894081","98.753894081","633.869158879","633.869158879","#808080","no","legacy","legacy","legacy","0","uniform","1","undefined","undefined","undefined","1","a","1","1","0","320","0","0","320","320","0","0","0","320","320","1","320","Fri Apr 27 13:03:26 2018","#000000","high","3","The main experiment item","yes","","experiment.osexp","/Users/tom/github/sft-fraction/procedure","no","mono","no","24","no","white","no","yes","800","legacy","104","104","1","/Users/tom/github/sft-fraction/results/data/subject-5a.csv","legacy","#757575","low","4","Jazzy James","3.1.9","0","a","NA","space","space","space","a","return","515","NA","148901","11392","7534","515","23392","2","legacy","1024","2","48000","-16","experiment","5","odd","absent","464966","464965","NA","527861","1312","169234","593841","594358","1371","150289","161699","594358","594881","441514","593825","Fraction component detection task","317","203472","321","yes","1280"
"98.7577639752","98.7577639752","633.630434783","633.630434783","#808080","no","legacy","legacy","legacy","0","uniform","1","undefined","undefined","undefined","1","a","1","1","0","321","0","0","321","321","0","0","0","321","321","1","321","Fri Apr 27 13:03:26 2018","#757575","low","3","The main experiment item","yes","","experiment.osexp","/Users/tom/github/sft-fraction/procedure","no","mono","no","24","no","white","no","yes","800","legacy","105","105","1","/Users/tom/github/sft-fraction/results/data/subject-5a.csv","legacy","#000000","high","2","Jazzy James","3.1.9","0","a","NA","space","space","space","a","return","557","NA","148901","11392","7534","557","23392","2","legacy","1024","2","48000","-16","experiment","5","odd","absent","464966","464965","NA","527861","1312","169234","594958","595475","1371","150289","161699","595475","596037","441514","594941","Fraction component detection task","318","204029","322","yes","1280"
"98.7616099071","98.7616099071","633.226006192","633.226006192","#808080","no","legacy","legacy","legacy","0","uniform","1","undefined","undefined","undefined","1","a","1","1","0","322","0","0","322","322","0","0","0","322","322","1","322","Fri Apr 27 13:03:26 2018","#757575","low","4","The main experiment item","yes","","experiment.osexp","/Users/tom/github/sft-fraction/procedure","no","mono","no","24","no","white","no","yes","800","legacy","106","106","1","/Users/tom/github/sft-fraction/results/data/subject-5a.csv","legacy","#757575","low","2","Jazzy James","3.1.9","0","a","NA","space","space","space","a","return","503","NA","148901","11392","7534","503","23392","2","legacy","1024","2","48000","-16","experiment","5","odd","absent","464966","464965","NA","527861","1312","169234","596116","596633","1371","150289","161699","596633","597141","441514","596100","Fraction component detection task","319","204532","323","yes","1280"
"98.7654320988","98.7654320988","632.799382716","632.799382716","#808080","no","legacy","legacy","legacy","0","uniform","1","undefined","undefined","undefined","1","a","1","1","0","323","0","0","323","323","0","0","0","323","323","1","323","Fri Apr 27 13:03:26 2018","#000000","high","4","The main experiment item","yes","","experiment.osexp","/Users/tom/github/sft-fraction/procedure","no","mono","no","24","no","white","no","yes","800","legacy","107","107","1","/Users/tom/github/sft-fraction/results/data/subject-5a.csv","legacy","#757575","low","2","Jazzy James","3.1.9","0","a","NA","space","space","space","a","return","495","NA","148901","11392","7534","495","23392","2","legacy","1024","2","48000","-16","experiment","5","odd","absent","464966","464965","NA","527861","1312","169234","597228","597744","1371","150289","161699","597745","598246","441514","597212","Fraction component detection task","320","205027","324","yes","1280"
"98.7692307692","98.7692307692","632.593846154","632.593846154","#808080","no","legacy","legacy","legacy","0","uniform","1","undefined","undefined","undefined","1","l","1","1","0","324","0","0","324","324","0","0","0","324","324","1","324","Fri Apr 27 13:03:26 2018","#757575","low","8","The main experiment item","yes","","experiment.osexp","/Users/tom/github/sft-fraction/procedure","no","mono","no","24","no","white","no","yes","800","legacy","108","108","1","/Users/tom/github/sft-fraction/results/data/subject-5a.csv","legacy","#757575","low","4","Jazzy James","3.1.9","0","l","NA","space","space","space","l","return","566","NA","148901","11392","7534","566","23392","2","legacy","1024","2","48000","-16","experiment","5","odd","present","464966","464965","NA","527861","1312","169234","598331","598851","1371","150289","161699","598851","599425","441514","598316","Fraction component detection task","321","205593","325","yes","1280"
"98.773006135","98.773006135","632.36196319","632.36196319","#808080","no","legacy","legacy","legacy","0","uniform","1","undefined","undefined","undefined","1","l","1","1","0","325","0","0","325","325","0","0","0","325","325","1","325","Fri Apr 27 13:03:26 2018","#757575","low","3","The main experiment item","yes","","experiment.osexp","/Users/tom/github/sft-fraction/procedure","no","mono","no","24","no","white","no","yes","800","legacy","109","109","1","/Users/tom/github/sft-fraction/results/data/subject-5a.csv","legacy","#757575","low","7","Jazzy James","3.1.9","0","l","NA","space","space","space","l","return","557","NA","148901","11392","7534","557","23392","2","legacy","1024","2","48000","-16","experiment","5","odd","present","464966","464965","NA","527861","1312","169234","599511","600028","1371","150289","161699","600028","600590","441514","599492","Fraction component detection task","322","206150","326","yes","1280"
"98.7767584098","98.7767584098","631.911314985","631.911314985","#808080","no","legacy","legacy","legacy","0","uniform","1","undefined","undefined","undefined","1","a","1","1","0","326","0","0","326","326","0","0","0","326","326","1","326","Fri Apr 27 13:03:26 2018","#000000","high","2","The main experiment item","yes","","experiment.osexp","/Users/tom/github/sft-fraction/procedure","no","mono","no","24","no","white","no","yes","800","legacy","110","110","1","/Users/tom/github/sft-fraction/results/data/subject-5a.csv","legacy","#757575","low","4","Jazzy James","3.1.9","0","a","NA","space","space","space","a","return","485","NA","148901","11392","7534","485","23392","2","legacy","1024","2","48000","-16","experiment","5","odd","absent","464966","464965","NA","527861","1312","169234","600679","601195","1371","150289","161699","601196","601686","441514","600658","Fraction component detection task","323","206635","327","yes","1280"
"98.7804878049","98.7804878049","631.698170732","631.698170732","#808080","no","legacy","legacy","legacy","0","uniform","1","undefined","undefined","undefined","1","l","1","1","0","327","0","0","327","327","0","0","0","327","327","1","327","Fri Apr 27 13:03:26 2018","#757575","low","6","The main experiment item","yes","","experiment.osexp","/Users/tom/github/sft-fraction/procedure","no","mono","no","24","no","white","no","yes","800","legacy","111","111","1","/Users/tom/github/sft-fraction/results/data/subject-5a.csv","legacy","#000000","high","2","Jazzy James","3.1.9","0","l","NA","space","space","space","l","return","562","NA","148901","11392","7534","562","23392","2","legacy","1024","2","48000","-16","experiment","5","odd","present","464966","464965","NA","527861","1312","169234","601770","602287","1371","150289","161699","602287","602855","441514","601754","Fraction component detection task","324","207197","328","yes","1280"
"98.7841945289","98.7841945289","631.255319149","631.255319149","#808080","no","legacy","legacy","legacy","0","uniform","1","undefined","undefined","undefined","1","a","1","1","0","328","0","0","328","328","0","0","0","328","328","1","328","Fri Apr 27 13:03:26 2018","#000000","high","3","The main experiment item","yes","","experiment.osexp","/Users/tom/github/sft-fraction/procedure","no","mono","no","24","no","white","no","yes","800","legacy","112","112","1","/Users/tom/github/sft-fraction/results/data/subject-5a.csv","legacy","#757575","low","2","Jazzy James","3.1.9","0","a","NA","space","space","space","a","return","486","NA","148901","11392","7534","486","23392","2","legacy","1024","2","48000","-16","experiment","5","odd","absent","464966","464965","NA","527861","1312","169234","602941","603459","1371","150289","161699","603459","603950","441514","602920","Fraction component detection task","325","207683","329","yes","1280"
"98.7878787879","98.7878787879","630.736363636","630.736363636","#808080","no","legacy","legacy","legacy","0","uniform","1","undefined","undefined","undefined","1","a","1","1","0","329","0","0","329","329","0","0","0","329","329","1","329","Fri Apr 27 13:03:26 2018","#757575","low","4","The main experiment item","yes","","experiment.osexp","/Users/tom/github/sft-fraction/procedure","no","mono","no","24","no","white","no","yes","800","legacy","113","113","1","/Users/tom/github/sft-fraction/results/data/subject-5a.csv","legacy","#000000","high","3","Jazzy James","3.1.9","0","a","NA","space","space","space","a","return","460","NA","148901","11392","7534","460","23392","2","legacy","1024","2","48000","-16","experiment","5","odd","absent","464966","464965","NA","527861","1312","169234","604038","604555","1371","150289","161699","604556","605022","441514","604022","Fraction component detection task","326","208143","330","yes","1280"
"98.7915407855","98.7915407855","630.480362538","630.480362538","#808080","no","legacy","legacy","legacy","0","uniform","1","undefined","undefined","undefined","1","l","1","1","0","330","0","0","330","330","0","0","0","330","330","1","330","Fri Apr 27 13:03:26 2018","#000000","high","4","The main experiment item","yes","","experiment.osexp","/Users/tom/github/sft-fraction/procedure","no","mono","no","24","no","white","no","yes","800","legacy","114","114","1","/Users/tom/github/sft-fraction/results/data/subject-5a.csv","legacy","#000000","high","7","Jazzy James","3.1.9","0","l","NA","space","space","space","l","return","546","NA","148901","11392","7534","546","23392","2","legacy","1024","2","48000","-16","experiment","5","odd","present","464966","464965","NA","527861","1312","169234","605110","605629","1371","150289","161699","605630","606182","441514","605091","Fraction component detection task","327","208689","331","yes","1280"
"98.7951807229","98.7951807229","630.120481928","630.120481928","#808080","no","legacy","legacy","legacy","0","uniform","1","undefined","undefined","undefined","1","a","1","1","0","331","0","0","331","331","0","0","0","331","331","1","331","Fri Apr 27 13:03:26 2018","#757575","low","4","The main experiment item","yes","","experiment.osexp","/Users/tom/github/sft-fraction/procedure","no","mono","no","24","no","white","no","yes","800","legacy","115","115","1","/Users/tom/github/sft-fraction/results/data/subject-5a.csv","legacy","#757575","low","2","Jazzy James","3.1.9","0","a","NA","space","space","space","a","return","511","NA","148901","11392","7534","511","23392","2","legacy","1024","2","48000","-16","experiment","5","odd","absent","464966","464965","NA","527861","1312","169234","606269","606785","1371","150289","161699","606785","607302","441514","606248","Fraction component detection task","328","209200","332","yes","1280"
"98.7987987988","98.7987987988","629.672672673","629.672672673","#808080","no","legacy","legacy","legacy","0","uniform","1","undefined","undefined","undefined","1","l","1","1","0","332","0","0","332","332","0","0","0","332","332","1","332","Fri Apr 27 13:03:26 2018","#000000","high","3","The main experiment item","yes","","experiment.osexp","/Users/tom/github/sft-fraction/procedure","no","mono","no","24","no","white","no","yes","800","legacy","116","116","1","/Users/tom/github/sft-fraction/results/data/subject-5a.csv","legacy","#000000","high","8","Jazzy James","3.1.9","0","l","NA","space","space","space","l","return","481","NA","148901","11392","7534","481","23392","2","legacy","1024","2","48000","-16","experiment","5","odd","present","464966","464965","NA","527861","1312","169234","607388","607904","1371","150289","161699","607904","608391","441514","607372","Fraction component detection task","329","209681","333","yes","1280"
"98.502994012","98.502994012","629.365269461","629.365269461","#808080","no","legacy","legacy","legacy","0","uniform","0","undefined","undefined","undefined","0","l","1","1","0","333","0","0","333","333","0","0","0","333","333","1","333","Fri Apr 27 13:03:26 2018","#000000","high","6","The main experiment item","yes","","experiment.osexp","/Users/tom/github/sft-fraction/procedure","no","mono","no","24","no","white","no","yes","800","legacy","117","117","1","/Users/tom/github/sft-fraction/results/data/subject-5a.csv","legacy","#757575","low","6","Jazzy James","3.1.9","0","a","NA","space","space","space","a","return","527","NA","148901","11392","7534","527","23392","2","legacy","1024","2","48000","-16","experiment","5","odd","present","464966","464965","NA","527861","1312","169234","608478","608994","1371","150289","161699","608994","609527","441514","608458","Fraction component detection task","329","210208","334","yes","1280"
"98.5074626866","98.5074626866","629.808955224","629.808955224","#808080","no","legacy","legacy","legacy","0","uniform","1","undefined","undefined","undefined","1","l","1","1","0","334","0","0","334","334","0","0","0","334","334","1","334","Fri Apr 27 13:03:26 2018","#000000","high","8","The main experiment item","yes","","experiment.osexp","/Users/tom/github/sft-fraction/procedure","no","mono","no","24","no","white","no","yes","800","legacy","118","118","1","/Users/tom/github/sft-fraction/results/data/subject-5a.csv","legacy","#757575","low","6","Jazzy James","3.1.9","0","l","NA","space","space","space","l","return","778","NA","148901","11392","7534","778","23392","2","legacy","1024","2","48000","-16","experiment","5","odd","present","464966","464965","NA","609545","1312","169234","610631","611151","1371","150289","161699","611151","611935","441514","610615","Fraction component detection task","330","210986","335","yes","1280"
"98.5119047619","98.5119047619","629.94047619","629.94047619","#808080","no","legacy","legacy","legacy","0","uniform","1","undefined","undefined","undefined","1","a","1","1","0","335","0","0","335","335","0","0","0","335","335","1","335","Fri Apr 27 13:03:26 2018","#757575","low","3","The main experiment item","yes","","experiment.osexp","/Users/tom/github/sft-fraction/procedure","no","mono","no","24","no","white","no","yes","800","legacy","119","119","1","/Users/tom/github/sft-fraction/results/data/subject-5a.csv","legacy","#757575","low","4","Jazzy James","3.1.9","0","a","NA","space","space","space","a","return","674","NA","148901","11392","7534","674","23392","2","legacy","1024","2","48000","-16","experiment","5","odd","absent","464966","464965","NA","609545","1312","169234","612017","612535","1371","150289","161699","612535","613214","441514","612000","Fraction component detection task","331","211660","336","yes","1280"
"98.5163204748","98.5163204748","629.991097923","629.991097923","#808080","no","legacy","legacy","legacy","0","uniform","1","undefined","undefined","undefined","1","l","1","1","0","336","0","0","336","336","0","0","0","336","336","1","336","Fri Apr 27 13:03:26 2018","#757575","low","8","The main experiment item","yes","","experiment.osexp","/Users/tom/github/sft-fraction/procedure","no","mono","no","24","no","white","no","yes","800","legacy","120","120","1","/Users/tom/github/sft-fraction/results/data/subject-5a.csv","legacy","#757575","low","3","Jazzy James","3.1.9","0","l","NA","space","space","space","l","return","647","NA","148901","11392","7534","647","23392","2","legacy","1024","2","48000","-16","experiment","5","odd","present","464966","464965","NA","609545","1312","169234","613294","613811","1371","150289","161699","613811","614463","441514","613278","Fraction component detection task","332","212307","337","yes","1280"
"98.5207100592","98.5207100592","629.615384615","629.615384615","#808080","no","legacy","legacy","legacy","0","uniform","1","undefined","undefined","undefined","1","a","1","1","0","337","0","0","337","337","0","0","0","337","337","1","337","Fri Apr 27 13:03:26 2018","#757575","low","4","The main experiment item","yes","","experiment.osexp","/Users/tom/github/sft-fraction/procedure","no","mono","no","24","no","white","no","yes","800","legacy","121","121","1","/Users/tom/github/sft-fraction/results/data/subject-5a.csv","legacy","#000000","high","3","Jazzy James","3.1.9","0","a","NA","space","space","space","a","return","503","NA","148901","11392","7534","503","23392","2","legacy","1024","2","48000","-16","experiment","5","odd","absent","464966","464965","NA","609545","1312","169234","614550","615067","1371","150289","161699","615067","615576","441514","614532","Fraction component detection task","333","212810","338","yes","1280"
"98.5250737463","98.5250737463","630.607669617","630.607669617","#808080","no","legacy","legacy","legacy","0","uniform","1","undefined","undefined","undefined","1","l","1","1","0","338","0","0","338","338","0","0","0","338","338","1","338","Fri Apr 27 13:03:26 2018","#000000","high","7","The main experiment item","yes","","experiment.osexp","/Users/tom/github/sft-fraction/procedure","no","mono","no","24","no","white","no","yes","800","legacy","122","122","1","/Users/tom/github/sft-fraction/results/data/subject-5a.csv","legacy","#757575","low","2","Jazzy James","3.1.9","0","l","NA","space","space","space","l","return","966","NA","148901","11392","7534","966","23392","2","legacy","1024","2","48000","-16","experiment","5","odd","present","464966","464965","NA","609545","1312","169234","615668","616187","1371","150289","161699","616187","617159","441514","615645","Fraction component detection task","334","213776","339","yes","1280"
"98.5294117647","98.5294117647","631.020588235","631.020588235","#808080","no","legacy","legacy","legacy","0","uniform","1","undefined","undefined","undefined","1","l","1","1","0","339","0","0","339","339","0","0","0","339","339","1","339","Fri Apr 27 13:03:26 2018","#000000","high","4","The main experiment item","yes","","experiment.osexp","/Users/tom/github/sft-fraction/procedure","no","mono","no","24","no","white","no","yes","800","legacy","123","123","1","/Users/tom/github/sft-fraction/results/data/subject-5a.csv","legacy","#757575","low","6","Jazzy James","3.1.9","0","l","NA","space","space","space","l","return","771","NA","148901","11392","7534","771","23392","2","legacy","1024","2","48000","-16","experiment","5","odd","present","464966","464965","NA","609545","1312","169234","617242","617759","1371","150289","161699","617759","618536","441514","617226","Fraction component detection task","335","214547","340","yes","1280"
"98.5337243402","98.5337243402","631.026392962","631.026392962","#808080","no","legacy","legacy","legacy","0","uniform","1","undefined","undefined","undefined","1","a","1","1","0","340","0","0","340","340","0","0","0","340","340","1","340","Fri Apr 27 13:03:26 2018","#757575","low","3","The main experiment item","yes","","experiment.osexp","/Users/tom/github/sft-fraction/procedure","no","mono","no","24","no","white","no","yes","800","legacy","124","124","1","/Users/tom/github/sft-fraction/results/data/subject-5a.csv","legacy","#757575","low","4","Jazzy James","3.1.9","0","a","NA","space","space","space","a","return","633","NA","148901","11392","7534","633","23392","2","legacy","1024","2","48000","-16","experiment","5","odd","absent","464966","464965","NA","609545","1312","169234","618619","619136","1371","150289","161699","619137","619776","441514","618604","Fraction component detection task","336","215180","341","yes","1280"
"98.5380116959","98.5380116959","630.859649123","630.859649123","#808080","no","legacy","legacy","legacy","0","uniform","1","undefined","undefined","undefined","1","a","1","1","0","341","0","0","341","341","0","0","0","341","341","1","341","Fri Apr 27 13:03:26 2018","#757575","low","4","The main experiment item","yes","","experiment.osexp","/Users/tom/github/sft-fraction/procedure","no","mono","no","24","no","white","no","yes","800","legacy","125","125","1","/Users/tom/github/sft-fraction/results/data/subject-5a.csv","legacy","#757575","low","3","Jazzy James","3.1.9","0","a","NA","space","space","space","a","return","574","NA","148901","11392","7534","574","23392","2","legacy","1024","2","48000","-16","experiment","5","odd","absent","464966","464965","NA","609545","1312","169234","619854","620371","1371","150289","161699","620372","620952","441514","619839","Fraction component detection task","337","215754","342","yes","1280"
"98.5422740525","98.5422740525","630.699708455","630.699708455","#808080","no","legacy","legacy","legacy","0","uniform","1","undefined","undefined","undefined","1","l","1","1","0","342","0","0","342","342","0","0","0","342","342","1","342","Fri Apr 27 13:03:26 2018","#757575","low","4","The main experiment item","yes","","experiment.osexp","/Users/tom/github/sft-fraction/procedure","no","mono","no","24","no","white","no","yes","800","legacy","126","126","1","/Users/tom/github/sft-fraction/results/data/subject-5a.csv","legacy","#000000","high","7","Jazzy James","3.1.9","0","l","NA","space","space","space","l","return","576","NA","148901","11392","7534","576","23392","2","legacy","1024","2","48000","-16","experiment","5","odd","present","464966","464965","NA","609545","1312","169234","621036","621553","1371","150289","161699","621553","622135","441514","621017","Fraction component detection task","338","216330","343","yes","1280"
"98.5465116279","98.5465116279","630.61627907","630.61627907","#808080","no","legacy","legacy","legacy","0","uniform","1","undefined","undefined","undefined","1","a","1","1","0","343","0","0","343","343","0","0","0","343","343","1","343","Fri Apr 27 13:03:26 2018","#000000","high","3","The main experiment item","yes","","experiment.osexp","/Users/tom/github/sft-fraction/procedure","no","mono","no","24","no","white","no","yes","800","legacy","127","127","1","/Users/tom/github/sft-fraction/results/data/subject-5a.csv","legacy","#000000","high","2","Jazzy James","3.1.9","0","a","NA","space","space","space","a","return","602","NA","148901","11392","7534","602","23392","2","legacy","1024","2","48000","-16","experiment","5","odd","absent","464966","464965","NA","609545","1312","169234","622219","622735","1371","150289","161699","622736","623344","441514","622203","Fraction component detection task","339","216932","344","yes","1280"
"98.5507246377","98.5507246377","630.698550725","630.698550725","#808080","no","legacy","legacy","legacy","0","uniform","1","undefined","undefined","undefined","1","l","1","1","0","344","0","0","344","344","0","0","0","344","344","1","344","Fri Apr 27 13:03:26 2018","#000000","high","6","The main experiment item","yes","","experiment.osexp","/Users/tom/github/sft-fraction/procedure","no","mono","no","24","no","white","no","yes","800","legacy","128","128","1","/Users/tom/github/sft-fraction/results/data/subject-5a.csv","legacy","#757575","low","2","Jazzy James","3.1.9","0","l","NA","space","space","space","l","return","659","NA","148901","11392","7534","659","23392","2","legacy","1024","2","48000","-16","experiment","5","odd","present","464966","464965","NA","609545","1312","169234","623425","623943","1371","150289","161699","623943","624608","441514","623410","Fraction component detection task","340","217591","345","yes","1280"
"98.5549132948","98.5549132948","630.962427746","630.962427746","#808080","no","legacy","legacy","legacy","0","uniform","1","undefined","undefined","undefined","1","l","1","1","0","345","0","0","345","345","0","0","0","345","345","1","345","Fri Apr 27 13:03:26 2018","#757575","low","7","The main experiment item","yes","","experiment.osexp","/Users/tom/github/sft-fraction/procedure","no","mono","no","24","no","white","no","yes","800","legacy","129","129","1","/Users/tom/github/sft-fraction/results/data/subject-5a.csv","legacy","#000000","high","6","Jazzy James","3.1.9","0","l","NA","space","space","space","l","return","722","NA","148901","11392","7534","722","23392","2","legacy","1024","2","48000","-16","experiment","5","odd","present","464966","464965","NA","609545","1312","169234","624696","625215","1371","150289","161699","625216","625944","441514","624676","Fraction component detection task","341","218313","346","yes","1280"
"98.5590778098","98.5590778098","630.760806916","630.760806916","#808080","no","legacy","legacy","legacy","0","uniform","1","undefined","undefined","undefined","1","l","1","1","0","346","0","0","346","346","0","0","0","346","346","1","346","Fri Apr 27 13:03:26 2018","#000000","high","8","The main experiment item","yes","","experiment.osexp","/Users/tom/github/sft-fraction/procedure","no","mono","no","24","no","white","no","yes","800","legacy","130","130","1","/Users/tom/github/sft-fraction/results/data/subject-5a.csv","legacy","#757575","low","3","Jazzy James","3.1.9","0","l","NA","space","space","space","l","return","561","NA","148901","11392","7534","561","23392","2","legacy","1024","2","48000","-16","experiment","5","odd","present","464966","464965","NA","609545","1312","169234","626034","626551","1371","150289","161699","626552","627119","441514","626013","Fraction component detection task","342","218874","347","yes","1280"
"98.5632183908","98.5632183908","632.097701149","632.097701149","#808080","no","legacy","legacy","legacy","0","uniform","1","undefined","undefined","undefined","1","a","1","1","0","347","0","0","347","347","0","0","0","347","347","1","347","Fri Apr 27 13:03:26 2018","#000000","high","4","The main experiment item","yes","","experiment.osexp","/Users/tom/github/sft-fraction/procedure","no","mono","no","24","no","white","no","yes","800","legacy","131","131","1","/Users/tom/github/sft-fraction/results/data/subject-5a.csv","legacy","#757575","low","3","Jazzy James","3.1.9","0","a","NA","space","space","space","a","return","1096","NA","148901","11392","7534","1096","23392","2","legacy","1024","2","48000","-16","experiment","5","odd","absent","464966","464965","NA","609545","1312","169234","627205","627722","1371","150289","161699","627722","628824","441514","627189","Fraction component detection task","343","219970","348","yes","1280"
"98.5673352436","98.5673352436","632.137535817","632.137535817","#808080","no","legacy","legacy","legacy","0","uniform","1","undefined","undefined","undefined","1","a","1","1","0","348","0","0","348","348","0","0","0","348","348","1","348","Fri Apr 27 13:03:26 2018","#757575","low","4","The main experiment item","yes","","experiment.osexp","/Users/tom/github/sft-fraction/procedure","no","mono","no","24","no","white","no","yes","800","legacy","132","132","1","/Users/tom/github/sft-fraction/results/data/subject-5a.csv","legacy","#000000","high","4","Jazzy James","3.1.9","0","a","NA","space","space","space","a","return","646","NA","148901","11392","7534","646","23392","2","legacy","1024","2","48000","-16","experiment","5","odd","absent","464966","464965","NA","609545","1312","169234","628906","629427","1371","150289","161699","629427","630079","441514","628890","Fraction component detection task","344","220616","349","yes","1280"
"98.5714285714","98.5714285714","631.874285714","631.874285714","#808080","no","legacy","legacy","legacy","0","uniform","1","undefined","undefined","undefined","1","l","1","1","0","349","0","0","349","349","0","0","0","349","349","1","349","Fri Apr 27 13:03:26 2018","#757575","low","2","The main experiment item","yes","","experiment.osexp","/Users/tom/github/sft-fraction/procedure","no","mono","no","24","no","white","no","yes","800","legacy","133","133","1","/Users/tom/github/sft-fraction/results/data/subject-5a.csv","legacy","#000000","high","6","Jazzy James","3.1.9","0","l","NA","space","space","space","l","return","540","NA","148901","11392","7534","540","23392","2","legacy","1024","2","48000","-16","experiment","5","odd","present","464966","464965","NA","609545","1312","169234","630164","630685","1371","150289","161699","630686","631231","441514","630144","Fraction component detection task","345","221156","350","yes","1280"
"98.5754985755","98.5754985755","631.64957265","631.64957265","#808080","no","legacy","legacy","legacy","0","uniform","1","undefined","undefined","undefined","1","a","1","1","0","350","0","0","350","350","0","0","0","350","350","1","350","Fri Apr 27 13:03:26 2018","#000000","high","3","The main experiment item","yes","","experiment.osexp","/Users/tom/github/sft-fraction/procedure","no","mono","no","24","no","white","no","yes","800","legacy","134","134","1","/Users/tom/github/sft-fraction/results/data/subject-5a.csv","legacy","#757575","low","3","Jazzy James","3.1.9","0","a","NA","space","space","space","a","return","553","NA","148901","11392","7534","553","23392","2","legacy","1024","2","48000","-16","experiment","5","odd","absent","464966","464965","NA","609545","1312","169234","631317","631834","1371","150289","161699","631834","632393","441514","631295","Fraction component detection task","346","221709","351","yes","1280"
"98.5795454545","98.5795454545","633.173295455","633.173295455","#808080","no","legacy","legacy","legacy","0","uniform","1","undefined","undefined","undefined","1","a","1","1","0","351","0","0","351","351","0","0","0","351","351","1","351","Fri Apr 27 13:03:26 2018","#000000","high","4","The main experiment item","yes","","experiment.osexp","/Users/tom/github/sft-fraction/procedure","no","mono","no","24","no","white","no","yes","800","legacy","135","135","1","/Users/tom/github/sft-fraction/results/data/subject-5a.csv","legacy","#000000","high","2","Jazzy James","3.1.9","0","a","NA","space","space","space","a","return","1168","NA","148901","11392","7534","1168","23392","2","legacy","1024","2","48000","-16","experiment","5","odd","absent","464966","464965","NA","609545","1312","169234","632477","632994","1371","150289","161699","632994","634168","441514","632456","Fraction component detection task","347","222877","352","yes","1280"
"98.5835694051","98.5835694051","633.138810198","633.138810198","#808080","no","legacy","legacy","legacy","0","uniform","1","undefined","undefined","undefined","1","l","1","1","0","352","0","0","352","352","0","0","0","352","352","1","352","Fri Apr 27 13:03:26 2018","#000000","high","3","The main experiment item","yes","","experiment.osexp","/Users/tom/github/sft-fraction/procedure","no","mono","no","24","no","white","no","yes","800","legacy","136","136","1","/Users/tom/github/sft-fraction/results/data/subject-5a.csv","legacy","#000000","high","6","Jazzy James","3.1.9","0","l","NA","space","space","space","l","return","621","NA","148901","11392","7534","621","23392","2","legacy","1024","2","48000","-16","experiment","5","odd","present","464966","464965","NA","609545","1312","169234","634249","634766","1371","150289","161699","634766","635393","441514","634233","Fraction component detection task","348","223498","353","yes","1280"
"98.5875706215","98.5875706215","632.694915254","632.694915254","#808080","no","legacy","legacy","legacy","0","uniform","1","undefined","undefined","undefined","1","l","1","1","0","353","0","0","353","353","0","0","0","353","353","1","353","Fri Apr 27 13:03:26 2018","#757575","low","7","The main experiment item","yes","","experiment.osexp","/Users/tom/github/sft-fraction/procedure","no","mono","no","24","no","white","no","yes","800","legacy","137","137","1","/Users/tom/github/sft-fraction/results/data/subject-5a.csv","legacy","#000000","high","7","Jazzy James","3.1.9","0","l","NA","space","space","space","l","return","476","NA","148901","11392","7534","476","23392","2","legacy","1024","2","48000","-16","experiment","5","odd","present","464966","464965","NA","609545","1312","169234","635474","635991","1371","150289","161699","635991","636473","441514","635459","Fraction component detection task","349","223974","354","yes","1280"
"98.5915492958","98.5915492958","632.788732394","632.788732394","#808080","no","legacy","legacy","legacy","0","uniform","1","undefined","undefined","undefined","1","a","1","1","0","354","0","0","354","354","0","0","0","354","354","1","354","Fri Apr 27 13:03:26 2018","#000000","high","3","The main experiment item","yes","","experiment.osexp","/Users/tom/github/sft-fraction/procedure","no","mono","no","24","no","white","no","yes","800","legacy","138","138","1","/Users/tom/github/sft-fraction/results/data/subject-5a.csv","legacy","#757575","low","4","Jazzy James","3.1.9","0","a","NA","space","space","space","a","return","666","NA","148901","11392","7534","666","23392","2","legacy","1024","2","48000","-16","experiment","5","odd","absent","464966","464965","NA","609545","1312","169234","636557","637073","1371","150289","161699","637073","637745","441514","636541","Fraction component detection task","350","224640","355","yes","1280"
"98.595505618","98.595505618","632.533707865","632.533707865","#808080","no","legacy","legacy","legacy","0","uniform","1","undefined","undefined","undefined","1","a","1","1","0","355","0","0","355","355","0","0","0","355","355","1","355","Fri Apr 27 13:03:26 2018","#757575","low","2","The main experiment item","yes","","experiment.osexp","/Users/tom/github/sft-fraction/procedure","no","mono","no","24","no","white","no","yes","800","legacy","139","139","1","/Users/tom/github/sft-fraction/results/data/subject-5a.csv","legacy","#000000","high","3","Jazzy James","3.1.9","0","a","NA","space","space","space","a","return","542","NA","148901","11392","7534","542","23392","2","legacy","1024","2","48000","-16","experiment","5","odd","absent","464966","464965","NA","609545","1312","169234","637823","638341","1371","150289","161699","638341","638892","441514","637808","Fraction component detection task","351","225182","356","yes","1280"
"98.5994397759","98.5994397759","632.182072829","632.182072829","#808080","no","legacy","legacy","legacy","0","uniform","1","undefined","undefined","undefined","1","a","1","1","0","356","0","0","356","356","0","0","0","356","356","1","356","Fri Apr 27 13:03:26 2018","#757575","low","4","The main experiment item","yes","","experiment.osexp","/Users/tom/github/sft-fraction/procedure","no","mono","no","24","no","white","no","yes","800","legacy","140","140","1","/Users/tom/github/sft-fraction/results/data/subject-5a.csv","legacy","#757575","low","2","Jazzy James","3.1.9","0","a","NA","space","space","space","a","return","507","NA","148901","11392","7534","507","23392","2","legacy","1024","2","48000","-16","experiment","5","odd","absent","464966","464965","NA","609545","1312","169234","638977","639495","1371","150289","161699","639495","640008","441514","638957","Fraction component detection task","352","225689","357","yes","1280"
"98.6033519553","98.6033519553","631.82122905","631.82122905","#808080","no","legacy","legacy","legacy","0","uniform","1","undefined","undefined","undefined","1","a","1","1","0","357","0","0","357","357","0","0","0","357","357","1","357","Fri Apr 27 13:03:26 2018","#757575","low","2","The main experiment item","yes","","experiment.osexp","/Users/tom/github/sft-fraction/procedure","no","mono","no","24","no","white","no","yes","800","legacy","141","141","1","/Users/tom/github/sft-fraction/results/data/subject-5a.csv","legacy","#000000","high","2","Jazzy James","3.1.9","0","a","NA","space","space","space","a","return","503","NA","148901","11392","7534","503","23392","2","legacy","1024","2","48000","-16","experiment","5","odd","absent","464966","464965","NA","609545","1312","169234","640092","640610","1371","150289","161699","640611","641120","441514","640076","Fraction component detection task","353","226192","358","yes","1280"
"98.6072423398","98.6072423398","631.292479109","631.292479109","#808080","no","legacy","legacy","legacy","0","uniform","1","undefined","undefined","undefined","1","a","1","1","0","358","0","0","358","358","0","0","0","358","358","1","358","Fri Apr 27 13:03:26 2018","#757575","low","4","The main experiment item","yes","","experiment.osexp","/Users/tom/github/sft-fraction/procedure","no","mono","no","24","no","white","no","yes","800","legacy","142","142","1","/Users/tom/github/sft-fraction/results/data/subject-5a.csv","legacy","#757575","low","4","Jazzy James","3.1.9","0","a","NA","space","space","space","a","return","442","NA","148901","11392","7534","442","23392","2","legacy","1024","2","48000","-16","experiment","5","odd","absent","464966","464965","NA","609545","1312","169234","641203","641719","1371","150289","161699","641720","642168","441514","641187","Fraction component detection task","354","226634","359","yes","1280"
"98.6111111111","98.6111111111","630.991666667","630.991666667","#808080","no","legacy","legacy","legacy","0","uniform","1","undefined","undefined","undefined","1","a","1","1","0","359","0","0","359","359","0","0","0","359","359","1","359","Fri Apr 27 13:03:26 2018","#000000","high","3","The main experiment item","yes","","experiment.osexp","/Users/tom/github/sft-fraction/procedure","no","mono","no","24","no","white","no","yes","800","legacy","143","143","1","/Users/tom/github/sft-fraction/results/data/subject-5a.csv","legacy","#000000","high","4","Jazzy James","3.1.9","0","a","NA","space","space","space","a","return","523","NA","148901","11392","7534","523","23392","2","legacy","1024","2","48000","-16","experiment","5","odd","absent","464966","464965","NA","609545","1312","169234","642249","642766","1371","150289","161699","642767","643296","441514","642234","Fraction component detection task","355","227157","360","yes","1280"
"98.6149584488","98.6149584488","630.645429363","630.645429363","#808080","no","legacy","legacy","legacy","0","uniform","1","undefined","undefined","undefined","1","l","1","1","0","360","0","0","360","360","0","0","0","360","360","1","360","Fri Apr 27 13:03:26 2018","#000000","high","7","The main experiment item","yes","","experiment.osexp","/Users/tom/github/sft-fraction/procedure","no","mono","no","24","no","white","no","yes","800","legacy","144","144","1","/Users/tom/github/sft-fraction/results/data/subject-5a.csv","legacy","#000000","high","6","Jazzy James","3.1.9","0","l","NA","space","space","space","l","return","506","NA","148901","11392","7534","506","23392","2","legacy","1024","2","48000","-16","experiment","5","odd","present","464966","464965","NA","609545","1312","169234","643379","643897","1371","150289","161699","643897","644409","441514","643363","Fraction component detection task","356","227663","361","yes","1280"
"98.6187845304","98.6187845304","630.389502762","630.389502762","#808080","no","legacy","legacy","legacy","0","uniform","1","undefined","undefined","undefined","1","l","1","1","0","361","0","0","361","361","0","0","0","361","361","1","361","Fri Apr 27 13:03:26 2018","#000000","high","6","The main experiment item","yes","","experiment.osexp","/Users/tom/github/sft-fraction/procedure","no","mono","no","24","no","white","no","yes","800","legacy","145","145","1","/Users/tom/github/sft-fraction/results/data/subject-5a.csv","legacy","#757575","low","4","Jazzy James","3.1.9","0","l","NA","space","space","space","l","return","538","NA","148901","11392","7534","538","23392","2","legacy","1024","2","48000","-16","experiment","5","odd","present","464966","464965","NA","609545","1312","169234","644490","645009","1371","150289","161699","645009","645554","441514","644472","Fraction component detection task","357","228201","362","yes","1280"
"98.6225895317","98.6225895317","630.101928375","630.101928375","#808080","no","legacy","legacy","legacy","0","uniform","1","undefined","undefined","undefined","1","l","1","1","0","362","0","0","362","362","0","0","0","362","362","1","362","Fri Apr 27 13:03:26 2018","#000000","high","4","The main experiment item","yes","","experiment.osexp","/Users/tom/github/sft-fraction/procedure","no","mono","no","24","no","white","no","yes","800","legacy","146","146","1","/Users/tom/github/sft-fraction/results/data/subject-5a.csv","legacy","#000000","high","6","Jazzy James","3.1.9","0","l","NA","space","space","space","l","return","526","NA","148901","11392","7534","526","23392","2","legacy","1024","2","48000","-16","experiment","5","odd","present","464966","464965","NA","609545","1312","169234","645640","646157","1371","150289","161699","646157","646689","441514","645621","Fraction component detection task","358","228727","363","yes","1280"
"98.6263736264","98.6263736264","629.832417582","629.832417582","#808080","no","legacy","legacy","legacy","0","uniform","1","undefined","undefined","undefined","1","a","1","1","0","363","0","0","363","363","0","0","0","363","363","1","363","Fri Apr 27 13:03:26 2018","#757575","low","4","The main experiment item","yes","","experiment.osexp","/Users/tom/github/sft-fraction/procedure","no","mono","no","24","no","white","no","yes","800","legacy","147","147","1","/Users/tom/github/sft-fraction/results/data/subject-5a.csv","legacy","#000000","high","2","Jazzy James","3.1.9","0","a","NA","space","space","space","a","return","532","NA","148901","11392","7534","532","23392","2","legacy","1024","2","48000","-16","experiment","5","odd","absent","464966","464965","NA","609545","1312","169234","646770","647287","1371","150289","161699","647287","647825","441514","646754","Fraction component detection task","359","229259","364","yes","1280"
"98.6301369863","98.6301369863","629.682191781","629.682191781","#808080","no","legacy","legacy","legacy","0","uniform","1","undefined","undefined","undefined","1","a","1","1","0","364","0","0","364","364","0","0","0","364","364","1","364","Fri Apr 27 13:03:26 2018","#000000","high","4","The main experiment item","yes","","experiment.osexp","/Users/tom/github/sft-fraction/procedure","no","mono","no","24","no","white","no","yes","800","legacy","148","148","1","/Users/tom/github/sft-fraction/results/data/subject-5a.csv","legacy","#757575","low","4","Jazzy James","3.1.9","0","a","NA","space","space","space","a","return","575","NA","148901","11392","7534","575","23392","2","legacy","1024","2","48000","-16","experiment","5","odd","absent","464966","464965","NA","609545","1312","169234","647907","648426","1371","150289","161699","648427","649009","441514","647892","Fraction component detection task","360","229834","365","yes","1280"
"98.6338797814","98.6338797814","629.243169399","629.243169399","#808080","no","legacy","legacy","legacy","0","uniform","1","undefined","undefined","undefined","1","a","1","1","0","365","0","0","365","365","0","0","0","365","365","1","365","Fri Apr 27 13:03:26 2018","#000000","high","3","The main experiment item","yes","","experiment.osexp","/Users/tom/github/sft-fraction/procedure","no","mono","no","24","no","white","no","yes","800","legacy","149","149","1","/Users/tom/github/sft-fraction/results/data/subject-5a.csv","legacy","#757575","low","2","Jazzy James","3.1.9","0","a","NA","space","space","space","a","return","469","NA","148901","11392","7534","469","23392","2","legacy","1024","2","48000","-16","experiment","5","odd","absent","464966","464965","NA","609545","1312","169234","649096","649614","1371","150289","161699","649614","650089","441514","649078","Fraction component detection task","361","230303","366","yes","1280"
"98.6376021798","98.6376021798","628.869209809","628.869209809","#808080","no","legacy","legacy","legacy","0","uniform","1","undefined","undefined","undefined","1","a","1","1","0","366","0","0","366","366","0","0","0","366","366","1","366","Fri Apr 27 13:03:26 2018","#757575","low","2","The main experiment item","yes","","experiment.osexp","/Users/tom/github/sft-fraction/procedure","no","mono","no","24","no","white","no","yes","800","legacy","150","150","1","/Users/tom/github/sft-fraction/results/data/subject-5a.csv","legacy","#000000","high","4","Jazzy James","3.1.9","0","a","NA","space","space","space","a","return","492","NA","148901","11392","7534","492","23392","2","legacy","1024","2","48000","-16","experiment","5","odd","absent","464966","464965","NA","609545","1312","169234","650167","650687","1371","150289","161699","650687","651185","441514","650151","Fraction component detection task","362","230795","367","yes","1280"
"98.6413043478","98.6413043478","628.494565217","628.494565217","#808080","no","legacy","legacy","legacy","0","uniform","1","undefined","undefined","undefined","1","l","1","1","0","367","0","0","367","367","0","0","0","367","367","1","367","Fri Apr 27 13:03:26 2018","#000000","high","3","The main experiment item","yes","","experiment.osexp","/Users/tom/github/sft-fraction/procedure","no","mono","no","24","no","white","no","yes","800","legacy","151","151","1","/Users/tom/github/sft-fraction/results/data/subject-5a.csv","legacy","#000000","high","7","Jazzy James","3.1.9","0","l","NA","space","space","space","l","return","491","NA","148901","11392","7534","491","23392","2","legacy","1024","2","48000","-16","experiment","5","odd","present","464966","464965","NA","609545","1312","169234","651266","651784","1371","150289","161699","651784","652281","441514","651251","Fraction component detection task","363","231286","368","yes","1280"
"98.6449864499","98.6449864499","628.002710027","628.002710027","#808080","no","legacy","legacy","legacy","0","uniform","1","undefined","undefined","undefined","1","l","1","1","0","368","0","0","368","368","0","0","0","368","368","1","368","Fri Apr 27 13:03:26 2018","#757575","low","6","The main experiment item","yes","","experiment.osexp","/Users/tom/github/sft-fraction/procedure","no","mono","no","24","no","white","no","yes","800","legacy","152","152","1","/Users/tom/github/sft-fraction/results/data/subject-5a.csv","legacy","#000000","high","6","Jazzy James","3.1.9","0","l","NA","space","space","space","l","return","447","NA","148901","11392","7534","447","23392","2","legacy","1024","2","48000","-16","experiment","5","odd","present","464966","464965","NA","609545","1312","169234","652368","652885","1371","150289","161699","652885","653338","441514","652352","Fraction component detection task","364","231733","369","yes","1280"
"98.6486486486","98.6486486486","627.581081081","627.581081081","#808080","no","legacy","legacy","legacy","0","uniform","1","undefined","undefined","undefined","1","l","1","1","0","369","0","0","369","369","0","0","0","369","369","1","369","Fri Apr 27 13:03:26 2018","#000000","high","8","The main experiment item","yes","","experiment.osexp","/Users/tom/github/sft-fraction/procedure","no","mono","no","24","no","white","no","yes","800","legacy","153","153","1","/Users/tom/github/sft-fraction/results/data/subject-5a.csv","legacy","#000000","high","6","Jazzy James","3.1.9","0","l","NA","space","space","space","l","return","472","NA","148901","11392","7534","472","23392","2","legacy","1024","2","48000","-16","experiment","5","odd","present","464966","464965","NA","609545","1312","169234","653422","653940","1371","150289","161699","653940","654418","441514","653406","Fraction component detection task","365","232205","370","yes","1280"
"98.6522911051","98.6522911051","627.385444744","627.385444744","#808080","no","legacy","legacy","legacy","0","uniform","1","undefined","undefined","undefined","1","a","1","1","0","370","0","0","370","370","0","0","0","370","370","1","370","Fri Apr 27 13:03:26 2018","#757575","low","3","The main experiment item","yes","","experiment.osexp","/Users/tom/github/sft-fraction/procedure","no","mono","no","24","no","white","no","yes","800","legacy","154","154","1","/Users/tom/github/sft-fraction/results/data/subject-5a.csv","legacy","#000000","high","2","Jazzy James","3.1.9","0","a","NA","space","space","space","a","return","555","NA","148901","11392","7534","555","23392","2","legacy","1024","2","48000","-16","experiment","5","odd","absent","464966","464965","NA","609545","1312","169234","654508","655025","1371","150289","161699","655025","655589","441514","654487","Fraction component detection task","366","232760","371","yes","1280"
"98.6559139785","98.6559139785","627.23655914","627.23655914","#808080","no","legacy","legacy","legacy","0","uniform","1","undefined","undefined","undefined","1","l","1","1","0","371","0","0","371","371","0","0","0","371","371","1","371","Fri Apr 27 13:03:26 2018","#000000","high","6","The main experiment item","yes","","experiment.osexp","/Users/tom/github/sft-fraction/procedure","no","mono","no","24","no","white","no","yes","800","legacy","155","155","1","/Users/tom/github/sft-fraction/results/data/subject-5a.csv","legacy","#757575","low","3","Jazzy James","3.1.9","0","l","NA","space","space","space","l","return","572","NA","148901","11392","7534","572","23392","2","legacy","1024","2","48000","-16","experiment","5","odd","present","464966","464965","NA","609545","1312","169234","655675","656192","1371","150289","161699","656192","656770","441514","655657","Fraction component detection task","367","233332","372","yes","1280"
"98.6595174263","98.6595174263","627.273458445","627.273458445","#808080","no","legacy","legacy","legacy","0","uniform","1","undefined","undefined","undefined","1","a","1","1","0","372","0","0","372","372","0","0","0","372","372","1","372","Fri Apr 27 13:03:26 2018","#757575","low","3","The main experiment item","yes","","experiment.osexp","/Users/tom/github/sft-fraction/procedure","no","mono","no","24","no","white","no","yes","800","legacy","156","156","1","/Users/tom/github/sft-fraction/results/data/subject-5a.csv","legacy","#000000","high","3","Jazzy James","3.1.9","0","a","NA","space","space","space","a","return","641","NA","148901","11392","7534","641","23392","2","legacy","1024","2","48000","-16","experiment","5","odd","absent","464966","464965","NA","609545","1312","169234","656861","657378","1371","150289","161699","657378","658025","441514","656841","Fraction component detection task","368","233973","373","yes","1280"
"98.6631016043","98.6631016043","626.86631016","626.86631016","#808080","no","legacy","legacy","legacy","0","uniform","1","undefined","undefined","undefined","1","l","1","1","0","373","0","0","373","373","0","0","0","373","373","1","373","Fri Apr 27 13:03:26 2018","#757575","low","7","The main experiment item","yes","","experiment.osexp","/Users/tom/github/sft-fraction/procedure","no","mono","no","24","no","white","no","yes","800","legacy","157","157","1","/Users/tom/github/sft-fraction/results/data/subject-5a.csv","legacy","#000000","high","8","Jazzy James","3.1.9","0","l","NA","space","space","space","l","return","475","NA","148901","11392","7534","475","23392","2","legacy","1024","2","48000","-16","experiment","5","odd","present","464966","464965","NA","609545","1312","169234","658115","658632","1371","150289","161699","658632","659113","441514","658096","Fraction component detection task","369","234448","374","yes","1280"
"98.6666666667","98.6666666667","626.501333333","626.501333333","#808080","no","legacy","legacy","legacy","0","uniform","1","undefined","undefined","undefined","1","a","1","1","0","374","0","0","374","374","0","0","0","374","374","1","374","Fri Apr 27 13:03:26 2018","#000000","high","3","The main experiment item","yes","","experiment.osexp","/Users/tom/github/sft-fraction/procedure","no","mono","no","24","no","white","no","yes","800","legacy","158","158","1","/Users/tom/github/sft-fraction/results/data/subject-5a.csv","legacy","#757575","low","3","Jazzy James","3.1.9","0","a","NA","space","space","space","a","return","490","NA","148901","11392","7534","490","23392","2","legacy","1024","2","48000","-16","experiment","5","odd","absent","464966","464965","NA","609545","1312","169234","659196","659713","1371","150289","161699","659713","660212","441514","659181","Fraction component detection task","370","234938","375","yes","1280"
"98.670212766","98.670212766","626.109042553","626.109042553","#808080","no","legacy","legacy","legacy","0","uniform","1","undefined","undefined","undefined","1","l","1","1","0","375","0","0","375","375","0","0","0","375","375","1","375","Fri Apr 27 13:03:26 2018","#000000","high","8","The main experiment item","yes","","experiment.osexp","/Users/tom/github/sft-fraction/procedure","no","mono","no","24","no","white","no","yes","800","legacy","159","159","1","/Users/tom/github/sft-fraction/results/data/subject-5a.csv","legacy","#000000","high","3","Jazzy James","3.1.9","0","l","NA","space","space","space","l","return","479","NA","148901","11392","7534","479","23392","2","legacy","1024","2","48000","-16","experiment","5","odd","present","464966","464965","NA","609545","1312","169234","660295","660811","1371","150289","161699","660812","661297","441514","660279","Fraction component detection task","371","235417","376","yes","1280"
"98.6737400531","98.6737400531","625.848806366","625.848806366","#808080","no","legacy","legacy","legacy","0","uniform","1","undefined","undefined","undefined","1","l","1","1","0","376","0","0","376","376","0","0","0","376","376","1","376","Fri Apr 27 13:03:26 2018","#000000","high","4","The main experiment item","yes","","experiment.osexp","/Users/tom/github/sft-fraction/procedure","no","mono","no","24","no","white","no","yes","800","legacy","160","160","1","/Users/tom/github/sft-fraction/results/data/subject-5a.csv","legacy","#757575","low","7","Jazzy James","3.1.9","0","l","NA","space","space","space","l","return","528","NA","148901","11392","7534","528","23392","2","legacy","1024","2","48000","-16","experiment","5","odd","present","464966","464965","NA","609545","1312","169234","661388","661908","1371","150289","161699","661908","662442","441514","661368","Fraction component detection task","372","235945","377","yes","1280"
"98.6772486772","98.6772486772","625.333333333","625.333333333","#808080","no","legacy","legacy","legacy","0","uniform","1","undefined","undefined","undefined","1","l","1","1","0","377","0","0","377","377","0","0","0","377","377","1","377","Fri Apr 27 13:03:26 2018","#000000","high","2","The main experiment item","yes","","experiment.osexp","/Users/tom/github/sft-fraction/procedure","no","mono","no","24","no","white","no","yes","800","legacy","161","161","1","/Users/tom/github/sft-fraction/results/data/subject-5a.csv","legacy","#000000","high","7","Jazzy James","3.1.9","0","l","NA","space","space","space","l","return","431","NA","148901","11392","7534","431","23392","2","legacy","1024","2","48000","-16","experiment","5","odd","present","464966","464965","NA","609545","1312","169234","662528","663044","1371","150289","161699","663045","663482","441514","662508","Fraction component detection task","373","236376","378","yes","1280"
"98.6807387863","98.6807387863","625.073878628","625.073878628","#808080","no","legacy","legacy","legacy","0","uniform","1","undefined","undefined","undefined","1","a","1","1","0","378","0","0","378","378","0","0","0","378","378","1","378","Fri Apr 27 13:03:26 2018","#000000","high","4","The main experiment item","yes","","experiment.osexp","/Users/tom/github/sft-fraction/procedure","no","mono","no","24","no","white","no","yes","800","legacy","162","162","1","/Users/tom/github/sft-fraction/results/data/subject-5a.csv","legacy","#000000","high","4","Jazzy James","3.1.9","0","a","NA","space","space","space","a","return","527","NA","148901","11392","7534","527","23392","2","legacy","1024","2","48000","-16","experiment","5","odd","absent","464966","464965","NA","609545","1312","169234","663569","664085","1371","150289","161699","664085","664618","441514","663551","Fraction component detection task","374","236903","379","yes","1280"
"98.6842105263","98.6842105263","624.968421053","624.968421053","#808080","no","legacy","legacy","legacy","0","uniform","1","undefined","undefined","undefined","1","l","1","1","0","379","0","0","379","379","0","0","0","379","379","1","379","Fri Apr 27 13:03:26 2018","#000000","high","7","The main experiment item","yes","","experiment.osexp","/Users/tom/github/sft-fraction/procedure","no","mono","no","24","no","white","no","yes","800","legacy","163","163","1","/Users/tom/github/sft-fraction/results/data/subject-5a.csv","legacy","#000000","high","7","Jazzy James","3.1.9","0","l","NA","space","space","space","l","return","585","NA","148901","11392","7534","585","23392","2","legacy","1024","2","48000","-16","experiment","5","odd","present","464966","464965","NA","609545","1312","169234","664701","665219","1371","150289","161699","665219","665811","441514","664685","Fraction component detection task","375","237488","380","yes","1280"
"98.687664042","98.687664042","624.56167979","624.56167979","#808080","no","legacy","legacy","legacy","0","uniform","1","undefined","undefined","undefined","1","a","1","1","0","380","0","0","380","380","0","0","0","380","380","1","380","Fri Apr 27 13:03:26 2018","#757575","low","2","The main experiment item","yes","","experiment.osexp","/Users/tom/github/sft-fraction/procedure","no","mono","no","24","no","white","no","yes","800","legacy","164","164","1","/Users/tom/github/sft-fraction/results/data/subject-5a.csv","legacy","#757575","low","4","Jazzy James","3.1.9","0","a","NA","space","space","space","a","return","470","NA","148901","11392","7534","470","23392","2","legacy","1024","2","48000","-16","experiment","5","odd","absent","464966","464965","NA","609545","1312","169234","665897","666415","1371","150289","161699","666415","666891","441514","665878","Fraction component detection task","376","237958","381","yes","1280"
"98.6910994764","98.6910994764","624.034031414","624.034031414","#808080","no","legacy","legacy","legacy","0","uniform","1","undefined","undefined","undefined","1","a","1","1","0","381","0","0","381","381","0","0","0","381","381","1","381","Fri Apr 27 13:03:26 2018","#000000","high","2","The main experiment item","yes","","experiment.osexp","/Users/tom/github/sft-fraction/procedure","no","mono","no","24","no","white","no","yes","800","legacy","165","165","1","/Users/tom/github/sft-fraction/results/data/subject-5a.csv","legacy","#757575","low","3","Jazzy James","3.1.9","0","a","NA","space","space","space","a","return","423","NA","148901","11392","7534","423","23392","2","legacy","1024","2","48000","-16","experiment","5","odd","absent","464966","464965","NA","609545","1312","169234","666976","667494","1371","150289","161699","667494","667923","441514","666959","Fraction component detection task","377","238381","382","yes","1280"
"98.6945169713","98.6945169713","624.005221932","624.005221932","#808080","no","legacy","legacy","legacy","0","uniform","1","undefined","undefined","undefined","1","l","1","1","0","382","0","0","382","382","0","0","0","382","382","1","382","Fri Apr 27 13:03:26 2018","#757575","low","8","The main experiment item","yes","","experiment.osexp","/Users/tom/github/sft-fraction/procedure","no","mono","no","24","no","white","no","yes","800","legacy","166","166","1","/Users/tom/github/sft-fraction/results/data/subject-5a.csv","legacy","#757575","low","6","Jazzy James","3.1.9","0","l","NA","space","space","space","l","return","613","NA","148901","11392","7534","613","23392","2","legacy","1024","2","48000","-16","experiment","5","odd","present","464966","464965","NA","609545","1312","169234","668006","668527","1371","150289","161699","668527","669146","441514","667987","Fraction component detection task","378","238994","383","yes","1280"
"98.6979166667","98.6979166667","623.776041667","623.776041667","#808080","no","legacy","legacy","legacy","0","uniform","1","undefined","undefined","undefined","1","a","1","1","0","383","0","0","383","383","0","0","0","383","383","1","383","Fri Apr 27 13:03:26 2018","#000000","high","2","The main experiment item","yes","","experiment.osexp","/Users/tom/github/sft-fraction/procedure","no","mono","no","24","no","white","no","yes","800","legacy","167","167","1","/Users/tom/github/sft-fraction/results/data/subject-5a.csv","legacy","#000000","high","2","Jazzy James","3.1.9","0","a","NA","space","space","space","a","return","536","NA","148901","11392","7534","536","23392","2","legacy","1024","2","48000","-16","experiment","5","odd","absent","464966","464965","NA","609545","1312","169234","669230","669748","1371","150289","161699","669748","670290","441514","669214","Fraction component detection task","379","239530","384","yes","1280"
"98.7012987013","98.7012987013","623.696103896","623.696103896","#808080","no","legacy","legacy","legacy","0","uniform","1","undefined","undefined","undefined","1","a","1","1","0","384","0","0","384","384","0","0","0","384","384","1","384","Fri Apr 27 13:03:26 2018","#000000","high","4","The main experiment item","yes","","experiment.osexp","/Users/tom/github/sft-fraction/procedure","no","mono","no","24","no","white","no","yes","800","legacy","168","168","1","/Users/tom/github/sft-fraction/results/data/subject-5a.csv","legacy","#000000","high","3","Jazzy James","3.1.9","0","a","NA","space","space","space","a","return","593","NA","148901","11392","7534","593","23392","2","legacy","1024","2","48000","-16","experiment","5","odd","absent","464966","464965","NA","609545","1312","169234","670377","670900","1371","150289","161699","670900","671499","441514","670358","Fraction component detection task","380","240123","385","yes","1280"
"98.7046632124","98.7046632124","623.21761658","623.21761658","#808080","no","legacy","legacy","legacy","0","uniform","1","undefined","undefined","undefined","1","l","1","1","0","385","0","0","385","385","0","0","0","385","385","1","385","Fri Apr 27 13:03:26 2018","#757575","low","7","The main experiment item","yes","","experiment.osexp","/Users/tom/github/sft-fraction/procedure","no","mono","no","24","no","white","no","yes","800","legacy","169","169","1","/Users/tom/github/sft-fraction/results/data/subject-5a.csv","legacy","#757575","low","7","Jazzy James","3.1.9","0","l","NA","space","space","space","l","return","439","NA","148901","11392","7534","439","23392","2","legacy","1024","2","48000","-16","experiment","5","odd","present","464966","464965","NA","609545","1312","169234","671578","672094","1371","150289","161699","672094","672539","441514","671563","Fraction component detection task","381","240562","386","yes","1280"
"98.7080103359","98.7080103359","622.803617571","622.803617571","#808080","no","legacy","legacy","legacy","0","uniform","1","undefined","undefined","undefined","1","l","1","1","0","386","0","0","386","386","0","0","0","386","386","1","386","Fri Apr 27 13:03:26 2018","#000000","high","7","The main experiment item","yes","","experiment.osexp","/Users/tom/github/sft-fraction/procedure","no","mono","no","24","no","white","no","yes","800","legacy","170","170","1","/Users/tom/github/sft-fraction/results/data/subject-5a.csv","legacy","#757575","low","3","Jazzy James","3.1.9","0","l","NA","space","space","space","l","return","463","NA","148901","11392","7534","463","23392","2","legacy","1024","2","48000","-16","experiment","5","odd","present","464966","464965","NA","609545","1312","169234","672626","673142","1371","150289","161699","673142","673611","441514","672606","Fraction component detection task","382","241025","387","yes","1280"
"98.7113402062","98.7113402062","622.68556701","622.68556701","#808080","no","legacy","legacy","legacy","0","uniform","1","undefined","undefined","undefined","1","a","1","1","0","387","0","0","387","387","0","0","0","387","387","1","387","Fri Apr 27 13:03:26 2018","#757575","low","2","The main experiment item","yes","","experiment.osexp","/Users/tom/github/sft-fraction/procedure","no","mono","no","24","no","white","no","yes","800","legacy","171","171","1","/Users/tom/github/sft-fraction/results/data/subject-5a.csv","legacy","#000000","high","4","Jazzy James","3.1.9","0","a","NA","space","space","space","a","return","577","NA","148901","11392","7534","577","23392","2","legacy","1024","2","48000","-16","experiment","5","odd","absent","464966","464965","NA","609545","1312","169234","673695","674211","1371","150289","161699","674212","674795","441514","673678","Fraction component detection task","383","241602","388","yes","1280"
"98.7146529563","98.7146529563","622.457583548","622.457583548","#808080","no","legacy","legacy","legacy","0","uniform","1","undefined","undefined","undefined","1","a","1","1","0","388","0","0","388","388","0","0","0","388","388","1","388","Fri Apr 27 13:03:26 2018","#757575","low","3","The main experiment item","yes","","experiment.osexp","/Users/tom/github/sft-fraction/procedure","no","mono","no","24","no","white","no","yes","800","legacy","172","172","1","/Users/tom/github/sft-fraction/results/data/subject-5a.csv","legacy","#757575","low","3","Jazzy James","3.1.9","0","a","NA","space","space","space","a","return","534","NA","148901","11392","7534","534","23392","2","legacy","1024","2","48000","-16","experiment","5","odd","absent","464966","464965","NA","609545","1312","169234","674882","675399","1371","150289","161699","675399","675939","441514","674864","Fraction component detection task","384","242136","389","yes","1280"
"98.7179487179","98.7179487179","622.015384615","622.015384615","#808080","no","legacy","legacy","legacy","0","uniform","1","undefined","undefined","undefined","1","a","1","1","0","389","0","0","389","389","0","0","0","389","389","1","389","Fri Apr 27 13:03:26 2018","#000000","high","3","The main experiment item","yes","","experiment.osexp","/Users/tom/github/sft-fraction/procedure","no","mono","no","24","no","white","no","yes","800","legacy","173","173","1","/Users/tom/github/sft-fraction/results/data/subject-5a.csv","legacy","#000000","high","2","Jazzy James","3.1.9","0","a","NA","space","space","space","a","return","450","NA","148901","11392","7534","450","23392","2","legacy","1024","2","48000","-16","experiment","5","odd","absent","464966","464965","NA","609545","1312","169234","676020","676539","1371","150289","161699","676539","676995","441514","676005","Fraction component detection task","385","242586","390","yes","1280"
"98.7212276215","98.7212276215","621.664961637","621.664961637","#808080","no","legacy","legacy","legacy","0","uniform","1","undefined","undefined","undefined","1","l","1","1","0","390","0","0","390","390","0","0","0","390","390","1","390","Fri Apr 27 13:03:26 2018","#757575","low","2","The main experiment item","yes","","experiment.osexp","/Users/tom/github/sft-fraction/procedure","no","mono","no","24","no","white","no","yes","800","legacy","174","174","1","/Users/tom/github/sft-fraction/results/data/subject-5a.csv","legacy","#000000","high","7","Jazzy James","3.1.9","0","l","NA","space","space","space","l","return","485","NA","148901","11392","7534","485","23392","2","legacy","1024","2","48000","-16","experiment","5","odd","present","464966","464965","NA","609545","1312","169234","677078","677598","1371","150289","161699","677599","678090","441514","677059","Fraction component detection task","386","243071","391","yes","1280"
"98.7244897959","98.7244897959","621.477040816","621.477040816","#808080","no","legacy","legacy","legacy","0","uniform","1","undefined","undefined","undefined","1","a","1","1","0","391","0","0","391","391","0","0","0","391","391","1","391","Fri Apr 27 13:03:26 2018","#000000","high","4","The main experiment item","yes","","experiment.osexp","/Users/tom/github/sft-fraction/procedure","no","mono","no","24","no","white","no","yes","800","legacy","175","175","1","/Users/tom/github/sft-fraction/results/data/subject-5a.csv","legacy","#000000","high","2","Jazzy James","3.1.9","0","a","NA","space","space","space","a","return","548","NA","148901","11392","7534","548","23392","2","legacy","1024","2","48000","-16","experiment","5","odd","absent","464966","464965","NA","609545","1312","169234","678171","678688","1371","150289","161699","678688","679243","441514","678155","Fraction component detection task","387","243619","392","yes","1280"
"98.727735369","98.727735369","621.231552163","621.231552163","#808080","no","legacy","legacy","legacy","0","uniform","1","undefined","undefined","undefined","1","a","1","1","0","392","0","0","392","392","0","0","0","392","392","1","392","Fri Apr 27 13:03:26 2018","#757575","low","3","The main experiment item","yes","","experiment.osexp","/Users/tom/github/sft-fraction/procedure","no","mono","no","24","no","white","no","yes","800","legacy","176","176","1","/Users/tom/github/sft-fraction/results/data/subject-5a.csv","legacy","#757575","low","2","Jazzy James","3.1.9","0","a","NA","space","space","space","a","return","525","NA","148901","11392","7534","525","23392","2","legacy","1024","2","48000","-16","experiment","5","odd","absent","464966","464965","NA","609545","1312","169234","679325","679848","1371","150289","161699","679848","680380","441514","679309","Fraction component detection task","388","244144","393","yes","1280"
"98.730964467","98.730964467","620.822335025","620.822335025","#808080","no","legacy","legacy","legacy","0","uniform","1","undefined","undefined","undefined","1","l","1","1","0","393","0","0","393","393","0","0","0","393","393","1","393","Fri Apr 27 13:03:26 2018","#757575","low","4","The main experiment item","yes","","experiment.osexp","/Users/tom/github/sft-fraction/procedure","no","mono","no","24","no","white","no","yes","800","legacy","177","177","1","/Users/tom/github/sft-fraction/results/data/subject-5a.csv","legacy","#757575","low","8","Jazzy James","3.1.9","0","l","NA","space","space","space","l","return","460","NA","148901","11392","7534","460","23392","2","legacy","1024","2","48000","-16","experiment","5","odd","present","464966","464965","NA","609545","1312","169234","680464","680985","1371","150289","161699","680985","681451","441514","680444","Fraction component detection task","389","244604","394","yes","1280"
"98.7341772152","98.7341772152","620.73164557","620.73164557","#808080","no","legacy","legacy","legacy","0","uniform","1","undefined","undefined","undefined","1","l","1","1","0","394","0","0","394","394","0","0","0","394","394","1","394","Fri Apr 27 13:03:26 2018","#000000","high","6","The main experiment item","yes","","experiment.osexp","/Users/tom/github/sft-fraction/procedure","no","mono","no","24","no","white","no","yes","800","legacy","178","178","1","/Users/tom/github/sft-fraction/results/data/subject-5a.csv","legacy","#000000","high","7","Jazzy James","3.1.9","0","l","NA","space","space","space","l","return","585","NA","148901","11392","7534","585","23392","2","legacy","1024","2","48000","-16","experiment","5","odd","present","464966","464965","NA","609545","1312","169234","681535","682052","1371","150289","161699","682052","682646","441514","681520","Fraction component detection task","390","245189","395","yes","1280"
"98.7373737374","98.7373737374","620.560606061","620.560606061","#808080","no","legacy","legacy","legacy","0","uniform","1","undefined","undefined","undefined","1","a","1","1","0","395","0","0","395","395","0","0","0","395","395","1","395","Fri Apr 27 13:03:26 2018","#757575","low","4","The main experiment item","yes","","experiment.osexp","/Users/tom/github/sft-fraction/procedure","no","mono","no","24","no","white","no","yes","800","legacy","179","179","1","/Users/tom/github/sft-fraction/results/data/subject-5a.csv","legacy","#757575","low","4","Jazzy James","3.1.9","0","a","NA","space","space","space","a","return","553","NA","148901","11392","7534","553","23392","2","legacy","1024","2","48000","-16","experiment","5","odd","absent","464966","464965","NA","609545","1312","169234","682734","683251","1371","150289","161699","683252","683814","441514","682712","Fraction component detection task","391","245742","396","yes","1280"
"98.7405541562","98.7405541562","620.128463476","620.128463476","#808080","no","legacy","legacy","legacy","0","uniform","1","undefined","undefined","undefined","1","a","1","1","0","396","0","0","396","396","0","0","0","396","396","1","396","Fri Apr 27 13:03:26 2018","#757575","low","3","The main experiment item","yes","","experiment.osexp","/Users/tom/github/sft-fraction/procedure","no","mono","no","24","no","white","no","yes","800","legacy","180","180","1","/Users/tom/github/sft-fraction/results/data/subject-5a.csv","legacy","#000000","high","4","Jazzy James","3.1.9","0","a","NA","space","space","space","a","return","449","NA","148901","11392","7534","449","23392","2","legacy","1024","2","48000","-16","experiment","5","odd","absent","464966","464965","NA","609545","1312","169234","683896","684413","1371","150289","161699","684413","684868","441514","683880","Fraction component detection task","392","246191","397","yes","1280"
"98.743718593","98.743718593","619.864321608","619.864321608","#808080","no","legacy","legacy","legacy","0","uniform","1","undefined","undefined","undefined","1","a","1","1","0","397","0","0","397","397","0","0","0","397","397","1","397","Fri Apr 27 13:03:26 2018","#757575","low","4","The main experiment item","yes","","experiment.osexp","/Users/tom/github/sft-fraction/procedure","no","mono","no","24","no","white","no","yes","800","legacy","181","181","1","/Users/tom/github/sft-fraction/results/data/subject-5a.csv","legacy","#757575","low","3","Jazzy James","3.1.9","0","a","NA","space","space","space","a","return","515","NA","148901","11392","7534","515","23392","2","legacy","1024","2","48000","-16","experiment","5","odd","absent","464966","464965","NA","609545","1312","169234","684949","685467","1371","150289","161699","685467","685988","441514","684933","Fraction component detection task","393","246706","398","yes","1280"
"98.7468671679","98.7468671679","619.591478697","619.591478697","#808080","no","legacy","legacy","legacy","0","uniform","1","undefined","undefined","undefined","1","a","1","1","0","398","0","0","398","398","0","0","0","398","398","1","398","Fri Apr 27 13:03:26 2018","#757575","low","2","The main experiment item","yes","","experiment.osexp","/Users/tom/github/sft-fraction/procedure","no","mono","no","24","no","white","no","yes","800","legacy","182","182","1","/Users/tom/github/sft-fraction/results/data/subject-5a.csv","legacy","#000000","high","2","Jazzy James","3.1.9","0","a","NA","space","space","space","a","return","511","NA","148901","11392","7534","511","23392","2","legacy","1024","2","48000","-16","experiment","5","odd","absent","464966","464965","NA","609545","1312","169234","686071","686588","1371","150289","161699","686589","687107","441514","686050","Fraction component detection task","394","247217","399","yes","1280"
"98.75","98.75","619.33","619.33","#808080","no","legacy","legacy","legacy","0","uniform","1","undefined","undefined","undefined","1","a","1","1","0","399","0","0","399","399","0","0","0","399","399","1","399","Fri Apr 27 13:03:26 2018","#000000","high","2","The main experiment item","yes","","experiment.osexp","/Users/tom/github/sft-fraction/procedure","no","mono","no","24","no","white","no","yes","800","legacy","183","183","1","/Users/tom/github/sft-fraction/results/data/subject-5a.csv","legacy","#757575","low","2","Jazzy James","3.1.9","0","a","NA","space","space","space","a","return","515","NA","148901","11392","7534","515","23392","2","legacy","1024","2","48000","-16","experiment","5","odd","absent","464966","464965","NA","609545","1312","169234","687195","687714","1371","150289","161699","687714","688237","441514","687176","Fraction component detection task","395","247732","400","yes","1280"
"98.753117207","98.753117207","618.922693267","618.922693267","#808080","no","legacy","legacy","legacy","0","uniform","1","undefined","undefined","undefined","1","a","1","1","0","400","0","0","400","400","0","0","0","400","400","1","400","Fri Apr 27 13:03:26 2018","#000000","high","2","The main experiment item","yes","","experiment.osexp","/Users/tom/github/sft-fraction/procedure","no","mono","no","24","no","white","no","yes","800","legacy","184","184","1","/Users/tom/github/sft-fraction/results/data/subject-5a.csv","legacy","#000000","high","3","Jazzy James","3.1.9","0","a","NA","space","space","space","a","return","456","NA","148901","11392","7534","456","23392","2","legacy","1024","2","48000","-16","experiment","5","odd","absent","464966","464965","NA","609545","1312","169234","688327","688845","1371","150289","161699","688845","689307","441514","688310","Fraction component detection task","396","248188","401","yes","1280"
"98.7562189055","98.7562189055","618.60199005","618.60199005","#808080","no","legacy","legacy","legacy","0","uniform","1","undefined","undefined","undefined","1","l","1","1","0","401","0","0","401","401","0","0","0","401","401","1","401","Fri Apr 27 13:03:26 2018","#000000","high","8","The main experiment item","yes","","experiment.osexp","/Users/tom/github/sft-fraction/procedure","no","mono","no","24","no","white","no","yes","800","legacy","185","185","1","/Users/tom/github/sft-fraction/results/data/subject-5a.csv","legacy","#757575","low","2","Jazzy James","3.1.9","0","l","NA","space","space","space","l","return","490","NA","148901","11392","7534","490","23392","2","legacy","1024","2","48000","-16","experiment","5","odd","present","464966","464965","NA","609545","1312","169234","689398","689916","1371","150289","161699","689916","690413","441514","689376","Fraction component detection task","397","248678","402","yes","1280"
"98.7593052109","98.7593052109","618.186104218","618.186104218","#808080","no","legacy","legacy","legacy","0","uniform","1","undefined","undefined","undefined","1","a","1","1","0","402","0","0","402","402","0","0","0","402","402","1","402","Fri Apr 27 13:03:26 2018","#757575","low","2","The main experiment item","yes","","experiment.osexp","/Users/tom/github/sft-fraction/procedure","no","mono","no","24","no","white","no","yes","800","legacy","186","186","1","/Users/tom/github/sft-fraction/results/data/subject-5a.csv","legacy","#000000","high","3","Jazzy James","3.1.9","0","a","NA","space","space","space","a","return","451","NA","148901","11392","7534","451","23392","2","legacy","1024","2","48000","-16","experiment","5","odd","absent","464966","464965","NA","609545","1312","169234","690495","691011","1371","150289","161699","691011","691469","441514","690479","Fraction component detection task","398","249129","403","yes","1280"
"98.7623762376","98.7623762376","617.851485149","617.851485149","#808080","no","legacy","legacy","legacy","0","uniform","1","undefined","undefined","undefined","1","l","1","1","0","403","0","0","403","403","0","0","0","403","403","1","403","Fri Apr 27 13:03:26 2018","#757575","low","8","The main experiment item","yes","","experiment.osexp","/Users/tom/github/sft-fraction/procedure","no","mono","no","24","no","white","no","yes","800","legacy","187","187","1","/Users/tom/github/sft-fraction/results/data/subject-5a.csv","legacy","#757575","low","7","Jazzy James","3.1.9","0","l","NA","space","space","space","l","return","483","NA","148901","11392","7534","483","23392","2","legacy","1024","2","48000","-16","experiment","5","odd","present","464966","464965","NA","609545","1312","169234","691555","692075","1371","150289","161699","692075","692564","441514","691536","Fraction component detection task","399","249612","404","yes","1280"
"98.7654320988","98.7654320988","617.545679012","617.545679012","#808080","no","legacy","legacy","legacy","0","uniform","1","undefined","undefined","undefined","1","l","1","1","0","404","0","0","404","404","0","0","0","404","404","1","404","Fri Apr 27 13:03:26 2018","#000000","high","8","The main experiment item","yes","","experiment.osexp","/Users/tom/github/sft-fraction/procedure","no","mono","no","24","no","white","no","yes","800","legacy","188","188","1","/Users/tom/github/sft-fraction/results/data/subject-5a.csv","legacy","#757575","low","7","Jazzy James","3.1.9","0","l","NA","space","space","space","l","return","494","NA","148901","11392","7534","494","23392","2","legacy","1024","2","48000","-16","experiment","5","odd","present","464966","464965","NA","609545","1312","169234","692652","693168","1371","150289","161699","693168","693668","441514","692631","Fraction component detection task","400","250106","405","yes","1280"
"98.7684729064","98.7684729064","617.310344828","617.310344828","#808080","no","legacy","legacy","legacy","0","uniform","1","undefined","undefined","undefined","1","l","1","1","0","405","0","0","405","405","0","0","0","405","405","1","405","Fri Apr 27 13:03:26 2018","#000000","high","3","The main experiment item","yes","","experiment.osexp","/Users/tom/github/sft-fraction/procedure","no","mono","no","24","no","white","no","yes","800","legacy","189","189","1","/Users/tom/github/sft-fraction/results/data/subject-5a.csv","legacy","#757575","low","7","Jazzy James","3.1.9","0","l","NA","space","space","space","l","return","522","NA","148901","11392","7534","522","23392","2","legacy","1024","2","48000","-16","experiment","5","odd","present","464966","464965","NA","609545","1312","169234","693751","694268","1371","150289","161699","694268","694797","441514","693736","Fraction component detection task","401","250628","406","yes","1280"
"98.7714987715","98.7714987715","617.142506143","617.142506143","#808080","no","legacy","legacy","legacy","0","uniform","1","undefined","undefined","undefined","1","a","1","1","0","406","0","0","406","406","0","0","0","406","406","1","406","Fri Apr 27 13:03:26 2018","#000000","high","2","The main experiment item","yes","","experiment.osexp","/Users/tom/github/sft-fraction/procedure","no","mono","no","24","no","white","no","yes","800","legacy","190","190","1","/Users/tom/github/sft-fraction/results/data/subject-5a.csv","legacy","#000000","high","4","Jazzy James","3.1.9","0","a","NA","space","space","space","a","return","549","NA","148901","11392","7534","549","23392","2","legacy","1024","2","48000","-16","experiment","5","odd","absent","464966","464965","NA","609545","1312","169234","694884","695401","1371","150289","161699","695401","695957","441514","694865","Fraction component detection task","402","251177","407","yes","1280"
"98.7745098039","98.7745098039","616.742647059","616.742647059","#808080","no","legacy","legacy","legacy","0","uniform","1","undefined","undefined","undefined","1","l","1","1","0","407","0","0","407","407","0","0","0","407","407","1","407","Fri Apr 27 13:03:26 2018","#000000","high","8","The main experiment item","yes","","experiment.osexp","/Users/tom/github/sft-fraction/procedure","no","mono","no","24","no","white","no","yes","800","legacy","191","191","1","/Users/tom/github/sft-fraction/results/data/subject-5a.csv","legacy","#000000","high","8","Jazzy James","3.1.9","0","l","NA","space","space","space","l","return","454","NA","148901","11392","7534","454","23392","2","legacy","1024","2","48000","-16","experiment","5","odd","present","464966","464965","NA","609545","1312","169234","696034","696551","1371","150289","161699","696551","697012","441514","696019","Fraction component detection task","403","251631","408","yes","1280"
"98.7775061125","98.7775061125","616.608801956","616.608801956","#808080","no","legacy","legacy","legacy","0","uniform","1","undefined","undefined","undefined","1","l","1","1","0","408","0","0","408","408","0","0","0","408","408","1","408","Fri Apr 27 13:03:26 2018","#757575","low","4","The main experiment item","yes","","experiment.osexp","/Users/tom/github/sft-fraction/procedure","no","mono","no","24","no","white","no","yes","800","legacy","192","192","1","/Users/tom/github/sft-fraction/results/data/subject-5a.csv","legacy","#757575","low","6","Jazzy James","3.1.9","0","l","NA","space","space","space","l","return","562","NA","148901","11392","7534","562","23392","2","legacy","1024","2","48000","-16","experiment","5","odd","present","464966","464965","NA","609545","1312","169234","697094","697611","1371","150289","161699","697611","698180","441514","697078","Fraction component detection task","404","252193","409","yes","1280"
"98.7804878049","98.7804878049","616.531707317","616.531707317","#808080","no","legacy","legacy","legacy","0","uniform","1","undefined","undefined","undefined","1","a","1","1","0","409","0","0","409","409","0","0","0","409","409","1","409","Fri Apr 27 13:03:26 2018","#000000","high","2","The main experiment item","yes","","experiment.osexp","/Users/tom/github/sft-fraction/procedure","no","mono","no","24","no","white","no","yes","800","legacy","193","193","1","/Users/tom/github/sft-fraction/results/data/subject-5a.csv","legacy","#757575","low","3","Jazzy James","3.1.9","0","a","NA","space","space","space","a","return","585","NA","148901","11392","7534","585","23392","2","legacy","1024","2","48000","-16","experiment","5","odd","absent","464966","464965","NA","609545","1312","169234","698264","698781","1371","150289","161699","698781","699373","441514","698246","Fraction component detection task","405","252778","410","yes","1280"
"98.7834549878","98.7834549878","616.515815085","616.515815085","#808080","no","legacy","legacy","legacy","0","uniform","1","undefined","undefined","undefined","1","l","1","1","0","410","0","0","410","410","0","0","0","410","410","1","410","Fri Apr 27 13:03:26 2018","#757575","low","6","The main experiment item","yes","","experiment.osexp","/Users/tom/github/sft-fraction/procedure","no","mono","no","24","no","white","no","yes","800","legacy","194","194","1","/Users/tom/github/sft-fraction/results/data/subject-5a.csv","legacy","#757575","low","2","Jazzy James","3.1.9","0","l","NA","space","space","space","l","return","610","NA","148901","11392","7534","610","23392","2","legacy","1024","2","48000","-16","experiment","5","odd","present","464966","464965","NA","609545","1312","169234","699454","699972","1371","150289","161699","699972","700589","441514","699439","Fraction component detection task","406","253388","411","yes","1280"
"98.786407767","98.786407767","616.354368932","616.354368932","#808080","no","legacy","legacy","legacy","0","uniform","1","undefined","undefined","undefined","1","a","1","1","0","411","0","0","411","411","0","0","0","411","411","1","411","Fri Apr 27 13:03:26 2018","#000000","high","4","The main experiment item","yes","","experiment.osexp","/Users/tom/github/sft-fraction/procedure","no","mono","no","24","no","white","no","yes","800","legacy","195","195","1","/Users/tom/github/sft-fraction/results/data/subject-5a.csv","legacy","#757575","low","2","Jazzy James","3.1.9","0","a","NA","space","space","space","a","return","550","NA","148901","11392","7534","550","23392","2","legacy","1024","2","48000","-16","experiment","5","odd","absent","464966","464965","NA","609545","1312","169234","700679","701200","1371","150289","161699","701200","701757","441514","700656","Fraction component detection task","407","253938","412","yes","1280"
"98.789346247","98.789346247","615.983050847","615.983050847","#808080","no","legacy","legacy","legacy","0","uniform","1","undefined","undefined","undefined","1","a","1","1","0","412","0","0","412","412","0","0","0","412","412","1","412","Fri Apr 27 13:03:26 2018","#757575","low","4","The main experiment item","yes","","experiment.osexp","/Users/tom/github/sft-fraction/procedure","no","mono","no","24","no","white","no","yes","800","legacy","196","196","1","/Users/tom/github/sft-fraction/results/data/subject-5a.csv","legacy","#757575","low","4","Jazzy James","3.1.9","0","a","NA","space","space","space","a","return","463","NA","148901","11392","7534","463","23392","2","legacy","1024","2","48000","-16","experiment","5","odd","absent","464966","464965","NA","609545","1312","169234","701839","702359","1371","150289","161699","702359","702829","441514","701824","Fraction component detection task","408","254401","413","yes","1280"
"98.7922705314","98.7922705314","615.797101449","615.797101449","#808080","no","legacy","legacy","legacy","0","uniform","1","undefined","undefined","undefined","1","l","1","1","0","413","0","0","413","413","0","0","0","413","413","1","413","Fri Apr 27 13:03:26 2018","#757575","low","8","The main experiment item","yes","","experiment.osexp","/Users/tom/github/sft-fraction/procedure","no","mono","no","24","no","white","no","yes","800","legacy","197","197","1","/Users/tom/github/sft-fraction/results/data/subject-5a.csv","legacy","#000000","high","6","Jazzy James","3.1.9","0","l","NA","space","space","space","l","return","539","NA","148901","11392","7534","539","23392","2","legacy","1024","2","48000","-16","experiment","5","odd","present","464966","464965","NA","609545","1312","169234","702916","703436","1371","150289","161699","703436","703981","441514","702897","Fraction component detection task","409","254940","414","yes","1280"
"98.7951807229","98.7951807229","615.679518072","615.679518072","#808080","no","legacy","legacy","legacy","0","uniform","1","undefined","undefined","undefined","1","l","1","1","0","414","0","0","414","414","0","0","0","414","414","1","414","Fri Apr 27 13:03:26 2018","#000000","high","8","The main experiment item","yes","","experiment.osexp","/Users/tom/github/sft-fraction/procedure","no","mono","no","24","no","white","no","yes","800","legacy","198","198","1","/Users/tom/github/sft-fraction/results/data/subject-5a.csv","legacy","#000000","high","4","Jazzy James","3.1.9","0","l","NA","space","space","space","l","return","567","NA","148901","11392","7534","567","23392","2","legacy","1024","2","48000","-16","experiment","5","odd","present","464966","464965","NA","609545","1312","169234","704073","704590","1371","150289","161699","704591","705164","441514","704051","Fraction component detection task","410","255507","415","yes","1280"
"98.7980769231","98.7980769231","615.40625","615.40625","#808080","no","legacy","legacy","legacy","0","uniform","1","undefined","undefined","undefined","1","l","1","1","0","415","0","0","415","415","0","0","0","415","415","1","415","Fri Apr 27 13:03:26 2018","#757575","low","2","The main experiment item","yes","","experiment.osexp","/Users/tom/github/sft-fraction/procedure","no","mono","no","24","no","white","no","yes","800","legacy","199","199","1","/Users/tom/github/sft-fraction/results/data/subject-5a.csv","legacy","#757575","low","7","Jazzy James","3.1.9","0","l","NA","space","space","space","l","return","502","NA","148901","11392","7534","502","23392","2","legacy","1024","2","48000","-16","experiment","5","odd","present","464966","464965","NA","609545","1312","169234","705251","705768","1371","150289","161699","705768","706278","441514","705232","Fraction component detection task","411","256009","416","yes","1280"
"98.8009592326","98.8009592326","615.400479616","615.400479616","#808080","no","legacy","legacy","legacy","0","uniform","1","undefined","undefined","undefined","1","l","1","1","0","416","0","0","416","416","0","0","0","416","416","1","416","Fri Apr 27 13:03:26 2018","#000000","high","6","The main experiment item","yes","","experiment.osexp","/Users/tom/github/sft-fraction/procedure","no","mono","no","24","no","white","no","yes","800","legacy","200","200","1","/Users/tom/github/sft-fraction/results/data/subject-5a.csv","legacy","#000000","high","2","Jazzy James","3.1.9","0","l","NA","space","space","space","l","return","613","NA","148901","11392","7534","613","23392","2","legacy","1024","2","48000","-16","experiment","5","odd","present","464966","464965","NA","609545","1312","169234","706360","706881","1371","150289","161699","706882","707501","441514","706345","Fraction component detection task","412","256622","417","yes","1280"
"98.8038277512","98.8038277512","615.145933014","615.145933014","#808080","no","legacy","legacy","legacy","0","uniform","1","undefined","undefined","undefined","1","a","1","1","0","417","0","0","417","417","0","0","0","417","417","1","417","Fri Apr 27 13:03:26 2018","#757575","low","3","The main experiment item","yes","","experiment.osexp","/Users/tom/github/sft-fraction/procedure","no","mono","no","24","no","white","no","yes","800","legacy","201","201","1","/Users/tom/github/sft-fraction/results/data/subject-5a.csv","legacy","#757575","low","2","Jazzy James","3.1.9","0","a","NA","space","space","space","a","return","509","NA","148901","11392","7534","509","23392","2","legacy","1024","2","48000","-16","experiment","5","odd","absent","464966","464965","NA","609545","1312","169234","707589","708106","1371","150289","161699","708106","708621","441514","707572","Fraction component detection task","413","257131","418","yes","1280"
"98.8066825776","98.8066825776","614.840095465","614.840095465","#808080","no","legacy","legacy","legacy","0","uniform","1","undefined","undefined","undefined","1","l","1","1","0","418","0","0","418","418","0","0","0","418","418","1","418","Fri Apr 27 13:03:26 2018","#757575","low","8","The main experiment item","yes","","experiment.osexp","/Users/tom/github/sft-fraction/procedure","no","mono","no","24","no","white","no","yes","800","legacy","202","202","1","/Users/tom/github/sft-fraction/results/data/subject-5a.csv","legacy","#000000","high","7","Jazzy James","3.1.9","0","l","NA","space","space","space","l","return","487","NA","148901","11392","7534","487","23392","2","legacy","1024","2","48000","-16","experiment","5","odd","present","464966","464965","NA","609545","1312","169234","708699","709215","1371","150289","161699","709216","709710","441514","708683","Fraction component detection task","414","257618","419","yes","1280"
"98.8095238095","98.8095238095","614.542857143","614.542857143","#808080","no","legacy","legacy","legacy","0","uniform","1","undefined","undefined","undefined","1","l","1","1","0","419","0","0","419","419","0","0","0","419","419","1","419","Fri Apr 27 13:03:26 2018","#757575","low","3","The main experiment item","yes","","experiment.osexp","/Users/tom/github/sft-fraction/procedure","no","mono","no","24","no","white","no","yes","800","legacy","203","203","1","/Users/tom/github/sft-fraction/results/data/subject-5a.csv","legacy","#757575","low","6","Jazzy James","3.1.9","0","l","NA","space","space","space","l","return","490","NA","148901","11392","7534","490","23392","2","legacy","1024","2","48000","-16","experiment","5","odd","present","464966","464965","NA","609545","1312","169234","709797","710317","1371","150289","161699","710317","710814","441514","709777","Fraction component detection task","415","258108","420","yes","1280"
"98.8123515439","98.8123515439","614.494061758","614.494061758","#808080","no","legacy","legacy","legacy","0","uniform","1","undefined","undefined","undefined","1","a","1","1","0","420","0","0","420","420","0","0","0","420","420","1","420","Fri Apr 27 13:03:26 2018","#757575","low","2","The main experiment item","yes","","experiment.osexp","/Users/tom/github/sft-fraction/procedure","no","mono","no","24","no","white","no","yes","800","legacy","204","204","1","/Users/tom/github/sft-fraction/results/data/subject-5a.csv","legacy","#757575","low","2","Jazzy James","3.1.9","0","a","NA","space","space","space","a","return","594","NA","148901","11392","7534","594","23392","2","legacy","1024","2","48000","-16","experiment","5","odd","absent","464966","464965","NA","609545","1312","169234","710902","711420","1371","150289","161699","711420","712021","441514","710884","Fraction component detection task","416","258702","421","yes","1280"
"98.8151658768","98.8151658768","614.161137441","614.161137441","#808080","no","legacy","legacy","legacy","0","uniform","1","undefined","undefined","undefined","1","a","1","1","0","421","0","0","421","421","0","0","0","421","421","1","421","Fri Apr 27 13:03:26 2018","#757575","low","2","The main experiment item","yes","","experiment.osexp","/Users/tom/github/sft-fraction/procedure","no","mono","no","24","no","white","no","yes","800","legacy","205","205","1","/Users/tom/github/sft-fraction/results/data/subject-5a.csv","legacy","#757575","low","2","Jazzy James","3.1.9","0","a","NA","space","space","space","a","return","474","NA","148901","11392","7534","474","23392","2","legacy","1024","2","48000","-16","experiment","5","odd","absent","464966","464965","NA","609545","1312","169234","712102","712620","1371","150289","161699","712620","713101","441514","712086","Fraction component detection task","417","259176","422","yes","1280"
"98.8179669031","98.8179669031","614.193853428","614.193853428","#808080","no","legacy","legacy","legacy","0","uniform","1","undefined","undefined","undefined","1","a","1","1","0","422","0","0","422","422","0","0","0","422","422","1","422","Fri Apr 27 13:03:26 2018","#000000","high","2","The main experiment item","yes","","experiment.osexp","/Users/tom/github/sft-fraction/procedure","no","mono","no","24","no","white","no","yes","800","legacy","206","206","1","/Users/tom/github/sft-fraction/results/data/subject-5a.csv","legacy","#000000","high","3","Jazzy James","3.1.9","0","a","NA","space","space","space","a","return","628","NA","148901","11392","7534","628","23392","2","legacy","1024","2","48000","-16","experiment","5","odd","absent","464966","464965","NA","609545","1312","169234","713180","713699","1371","150289","161699","713699","714334","441514","713164","Fraction component detection task","418","259804","423","yes","1280"
"98.820754717","98.820754717","613.931603774","613.931603774","#808080","no","legacy","legacy","legacy","0","uniform","1","undefined","undefined","undefined","1","a","1","1","0","423","0","0","423","423","0","0","0","423","423","1","423","Fri Apr 27 13:03:26 2018","#000000","high","4","The main experiment item","yes","","experiment.osexp","/Users/tom/github/sft-fraction/procedure","no","mono","no","24","no","white","no","yes","800","legacy","207","207","1","/Users/tom/github/sft-fraction/results/data/subject-5a.csv","legacy","#757575","low","2","Jazzy James","3.1.9","0","a","NA","space","space","space","a","return","503","NA","148901","11392","7534","503","23392","2","legacy","1024","2","48000","-16","experiment","5","odd","absent","464966","464965","NA","609545","1312","169234","714418","714935","1371","150289","161699","714936","715446","441514","714398","Fraction component detection task","419","260307","424","yes","1280"
"98.8235294118","98.8235294118","613.550588235","613.550588235","#808080","no","legacy","legacy","legacy","0","uniform","1","undefined","undefined","undefined","1","a","1","1","0","424","0","0","424","424","0","0","0","424","424","1","424","Fri Apr 27 13:03:26 2018","#757575","low","2","The main experiment item","yes","","experiment.osexp","/Users/tom/github/sft-fraction/procedure","no","mono","no","24","no","white","no","yes","800","legacy","208","208","1","/Users/tom/github/sft-fraction/results/data/subject-5a.csv","legacy","#757575","low","3","Jazzy James","3.1.9","0","a","NA","space","space","space","a","return","452","NA","148901","11392","7534","452","23392","2","legacy","1024","2","48000","-16","experiment","5","odd","absent","464966","464965","NA","609545","1312","169234","715529","716050","1371","150289","161699","716051","716510","441514","715514","Fraction component detection task","420","260759","425","yes","1280"
"98.8262910798","98.8262910798","613.251173709","613.251173709","#808080","no","legacy","legacy","legacy","0","uniform","1","undefined","undefined","undefined","1","l","1","1","0","425","0","0","425","425","0","0","0","425","425","1","425","Fri Apr 27 13:03:26 2018","#000000","high","8","The main experiment item","yes","","experiment.osexp","/Users/tom/github/sft-fraction/procedure","no","mono","no","24","no","white","no","yes","800","legacy","209","209","1","/Users/tom/github/sft-fraction/results/data/subject-5a.csv","legacy","#757575","low","8","Jazzy James","3.1.9","0","l","NA","space","space","space","l","return","486","NA","148901","11392","7534","486","23392","2","legacy","1024","2","48000","-16","experiment","5","odd","present","464966","464965","NA","609545","1312","169234","716596","717112","1371","150289","161699","717113","717607","441514","716577","Fraction component detection task","421","261245","426","yes","1280"
"98.8290398126","98.8290398126","612.850117096","612.850117096","#808080","no","legacy","legacy","legacy","0","uniform","1","undefined","undefined","undefined","1","l","1","1","0","426","0","0","426","426","0","0","0","426","426","1","426","Fri Apr 27 13:03:26 2018","#000000","high","4","The main experiment item","yes","","experiment.osexp","/Users/tom/github/sft-fraction/procedure","no","mono","no","24","no","white","no","yes","800","legacy","210","210","1","/Users/tom/github/sft-fraction/results/data/subject-5a.csv","legacy","#000000","high","8","Jazzy James","3.1.9","0","l","NA","space","space","space","l","return","442","NA","148901","11392","7534","442","23392","2","legacy","1024","2","48000","-16","experiment","5","odd","present","464966","464965","NA","609545","1312","169234","717694","718213","1371","150289","161699","718213","718663","441514","717676","Fraction component detection task","422","261687","427","yes","1280"
"98.8317757009","98.8317757009","612.677570093","612.677570093","#808080","no","legacy","legacy","legacy","0","uniform","1","undefined","undefined","undefined","1","a","1","1","0","427","0","0","427","427","0","0","0","427","427","1","427","Fri Apr 27 13:03:26 2018","#000000","high","3","The main experiment item","yes","","experiment.osexp","/Users/tom/github/sft-fraction/procedure","no","mono","no","24","no","white","no","yes","800","legacy","211","211","1","/Users/tom/github/sft-fraction/results/data/subject-5a.csv","legacy","#000000","high","3","Jazzy James","3.1.9","0","a","NA","space","space","space","a","return","539","NA","148901","11392","7534","539","23392","2","legacy","1024","2","48000","-16","experiment","5","odd","absent","464966","464965","NA","609545","1312","169234","718747","719267","1371","150289","161699","719268","719814","441514","718731","Fraction component detection task","423","262226","428","yes","1280"
"98.8344988345","98.8344988345","612.151515152","612.151515152","#808080","no","legacy","legacy","legacy","0","uniform","1","undefined","undefined","undefined","1","a","1","1","0","428","0","0","428","428","0","0","0","428","428","1","428","Fri Apr 27 13:03:26 2018","#000000","high","4","The main experiment item","yes","","experiment.osexp","/Users/tom/github/sft-fraction/procedure","no","mono","no","24","no","white","no","yes","800","legacy","212","212","1","/Users/tom/github/sft-fraction/results/data/subject-5a.csv","legacy","#000000","high","3","Jazzy James","3.1.9","0","a","NA","space","space","space","a","return","387","NA","148901","11392","7534","387","23392","2","legacy","1024","2","48000","-16","experiment","5","odd","absent","464966","464965","NA","609545","1312","169234","719895","720412","1371","150289","161699","720412","720806","441514","719880","Fraction component detection task","424","262613","429","yes","1280"
"98.8372093023","98.8372093023","612.581395349","612.581395349","#808080","no","legacy","legacy","legacy","0","uniform","1","undefined","undefined","undefined","1","l","1","1","0","429","0","0","429","429","0","0","0","429","429","1","429","Fri Apr 27 13:03:26 2018","#000000","high","8","The main experiment item","yes","","experiment.osexp","/Users/tom/github/sft-fraction/procedure","no","mono","no","24","no","white","no","yes","800","legacy","213","213","1","/Users/tom/github/sft-fraction/results/data/subject-5a.csv","legacy","#000000","high","2","Jazzy James","3.1.9","0","l","NA","space","space","space","l","return","797","NA","148901","11392","7534","797","23392","2","legacy","1024","2","48000","-16","experiment","5","odd","present","464966","464965","NA","609545","1312","169234","720894","721410","1371","150289","161699","721410","722213","441514","720876","Fraction component detection task","425","263410","430","yes","1280"
"98.8399071926","98.8399071926","613.241299304","613.241299304","#808080","no","legacy","legacy","legacy","0","uniform","1","undefined","undefined","undefined","1","l","1","1","0","430","0","0","430","430","0","0","0","430","430","1","430","Fri Apr 27 13:03:26 2018","#757575","low","4","The main experiment item","yes","","experiment.osexp","/Users/tom/github/sft-fraction/procedure","no","mono","no","24","no","white","no","yes","800","legacy","214","214","1","/Users/tom/github/sft-fraction/results/data/subject-5a.csv","legacy","#000000","high","8","Jazzy James","3.1.9","0","l","NA","space","space","space","l","return","897","NA","148901","11392","7534","897","23392","2","legacy","1024","2","48000","-16","experiment","5","odd","present","464966","464965","NA","609545","1312","169234","722296","722815","1371","150289","161699","722815","723718","441514","722280","Fraction component detection task","426","264307","431","yes","1280"
"98.8425925926","98.8425925926","612.988425926","612.988425926","#808080","no","legacy","legacy","legacy","0","uniform","1","undefined","undefined","undefined","1","a","1","1","0","431","0","0","431","431","0","0","0","431","431","1","431","Fri Apr 27 13:03:26 2018","#000000","high","4","The main experiment item","yes","","experiment.osexp","/Users/tom/github/sft-fraction/procedure","no","mono","no","24","no","white","no","yes","800","legacy","215","215","1","/Users/tom/github/sft-fraction/results/data/subject-5a.csv","legacy","#000000","high","4","Jazzy James","3.1.9","0","a","NA","space","space","space","a","return","504","NA","148901","11392","7534","504","23392","2","legacy","1024","2","48000","-16","experiment","5","odd","absent","464966","464965","NA","609545","1312","169234","723803","724320","1371","150289","161699","724320","724830","441514","723786","Fraction component detection task","427","264811","432","yes","1280"
"98.8452655889","98.8452655889","613.138568129","613.138568129","#808080","no","legacy","legacy","legacy","0","uniform","1","undefined","undefined","undefined","1","a","2","2","0","432","0","0","432","432","0","0","0","432","432","2","432","Fri Apr 27 13:03:26 2018","#757575","low","3","The main experiment item","yes","","experiment.osexp","/Users/tom/github/sft-fraction/procedure","no","mono","no","24","no","white","no","yes","800","legacy","0","0","2","/Users/tom/github/sft-fraction/results/data/subject-5a.csv","legacy","#000000","high","2","Jazzy James","3.1.9","0","a","NA","space","space","space","a","return","678","NA","148901","11392","7534","678","27941","2","legacy","1024","2","48000","-16","experiment","5","odd","absent","752906","752905","NA","609545","1312","169234","752954","753474","1371","150289","161699","753474","754159","724900","752937","Fraction component detection task","428","265489","433","yes","1280"
"98.8479262673","98.8479262673","612.652073733","612.652073733","#808080","no","legacy","legacy","legacy","0","uniform","1","undefined","undefined","undefined","1","a","2","2","0","433","0","0","433","433","0","0","0","433","433","2","433","Fri Apr 27 13:03:26 2018","#757575","low","4","The main experiment item","yes","","experiment.osexp","/Users/tom/github/sft-fraction/procedure","no","mono","no","24","no","white","no","yes","800","legacy","1","1","2","/Users/tom/github/sft-fraction/results/data/subject-5a.csv","legacy","#000000","high","2","Jazzy James","3.1.9","0","a","NA","space","space","space","a","return","402","NA","148901","11392","7534","402","27941","2","legacy","1024","2","48000","-16","experiment","5","odd","absent","752906","752905","NA","609545","1312","169234","754249","754766","1371","150289","161699","754766","755176","724900","754226","Fraction component detection task","429","265891","434","yes","1280"
"98.8505747126","98.8505747126","612.944827586","612.944827586","#808080","no","legacy","legacy","legacy","0","uniform","1","undefined","undefined","undefined","1","l","2","2","0","434","0","0","434","434","0","0","0","434","434","2","434","Fri Apr 27 13:03:26 2018","#757575","low","8","The main experiment item","yes","","experiment.osexp","/Users/tom/github/sft-fraction/procedure","no","mono","no","24","no","white","no","yes","800","legacy","2","2","2","/Users/tom/github/sft-fraction/results/data/subject-5a.csv","legacy","#000000","high","7","Jazzy James","3.1.9","0","l","NA","space","space","space","l","return","740","NA","148901","11392","7534","740","27941","2","legacy","1024","2","48000","-16","experiment","5","odd","present","752906","752905","NA","609545","1312","169234","755262","755780","1371","150289","161699","755781","756528","724900","755243","Fraction component detection task","430","266631","435","yes","1280"
"98.8532110092","98.8532110092","612.798165138","612.798165138","#808080","no","legacy","legacy","legacy","0","uniform","1","undefined","undefined","undefined","1","a","2","2","0","435","0","0","435","435","0","0","0","435","435","2","435","Fri Apr 27 13:03:26 2018","#000000","high","4","The main experiment item","yes","","experiment.osexp","/Users/tom/github/sft-fraction/procedure","no","mono","no","24","no","white","no","yes","800","legacy","3","3","2","/Users/tom/github/sft-fraction/results/data/subject-5a.csv","legacy","#757575","low","3","Jazzy James","3.1.9","0","a","NA","space","space","space","a","return","549","NA","148901","11392","7534","549","27941","2","legacy","1024","2","48000","-16","experiment","5","odd","absent","752906","752905","NA","609545","1312","169234","756612","757132","1371","150289","161699","757132","757688","724900","756592","Fraction component detection task","431","267180","436","yes","1280"
"98.8558352403","98.8558352403","612.366132723","612.366132723","#808080","no","legacy","legacy","legacy","0","uniform","1","undefined","undefined","undefined","1","a","2","2","0","436","0","0","436","436","0","0","0","436","436","2","436","Fri Apr 27 13:03:26 2018","#000000","high","2","The main experiment item","yes","","experiment.osexp","/Users/tom/github/sft-fraction/procedure","no","mono","no","24","no","white","no","yes","800","legacy","4","4","2","/Users/tom/github/sft-fraction/results/data/subject-5a.csv","legacy","#000000","high","2","Jazzy James","3.1.9","0","a","NA","space","space","space","a","return","424","NA","148901","11392","7534","424","27941","2","legacy","1024","2","48000","-16","experiment","5","odd","absent","752906","752905","NA","609545","1312","169234","757771","758289","1371","150289","161699","758289","758720","724900","757755","Fraction component detection task","432","267604","437","yes","1280"
"98.8584474886","98.8584474886","612.191780822","612.191780822","#808080","no","legacy","legacy","legacy","0","uniform","1","undefined","undefined","undefined","1","l","2","2","0","437","0","0","437","437","0","0","0","437","437","2","437","Fri Apr 27 13:03:26 2018","#000000","high","7","The main experiment item","yes","","experiment.osexp","/Users/tom/github/sft-fraction/procedure","no","mono","no","24","no","white","no","yes","800","legacy","5","5","2","/Users/tom/github/sft-fraction/results/data/subject-5a.csv","legacy","#000000","high","3","Jazzy James","3.1.9","0","l","NA","space","space","space","l","return","536","NA","148901","11392","7534","536","27941","2","legacy","1024","2","48000","-16","experiment","5","odd","present","752906","752905","NA","609545","1312","169234","758808","759329","1371","150289","161699","759329","759872","724900","758792","Fraction component detection task","433","268140","438","yes","1280"
"98.861047836","98.861047836","612.038724374","612.038724374","#808080","no","legacy","legacy","legacy","0","uniform","1","undefined","undefined","undefined","1","a","2","2","0","438","0","0","438","438","0","0","0","438","438","2","438","Fri Apr 27 13:03:26 2018","#000000","high","2","The main experiment item","yes","","experiment.osexp","/Users/tom/github/sft-fraction/procedure","no","mono","no","24","no","white","no","yes","800","legacy","6","6","2","/Users/tom/github/sft-fraction/results/data/subject-5a.csv","legacy","#757575","low","4","Jazzy James","3.1.9","0","a","NA","space","space","space","a","return","545","NA","148901","11392","7534","545","27941","2","legacy","1024","2","48000","-16","experiment","5","odd","absent","752906","752905","NA","609545","1312","169234","759952","760471","1371","150289","161699","760471","761023","724900","759936","Fraction component detection task","434","268685","439","yes","1280"
"98.8636363636","98.8636363636","612.020454545","612.020454545","#808080","no","legacy","legacy","legacy","0","uniform","1","undefined","undefined","undefined","1","l","2","2","0","439","0","0","439","439","0","0","0","439","439","2","439","Fri Apr 27 13:03:26 2018","#000000","high","8","The main experiment item","yes","","experiment.osexp","/Users/tom/github/sft-fraction/procedure","no","mono","no","24","no","white","no","yes","800","legacy","7","7","2","/Users/tom/github/sft-fraction/results/data/subject-5a.csv","legacy","#757575","low","7","Jazzy James","3.1.9","0","l","NA","space","space","space","l","return","604","NA","148901","11392","7534","604","27941","2","legacy","1024","2","48000","-16","experiment","5","odd","present","752906","752905","NA","609545","1312","169234","761104","761621","1371","150289","161699","761621","762234","724900","761088","Fraction component detection task","435","269289","440","yes","1280"
"98.8662131519","98.8662131519","611.784580499","611.784580499","#808080","no","legacy","legacy","legacy","0","uniform","1","undefined","undefined","undefined","1","l","2","2","0","440","0","0","440","440","0","0","0","440","440","2","440","Fri Apr 27 13:03:26 2018","#000000","high","4","The main experiment item","yes","","experiment.osexp","/Users/tom/github/sft-fraction/procedure","no","mono","no","24","no","white","no","yes","800","legacy","8","8","2","/Users/tom/github/sft-fraction/results/data/subject-5a.csv","legacy","#000000","high","8","Jazzy James","3.1.9","0","l","NA","space","space","space","l","return","508","NA","148901","11392","7534","508","27941","2","legacy","1024","2","48000","-16","experiment","5","odd","present","752906","752905","NA","609545","1312","169234","762317","762836","1371","150289","161699","762837","763352","724900","762301","Fraction component detection task","436","269797","441","yes","1280"
"98.8687782805","98.8687782805","611.57239819","611.57239819","#808080","no","legacy","legacy","legacy","0","uniform","1","undefined","undefined","undefined","1","a","2","2","0","441","0","0","441","441","0","0","0","441","441","2","441","Fri Apr 27 13:03:26 2018","#757575","low","4","The main experiment item","yes","","experiment.osexp","/Users/tom/github/sft-fraction/procedure","no","mono","no","24","no","white","no","yes","800","legacy","9","9","2","/Users/tom/github/sft-fraction/results/data/subject-5a.csv","legacy","#000000","high","4","Jazzy James","3.1.9","0","a","NA","space","space","space","a","return","518","NA","148901","11392","7534","518","27941","2","legacy","1024","2","48000","-16","experiment","5","odd","absent","752906","752905","NA","609545","1312","169234","763438","763954","1371","150289","161699","763955","764481","724900","763419","Fraction component detection task","437","270315","442","yes","1280"
"98.8713318284","98.8713318284","611.23476298","611.23476298","#808080","no","legacy","legacy","legacy","0","uniform","1","undefined","undefined","undefined","1","l","2","2","0","442","0","0","442","442","0","0","0","442","442","2","442","Fri Apr 27 13:03:26 2018","#000000","high","3","The main experiment item","yes","","experiment.osexp","/Users/tom/github/sft-fraction/procedure","no","mono","no","24","no","white","no","yes","800","legacy","10","10","2","/Users/tom/github/sft-fraction/results/data/subject-5a.csv","legacy","#757575","low","6","Jazzy James","3.1.9","0","l","NA","space","space","space","l","return","462","NA","148901","11392","7534","462","27941","2","legacy","1024","2","48000","-16","experiment","5","odd","present","752906","752905","NA","609545","1312","169234","764573","765090","1371","150289","161699","765091","765562","724900","764554","Fraction component detection task","438","270777","443","yes","1280"
"98.8738738739","98.8738738739","611.067567568","611.067567568","#808080","no","legacy","legacy","legacy","0","uniform","1","undefined","undefined","undefined","1","a","2","2","0","443","0","0","443","443","0","0","0","443","443","2","443","Fri Apr 27 13:03:26 2018","#000000","high","4","The main experiment item","yes","","experiment.osexp","/Users/tom/github/sft-fraction/procedure","no","mono","no","24","no","white","no","yes","800","legacy","11","11","2","/Users/tom/github/sft-fraction/results/data/subject-5a.csv","legacy","#000000","high","3","Jazzy James","3.1.9","0","a","NA","space","space","space","a","return","537","NA","148901","11392","7534","537","27941","2","legacy","1024","2","48000","-16","experiment","5","odd","absent","752906","752905","NA","609545","1312","169234","765643","766160","1371","150289","161699","766160","766707","724900","765627","Fraction component detection task","439","271314","444","yes","1280"
"98.8764044944","98.8764044944","610.813483146","610.813483146","#808080","no","legacy","legacy","legacy","0","uniform","1","undefined","undefined","undefined","1","a","2","2","0","444","0","0","444","444","0","0","0","444","444","2","444","Fri Apr 27 13:03:26 2018","#757575","low","2","The main experiment item","yes","","experiment.osexp","/Users/tom/github/sft-fraction/procedure","no","mono","no","24","no","white","no","yes","800","legacy","12","12","2","/Users/tom/github/sft-fraction/results/data/subject-5a.csv","legacy","#000000","high","2","Jazzy James","3.1.9","0","a","NA","space","space","space","a","return","498","NA","148901","11392","7534","498","27941","2","legacy","1024","2","48000","-16","experiment","5","odd","absent","752906","752905","NA","609545","1312","169234","766794","767311","1371","150289","161699","767311","767817","724900","766778","Fraction component detection task","440","271812","445","yes","1280"
"98.8789237668","98.8789237668","610.80941704","610.80941704","#808080","no","legacy","legacy","legacy","0","uniform","1","undefined","undefined","undefined","1","l","2","2","0","445","0","0","445","445","0","0","0","445","445","2","445","Fri Apr 27 13:03:26 2018","#757575","low","8","The main experiment item","yes","","experiment.osexp","/Users/tom/github/sft-fraction/procedure","no","mono","no","24","no","white","no","yes","800","legacy","13","13","2","/Users/tom/github/sft-fraction/results/data/subject-5a.csv","legacy","#000000","high","8","Jazzy James","3.1.9","0","l","NA","space","space","space","l","return","609","NA","148901","11392","7534","609","27941","2","legacy","1024","2","48000","-16","experiment","5","odd","present","752906","752905","NA","609545","1312","169234","767899","768416","1371","150289","161699","768416","769034","724900","767883","Fraction component detection task","441","272421","446","yes","1280"
"98.8814317673","98.8814317673","610.648769575","610.648769575","#808080","no","legacy","legacy","legacy","0","uniform","1","undefined","undefined","undefined","1","a","2","2","0","446","0","0","446","446","0","0","0","446","446","2","446","Fri Apr 27 13:03:26 2018","#000000","high","2","The main experiment item","yes","","experiment.osexp","/Users/tom/github/sft-fraction/procedure","no","mono","no","24","no","white","no","yes","800","legacy","14","14","2","/Users/tom/github/sft-fraction/results/data/subject-5a.csv","legacy","#000000","high","4","Jazzy James","3.1.9","0","a","NA","space","space","space","a","return","539","NA","148901","11392","7534","539","27941","2","legacy","1024","2","48000","-16","experiment","5","odd","absent","752906","752905","NA","609545","1312","169234","769121","769638","1371","150289","161699","769638","770183","724900","769104","Fraction component detection task","442","272960","447","yes","1280"
"98.8839285714","98.8839285714","610.587053571","610.587053571","#808080","no","legacy","legacy","legacy","0","uniform","1","undefined","undefined","undefined","1","l","2","2","0","447","0","0","447","447","0","0","0","447","447","2","447","Fri Apr 27 13:03:26 2018","#000000","high","2","The main experiment item","yes","","experiment.osexp","/Users/tom/github/sft-fraction/procedure","no","mono","no","24","no","white","no","yes","800","legacy","15","15","2","/Users/tom/github/sft-fraction/results/data/subject-5a.csv","legacy","#757575","low","7","Jazzy James","3.1.9","0","l","NA","space","space","space","l","return","583","NA","148901","11392","7534","583","27941","2","legacy","1024","2","48000","-16","experiment","5","odd","present","752906","752905","NA","609545","1312","169234","770269","770787","1371","150289","161699","770787","771376","724900","770250","Fraction component detection task","443","273543","448","yes","1280"
"98.8864142539","98.8864142539","610.474387528","610.474387528","#808080","no","legacy","legacy","legacy","0","uniform","1","undefined","undefined","undefined","1","l","2","2","0","448","0","0","448","448","0","0","0","448","448","2","448","Fri Apr 27 13:03:26 2018","#000000","high","7","The main experiment item","yes","","experiment.osexp","/Users/tom/github/sft-fraction/procedure","no","mono","no","24","no","white","no","yes","800","legacy","16","16","2","/Users/tom/github/sft-fraction/results/data/subject-5a.csv","legacy","#000000","high","6","Jazzy James","3.1.9","0","l","NA","space","space","space","l","return","560","NA","148901","11392","7534","560","27941","2","legacy","1024","2","48000","-16","experiment","5","odd","present","752906","752905","NA","609545","1312","169234","771461","771978","1371","150289","161699","771978","772546","724900","771445","Fraction component detection task","444","274103","449","yes","1280"
"98.8888888889","98.8888888889","610.366666667","610.366666667","#808080","no","legacy","legacy","legacy","0","uniform","1","undefined","undefined","undefined","1","a","2","2","0","449","0","0","449","449","0","0","0","449","449","2","449","Fri Apr 27 13:03:26 2018","#757575","low","4","The main experiment item","yes","","experiment.osexp","/Users/tom/github/sft-fraction/procedure","no","mono","no","24","no","white","no","yes","800","legacy","17","17","2","/Users/tom/github/sft-fraction/results/data/subject-5a.csv","legacy","#757575","low","2","Jazzy James","3.1.9","0","a","NA","space","space","space","a","return","562","NA","148901","11392","7534","562","27941","2","legacy","1024","2","48000","-16","experiment","5","odd","absent","752906","752905","NA","609545","1312","169234","772625","773143","1371","150289","161699","773144","773713","724900","772609","Fraction component detection task","445","274665","450","yes","1280"
"98.8913525499","98.8913525499","610.115299335","610.115299335","#808080","no","legacy","legacy","legacy","0","uniform","1","undefined","undefined","undefined","1","l","2","2","0","450","0","0","450","450","0","0","0","450","450","2","450","Fri Apr 27 13:03:26 2018","#000000","high","8","The main experiment item","yes","","experiment.osexp","/Users/tom/github/sft-fraction/procedure","no","mono","no","24","no","white","no","yes","800","legacy","18","18","2","/Users/tom/github/sft-fraction/results/data/subject-5a.csv","legacy","#757575","low","4","Jazzy James","3.1.9","0","l","NA","space","space","space","l","return","497","NA","148901","11392","7534","497","27941","2","legacy","1024","2","48000","-16","experiment","5","odd","present","752906","752905","NA","609545","1312","169234","773803","774321","1371","150289","161699","774321","774825","724900","773781","Fraction component detection task","446","275162","451","yes","1280"
"98.8938053097","98.8938053097","610.090707965","610.090707965","#808080","no","legacy","legacy","legacy","0","uniform","1","undefined","undefined","undefined","1","l","2","2","0","451","0","0","451","451","0","0","0","451","451","2","451","Fri Apr 27 13:03:26 2018","#757575","low","7","The main experiment item","yes","","experiment.osexp","/Users/tom/github/sft-fraction/procedure","no","mono","no","24","no","white","no","yes","800","legacy","19","19","2","/Users/tom/github/sft-fraction/results/data/subject-5a.csv","legacy","#757575","low","4","Jazzy James","3.1.9","0","l","NA","space","space","space","l","return","599","NA","148901","11392","7534","599","27941","2","legacy","1024","2","48000","-16","experiment","5","odd","present","752906","752905","NA","609545","1312","169234","774909","775426","1371","150289","161699","775426","776032","724900","774892","Fraction component detection task","447","275761","452","yes","1280"
"98.8962472406","98.8962472406","610.002207506","610.002207506","#808080","no","legacy","legacy","legacy","0","uniform","1","undefined","undefined","undefined","1","l","2","2","0","452","0","0","452","452","0","0","0","452","452","2","452","Fri Apr 27 13:03:26 2018","#757575","low","8","The main experiment item","yes","","experiment.osexp","/Users/tom/github/sft-fraction/procedure","no","mono","no","24","no","white","no","yes","800","legacy","20","20","2","/Users/tom/github/sft-fraction/results/data/subject-5a.csv","legacy","#757575","low","2","Jazzy James","3.1.9","0","l","NA","space","space","space","l","return","570","NA","148901","11392","7534","570","27941","2","legacy","1024","2","48000","-16","experiment","5","odd","present","752906","752905","NA","609545","1312","169234","776112","776630","1371","150289","161699","776631","777208","724900","776096","Fraction component detection task","448","276331","453","yes","1280"
"98.8986784141","98.8986784141","609.832599119","609.832599119","#808080","no","legacy","legacy","legacy","0","uniform","1","undefined","undefined","undefined","1","l","2","2","0","453","0","0","453","453","0","0","0","453","453","2","453","Fri Apr 27 13:03:26 2018","#757575","low","8","The main experiment item","yes","","experiment.osexp","/Users/tom/github/sft-fraction/procedure","no","mono","no","24","no","white","no","yes","800","legacy","21","21","2","/Users/tom/github/sft-fraction/results/data/subject-5a.csv","legacy","#757575","low","3","Jazzy James","3.1.9","0","l","NA","space","space","space","l","return","533","NA","148901","11392","7534","533","27941","2","legacy","1024","2","48000","-16","experiment","5","odd","present","752906","752905","NA","609545","1312","169234","777299","777821","1371","150289","161699","777821","778364","724900","777280","Fraction component detection task","449","276864","454","yes","1280"
"98.9010989011","98.9010989011","609.753846154","609.753846154","#808080","no","legacy","legacy","legacy","0","uniform","1","undefined","undefined","undefined","1","a","2","2","0","454","0","0","454","454","0","0","0","454","454","2","454","Fri Apr 27 13:03:26 2018","#757575","low","3","The main experiment item","yes","","experiment.osexp","/Users/tom/github/sft-fraction/procedure","no","mono","no","24","no","white","no","yes","800","legacy","22","22","2","/Users/tom/github/sft-fraction/results/data/subject-5a.csv","legacy","#757575","low","2","Jazzy James","3.1.9","0","a","NA","space","space","space","a","return","574","NA","148901","11392","7534","574","27941","2","legacy","1024","2","48000","-16","experiment","5","odd","absent","752906","752905","NA","609545","1312","169234","778448","778964","1371","150289","161699","778964","779545","724900","778432","Fraction component detection task","450","277438","455","yes","1280"
"98.9035087719","98.9035087719","609.49122807","609.49122807","#808080","no","legacy","legacy","legacy","0","uniform","1","undefined","undefined","undefined","1","a","2","2","0","455","0","0","455","455","0","0","0","455","455","2","455","Fri Apr 27 13:03:26 2018","#000000","high","3","The main experiment item","yes","","experiment.osexp","/Users/tom/github/sft-fraction/procedure","no","mono","no","24","no","white","no","yes","800","legacy","23","23","2","/Users/tom/github/sft-fraction/results/data/subject-5a.csv","legacy","#000000","high","4","Jazzy James","3.1.9","0","a","NA","space","space","space","a","return","490","NA","148901","11392","7534","490","27941","2","legacy","1024","2","48000","-16","experiment","5","odd","absent","752906","752905","NA","609545","1312","169234","779627","780143","1371","150289","161699","780144","780641","724900","779611","Fraction component detection task","451","277928","456","yes","1280"
"98.9059080963","98.9059080963","609.350109409","609.350109409","#808080","no","legacy","legacy","legacy","0","uniform","1","undefined","undefined","undefined","1","a","2","2","0","456","0","0","456","456","0","0","0","456","456","2","456","Fri Apr 27 13:03:26 2018","#757575","low","4","The main experiment item","yes","","experiment.osexp","/Users/tom/github/sft-fraction/procedure","no","mono","no","24","no","white","no","yes","800","legacy","24","24","2","/Users/tom/github/sft-fraction/results/data/subject-5a.csv","legacy","#757575","low","3","Jazzy James","3.1.9","0","a","NA","space","space","space","a","return","545","NA","148901","11392","7534","545","27941","2","legacy","1024","2","48000","-16","experiment","5","odd","absent","752906","752905","NA","609545","1312","169234","780723","781240","1371","150289","161699","781241","781793","724900","780707","Fraction component detection task","452","278473","457","yes","1280"
"98.9082969432","98.9082969432","609.262008734","609.262008734","#808080","no","legacy","legacy","legacy","0","uniform","1","undefined","undefined","undefined","1","l","2","2","0","457","0","0","457","457","0","0","0","457","457","2","457","Fri Apr 27 13:03:26 2018","#000000","high","8","The main experiment item","yes","","experiment.osexp","/Users/tom/github/sft-fraction/procedure","no","mono","no","24","no","white","no","yes","800","legacy","25","25","2","/Users/tom/github/sft-fraction/results/data/subject-5a.csv","legacy","#000000","high","4","Jazzy James","3.1.9","0","l","NA","space","space","space","l","return","569","NA","148901","11392","7534","569","27941","2","legacy","1024","2","48000","-16","experiment","5","odd","present","752906","752905","NA","609545","1312","169234","781875","782392","1371","150289","161699","782393","782969","724900","781859","Fraction component detection task","453","279042","458","yes","1280"
"98.9106753813","98.9106753813","609.111111111","609.111111111","#808080","no","legacy","legacy","legacy","0","uniform","1","undefined","undefined","undefined","1","a","2","2","0","458","0","0","458","458","0","0","0","458","458","2","458","Fri Apr 27 13:03:26 2018","#000000","high","3","The main experiment item","yes","","experiment.osexp","/Users/tom/github/sft-fraction/procedure","no","mono","no","24","no","white","no","yes","800","legacy","26","26","2","/Users/tom/github/sft-fraction/results/data/subject-5a.csv","legacy","#000000","high","3","Jazzy James","3.1.9","0","a","NA","space","space","space","a","return","540","NA","148901","11392","7534","540","27941","2","legacy","1024","2","48000","-16","experiment","5","odd","absent","752906","752905","NA","609545","1312","169234","783048","783565","1371","150289","161699","783565","784112","724900","783033","Fraction component detection task","454","279582","459","yes","1280"
"98.9130434783","98.9130434783","609","609","#808080","no","legacy","legacy","legacy","0","uniform","1","undefined","undefined","undefined","1","a","2","2","0","459","0","0","459","459","0","0","0","459","459","2","459","Fri Apr 27 13:03:26 2018","#757575","low","3","The main experiment item","yes","","experiment.osexp","/Users/tom/github/sft-fraction/procedure","no","mono","no","24","no","white","no","yes","800","legacy","27","27","2","/Users/tom/github/sft-fraction/results/data/subject-5a.csv","legacy","#000000","high","3","Jazzy James","3.1.9","0","a","NA","space","space","space","a","return","558","NA","148901","11392","7534","558","27941","2","legacy","1024","2","48000","-16","experiment","5","odd","absent","752906","752905","NA","609545","1312","169234","784195","784715","1371","150289","161699","784715","785283","724900","784179","Fraction component detection task","455","280140","460","yes","1280"
"98.9154013015","98.9154013015","608.902386117","608.902386117","#808080","no","legacy","legacy","legacy","0","uniform","1","undefined","undefined","undefined","1","l","2","2","0","460","0","0","460","460","0","0","0","460","460","2","460","Fri Apr 27 13:03:26 2018","#757575","low","6","The main experiment item","yes","","experiment.osexp","/Users/tom/github/sft-fraction/procedure","no","mono","no","24","no","white","no","yes","800","legacy","28","28","2","/Users/tom/github/sft-fraction/results/data/subject-5a.csv","legacy","#000000","high","3","Jazzy James","3.1.9","0","l","NA","space","space","space","l","return","564","NA","148901","11392","7534","564","27941","2","legacy","1024","2","48000","-16","experiment","5","odd","present","752906","752905","NA","609545","1312","169234","785369","785886","1371","150289","161699","785886","786457","724900","785351","Fraction component detection task","456","280704","461","yes","1280"
"98.9177489177","98.9177489177","608.640692641","608.640692641","#808080","no","legacy","legacy","legacy","0","uniform","1","undefined","undefined","undefined","1","l","2","2","0","461","0","0","461","461","0","0","0","461","461","2","461","Fri Apr 27 13:03:26 2018","#000000","high","6","The main experiment item","yes","","experiment.osexp","/Users/tom/github/sft-fraction/procedure","no","mono","no","24","no","white","no","yes","800","legacy","29","29","2","/Users/tom/github/sft-fraction/results/data/subject-5a.csv","legacy","#757575","low","6","Jazzy James","3.1.9","0","l","NA","space","space","space","l","return","488","NA","148901","11392","7534","488","27941","2","legacy","1024","2","48000","-16","experiment","5","odd","present","752906","752905","NA","609545","1312","169234","786541","787058","1371","150289","161699","787058","787553","724900","786521","Fraction component detection task","457","281192","462","yes","1280"
"98.9200863931","98.9200863931","608.585313175","608.585313175","#808080","no","legacy","legacy","legacy","0","uniform","1","undefined","undefined","undefined","1","l","2","2","0","462","0","0","462","462","0","0","0","462","462","2","462","Fri Apr 27 13:03:26 2018","#757575","low","2","The main experiment item","yes","","experiment.osexp","/Users/tom/github/sft-fraction/procedure","no","mono","no","24","no","white","no","yes","800","legacy","30","30","2","/Users/tom/github/sft-fraction/results/data/subject-5a.csv","legacy","#000000","high","8","Jazzy James","3.1.9","0","l","NA","space","space","space","l","return","583","NA","148901","11392","7534","583","27941","2","legacy","1024","2","48000","-16","experiment","5","odd","present","752906","752905","NA","609545","1312","169234","787635","788155","1371","150289","161699","788155","788745","724900","787619","Fraction component detection task","458","281775","463","yes","1280"
"98.9224137931","98.9224137931","608.538793103","608.538793103","#808080","no","legacy","legacy","legacy","0","uniform","1","undefined","undefined","undefined","1","l","2","2","0","463","0","0","463","463","0","0","0","463","463","2","463","Fri Apr 27 13:03:26 2018","#757575","low","6","The main experiment item","yes","","experiment.osexp","/Users/tom/github/sft-fraction/procedure","no","mono","no","24","no","white","no","yes","800","legacy","31","31","2","/Users/tom/github/sft-fraction/results/data/subject-5a.csv","legacy","#000000","high","7","Jazzy James","3.1.9","0","l","NA","space","space","space","l","return","587","NA","148901","11392","7534","587","27941","2","legacy","1024","2","48000","-16","experiment","5","odd","present","752906","752905","NA","609545","1312","169234","788826","789343","1371","150289","161699","789343","789939","724900","788810","Fraction component detection task","459","282362","464","yes","1280"
"98.9247311828","98.9247311828","608.43655914","608.43655914","#808080","no","legacy","legacy","legacy","0","uniform","1","undefined","undefined","undefined","1","a","2","2","0","464","0","0","464","464","0","0","0","464","464","2","464","Fri Apr 27 13:03:26 2018","#757575","low","2","The main experiment item","yes","","experiment.osexp","/Users/tom/github/sft-fraction/procedure","no","mono","no","24","no","white","no","yes","800","legacy","32","32","2","/Users/tom/github/sft-fraction/results/data/subject-5a.csv","legacy","#757575","low","4","Jazzy James","3.1.9","0","a","NA","space","space","space","a","return","561","NA","148901","11392","7534","561","27941","2","legacy","1024","2","48000","-16","experiment","5","odd","absent","752906","752905","NA","609545","1312","169234","790025","790545","1371","150289","161699","790545","791113","724900","790006","Fraction component detection task","460","282923","465","yes","1280"
"98.9270386266","98.9270386266","608.371244635","608.371244635","#808080","no","legacy","legacy","legacy","0","uniform","1","undefined","undefined","undefined","1","l","2","2","0","465","0","0","465","465","0","0","0","465","465","2","465","Fri Apr 27 13:03:26 2018","#000000","high","4","The main experiment item","yes","","experiment.osexp","/Users/tom/github/sft-fraction/procedure","no","mono","no","24","no","white","no","yes","800","legacy","33","33","2","/Users/tom/github/sft-fraction/results/data/subject-5a.csv","legacy","#757575","low","8","Jazzy James","3.1.9","0","l","NA","space","space","space","l","return","578","NA","148901","11392","7534","578","27941","2","legacy","1024","2","48000","-16","experiment","5","odd","present","752906","752905","NA","609545","1312","169234","791195","791711","1371","150289","161699","791712","792297","724900","791179","Fraction component detection task","461","283501","466","yes","1280"
"98.9293361884","98.9293361884","608.468950749","608.468950749","#808080","no","legacy","legacy","legacy","0","uniform","1","undefined","undefined","undefined","1","l","2","2","0","466","0","0","466","466","0","0","0","466","466","2","466","Fri Apr 27 13:03:26 2018","#757575","low","8","The main experiment item","yes","","experiment.osexp","/Users/tom/github/sft-fraction/procedure","no","mono","no","24","no","white","no","yes","800","legacy","34","34","2","/Users/tom/github/sft-fraction/results/data/subject-5a.csv","legacy","#000000","high","6","Jazzy James","3.1.9","0","l","NA","space","space","space","l","return","654","NA","148901","11392","7534","654","27941","2","legacy","1024","2","48000","-16","experiment","5","odd","present","752906","752905","NA","609545","1312","169234","792384","792901","1371","150289","161699","792901","793562","724900","792364","Fraction component detection task","462","284155","467","yes","1280"
"98.9316239316","98.9316239316","608.168803419","608.168803419","#808080","no","legacy","legacy","legacy","0","uniform","1","undefined","undefined","undefined","1","l","2","2","0","467","0","0","467","467","0","0","0","467","467","2","467","Fri Apr 27 13:03:26 2018","#757575","low","3","The main experiment item","yes","","experiment.osexp","/Users/tom/github/sft-fraction/procedure","no","mono","no","24","no","white","no","yes","800","legacy","35","35","2","/Users/tom/github/sft-fraction/results/data/subject-5a.csv","legacy","#000000","high","8","Jazzy James","3.1.9","0","l","NA","space","space","space","l","return","468","NA","148901","11392","7534","468","27941","2","legacy","1024","2","48000","-16","experiment","5","odd","present","752906","752905","NA","609545","1312","169234","793649","794166","1371","150289","161699","794167","794646","724900","793629","Fraction component detection task","463","284623","468","yes","1280"
"98.933901919","98.933901919","608.070362473","608.070362473","#808080","no","legacy","legacy","legacy","0","uniform","1","undefined","undefined","undefined","1","a","2","2","0","468","0","0","468","468","0","0","0","468","468","2","468","Fri Apr 27 13:03:26 2018","#757575","low","3","The main experiment item","yes","","experiment.osexp","/Users/tom/github/sft-fraction/procedure","no","mono","no","24","no","white","no","yes","800","legacy","36","36","2","/Users/tom/github/sft-fraction/results/data/subject-5a.csv","legacy","#000000","high","4","Jazzy James","3.1.9","0","a","NA","space","space","space","a","return","562","NA","148901","11392","7534","562","27941","2","legacy","1024","2","48000","-16","experiment","5","odd","absent","752906","752905","NA","609545","1312","169234","794732","795248","1371","150289","161699","795249","795818","724900","794715","Fraction component detection task","464","285185","469","yes","1280"
"98.9361702128","98.9361702128","608.025531915","608.025531915","#808080","no","legacy","legacy","legacy","0","uniform","1","undefined","undefined","undefined","1","a","2","2","0","469","0","0","469","469","0","0","0","469","469","2","469","Fri Apr 27 13:03:26 2018","#757575","low","2","The main experiment item","yes","","experiment.osexp","/Users/tom/github/sft-fraction/procedure","no","mono","no","24","no","white","no","yes","800","legacy","37","37","2","/Users/tom/github/sft-fraction/results/data/subject-5a.csv","legacy","#000000","high","4","Jazzy James","3.1.9","0","a","NA","space","space","space","a","return","587","NA","148901","11392","7534","587","27941","2","legacy","1024","2","48000","-16","experiment","5","odd","absent","752906","752905","NA","609545","1312","169234","795897","796415","1371","150289","161699","796415","797009","724900","795881","Fraction component detection task","465","285772","470","yes","1280"
"98.9384288747","98.9384288747","607.906581741","607.906581741","#808080","no","legacy","legacy","legacy","0","uniform","1","undefined","undefined","undefined","1","a","2","2","0","470","0","0","470","470","0","0","0","470","470","2","470","Fri Apr 27 13:03:26 2018","#757575","low","3","The main experiment item","yes","","experiment.osexp","/Users/tom/github/sft-fraction/procedure","no","mono","no","24","no","white","no","yes","800","legacy","38","38","2","/Users/tom/github/sft-fraction/results/data/subject-5a.csv","legacy","#000000","high","2","Jazzy James","3.1.9","0","a","NA","space","space","space","a","return","552","NA","148901","11392","7534","552","27941","2","legacy","1024","2","48000","-16","experiment","5","odd","absent","752906","752905","NA","609545","1312","169234","797093","797610","1371","150289","161699","797610","798170","724900","797077","Fraction component detection task","466","286324","471","yes","1280"
"98.9406779661","98.9406779661","607.709745763","607.709745763","#808080","no","legacy","legacy","legacy","0","uniform","1","undefined","undefined","undefined","1","a","2","2","0","471","0","0","471","471","0","0","0","471","471","2","471","Fri Apr 27 13:03:26 2018","#000000","high","2","The main experiment item","yes","","experiment.osexp","/Users/tom/github/sft-fraction/procedure","no","mono","no","24","no","white","no","yes","800","legacy","39","39","2","/Users/tom/github/sft-fraction/results/data/subject-5a.csv","legacy","#757575","low","3","Jazzy James","3.1.9","0","a","NA","space","space","space","a","return","515","NA","148901","11392","7534","515","27941","2","legacy","1024","2","48000","-16","experiment","5","odd","absent","752906","752905","NA","609545","1312","169234","798255","798775","1371","150289","161699","798775","799297","724900","798237","Fraction component detection task","467","286839","472","yes","1280"
"98.9429175476","98.9429175476","607.492600423","607.492600423","#808080","no","legacy","legacy","legacy","0","uniform","1","undefined","undefined","undefined","1","l","2","2","0","472","0","0","472","472","0","0","0","472","472","2","472","Fri Apr 27 13:03:26 2018","#000000","high","7","The main experiment item","yes","","experiment.osexp","/Users/tom/github/sft-fraction/procedure","no","mono","no","24","no","white","no","yes","800","legacy","40","40","2","/Users/tom/github/sft-fraction/results/data/subject-5a.csv","legacy","#000000","high","4","Jazzy James","3.1.9","0","l","NA","space","space","space","l","return","505","NA","148901","11392","7534","505","27941","2","legacy","1024","2","48000","-16","experiment","5","odd","present","752906","752905","NA","609545","1312","169234","799380","799898","1371","150289","161699","799898","800410","724900","799364","Fraction component detection task","468","287344","473","yes","1280"
"98.9451476793","98.9451476793","607.210970464","607.210970464","#808080","no","legacy","legacy","legacy","0","uniform","1","undefined","undefined","undefined","1","l","2","2","0","473","0","0","473","473","0","0","0","473","473","2","473","Fri Apr 27 13:03:26 2018","#757575","low","4","The main experiment item","yes","","experiment.osexp","/Users/tom/github/sft-fraction/procedure","no","mono","no","24","no","white","no","yes","800","legacy","41","41","2","/Users/tom/github/sft-fraction/results/data/subject-5a.csv","legacy","#000000","high","8","Jazzy James","3.1.9","0","l","NA","space","space","space","l","return","474","NA","148901","11392","7534","474","27941","2","legacy","1024","2","48000","-16","experiment","5","odd","present","752906","752905","NA","609545","1312","169234","800494","801009","1371","150289","161699","801009","801490","724900","800478","Fraction component detection task","469","287818","474","yes","1280"
"98.9473684211","98.9473684211","607.050526316","607.050526316","#808080","no","legacy","legacy","legacy","0","uniform","1","undefined","undefined","undefined","1","a","2","2","0","474","0","0","474","474","0","0","0","474","474","2","474","Fri Apr 27 13:03:26 2018","#000000","high","3","The main experiment item","yes","","experiment.osexp","/Users/tom/github/sft-fraction/procedure","no","mono","no","24","no","white","no","yes","800","legacy","42","42","2","/Users/tom/github/sft-fraction/results/data/subject-5a.csv","legacy","#000000","high","2","Jazzy James","3.1.9","0","a","NA","space","space","space","a","return","531","NA","148901","11392","7534","531","27941","2","legacy","1024","2","48000","-16","experiment","5","odd","absent","752906","752905","NA","609545","1312","169234","801576","802096","1371","150289","161699","802096","802639","724900","801560","Fraction component detection task","470","288349","475","yes","1280"
"98.9495798319","98.9495798319","607.273109244","607.273109244","#808080","no","legacy","legacy","legacy","0","uniform","1","undefined","undefined","undefined","1","a","2","2","0","475","0","0","475","475","0","0","0","475","475","2","475","Fri Apr 27 13:03:26 2018","#000000","high","4","The main experiment item","yes","","experiment.osexp","/Users/tom/github/sft-fraction/procedure","no","mono","no","24","no","white","no","yes","800","legacy","43","43","2","/Users/tom/github/sft-fraction/results/data/subject-5a.csv","legacy","#757575","low","4","Jazzy James","3.1.9","0","a","NA","space","space","space","a","return","713","NA","148901","11392","7534","713","27941","2","legacy","1024","2","48000","-16","experiment","5","odd","absent","752906","752905","NA","609545","1312","169234","802724","803242","1371","150289","161699","803242","803963","724900","802705","Fraction component detection task","471","289062","476","yes","1280"
"98.9517819706","98.9517819706","607.071278826","607.071278826","#808080","no","legacy","legacy","legacy","0","uniform","1","undefined","undefined","undefined","1","l","2","2","0","476","0","0","476","476","0","0","0","476","476","2","476","Fri Apr 27 13:03:26 2018","#000000","high","6","The main experiment item","yes","","experiment.osexp","/Users/tom/github/sft-fraction/procedure","no","mono","no","24","no","white","no","yes","800","legacy","44","44","2","/Users/tom/github/sft-fraction/results/data/subject-5a.csv","legacy","#000000","high","2","Jazzy James","3.1.9","0","l","NA","space","space","space","l","return","511","NA","148901","11392","7534","511","27941","2","legacy","1024","2","48000","-16","experiment","5","odd","present","752906","752905","NA","609545","1312","169234","804043","804563","1371","150289","161699","804563","805081","724900","804027","Fraction component detection task","472","289573","477","yes","1280"
"98.9539748954","98.9539748954","606.838912134","606.838912134","#808080","no","legacy","legacy","legacy","0","uniform","1","undefined","undefined","undefined","1","a","2","2","0","477","0","0","477","477","0","0","0","477","477","2","477","Fri Apr 27 13:03:26 2018","#757575","low","3","The main experiment item","yes","","experiment.osexp","/Users/tom/github/sft-fraction/procedure","no","mono","no","24","no","white","no","yes","800","legacy","45","45","2","/Users/tom/github/sft-fraction/results/data/subject-5a.csv","legacy","#757575","low","4","Jazzy James","3.1.9","0","a","NA","space","space","space","a","return","496","NA","148901","11392","7534","496","27941","2","legacy","1024","2","48000","-16","experiment","5","odd","absent","752906","752905","NA","609545","1312","169234","805163","805681","1371","150289","161699","805682","806186","724900","805148","Fraction component detection task","473","290069","478","yes","1280"
"98.9561586639","98.9561586639","606.622129436","606.622129436","#808080","no","legacy","legacy","legacy","0","uniform","1","undefined","undefined","undefined","1","a","2","2","0","478","0","0","478","478","0","0","0","478","478","2","478","Fri Apr 27 13:03:26 2018","#757575","low","2","The main experiment item","yes","","experiment.osexp","/Users/tom/github/sft-fraction/procedure","no","mono","no","24","no","white","no","yes","800","legacy","46","46","2","/Users/tom/github/sft-fraction/results/data/subject-5a.csv","legacy","#000000","high","3","Jazzy James","3.1.9","0","a","NA","space","space","space","a","return","503","NA","148901","11392","7534","503","27941","2","legacy","1024","2","48000","-16","experiment","5","odd","absent","752906","752905","NA","609545","1312","169234","806268","806786","1371","150289","161699","806787","807298","724900","806252","Fraction component detection task","474","290572","479","yes","1280"
"98.9583333333","98.9583333333","606.40625","606.40625","#808080","no","legacy","legacy","legacy","0","uniform","1","undefined","undefined","undefined","1","l","2","2","0","479","0","0","479","479","0","0","0","479","479","2","479","Fri Apr 27 13:03:26 2018","#000000","high","2","The main experiment item","yes","","experiment.osexp","/Users/tom/github/sft-fraction/procedure","no","mono","no","24","no","white","no","yes","800","legacy","47","47","2","/Users/tom/github/sft-fraction/results/data/subject-5a.csv","legacy","#000000","high","6","Jazzy James","3.1.9","0","l","NA","space","space","space","l","return","503","NA","148901","11392","7534","503","27941","2","legacy","1024","2","48000","-16","experiment","5","odd","present","752906","752905","NA","609545","1312","169234","807383","807900","1371","150289","161699","807900","808412","724900","807367","Fraction component detection task","475","291075","480","yes","1280"
"98.9604989605","98.9604989605","606.459459459","606.459459459","#808080","no","legacy","legacy","legacy","0","uniform","1","undefined","undefined","undefined","1","l","2","2","0","480","0","0","480","480","0","0","0","480","480","2","480","Fri Apr 27 13:03:26 2018","#757575","low","6","The main experiment item","yes","","experiment.osexp","/Users/tom/github/sft-fraction/procedure","no","mono","no","24","no","white","no","yes","800","legacy","48","48","2","/Users/tom/github/sft-fraction/results/data/subject-5a.csv","legacy","#757575","low","2","Jazzy James","3.1.9","0","l","NA","space","space","space","l","return","632","NA","148901","11392","7534","632","27941","2","legacy","1024","2","48000","-16","experiment","5","odd","present","752906","752905","NA","609545","1312","169234","808499","809018","1371","150289","161699","809019","809659","724900","808481","Fraction component detection task","476","291707","481","yes","1280"
"98.9626556017","98.9626556017","606.371369295","606.371369295","#808080","no","legacy","legacy","legacy","0","uniform","1","undefined","undefined","undefined","1","a","2","2","0","481","0","0","481","481","0","0","0","481","481","2","481","Fri Apr 27 13:03:26 2018","#000000","high","2","The main experiment item","yes","","experiment.osexp","/Users/tom/github/sft-fraction/procedure","no","mono","no","24","no","white","no","yes","800","legacy","49","49","2","/Users/tom/github/sft-fraction/results/data/subject-5a.csv","legacy","#000000","high","2","Jazzy James","3.1.9","0","a","NA","space","space","space","a","return","564","NA","148901","11392","7534","564","27941","2","legacy","1024","2","48000","-16","experiment","5","odd","absent","752906","752905","NA","609545","1312","169234","809745","810263","1371","150289","161699","810263","810835","724900","809726","Fraction component detection task","477","292271","482","yes","1280"
"98.9648033126","98.9648033126","606.161490683","606.161490683","#808080","no","legacy","legacy","legacy","0","uniform","1","undefined","undefined","undefined","1","l","2","2","0","482","0","0","482","482","0","0","0","482","482","2","482","Fri Apr 27 13:03:26 2018","#000000","high","2","The main experiment item","yes","","experiment.osexp","/Users/tom/github/sft-fraction/procedure","no","mono","no","24","no","white","no","yes","800","legacy","50","50","2","/Users/tom/github/sft-fraction/results/data/subject-5a.csv","legacy","#757575","low","8","Jazzy James","3.1.9","0","l","NA","space","space","space","l","return","505","NA","148901","11392","7534","505","27941","2","legacy","1024","2","48000","-16","experiment","5","odd","present","752906","752905","NA","609545","1312","169234","810925","811442","1371","150289","161699","811442","811955","724900","810906","Fraction component detection task","478","292776","483","yes","1280"
"98.9669421488","98.9669421488","606.328512397","606.328512397","#808080","no","legacy","legacy","legacy","0","uniform","1","undefined","undefined","undefined","1","a","2","2","0","483","0","0","483","483","0","0","0","483","483","2","483","Fri Apr 27 13:03:26 2018","#000000","high","2","The main experiment item","yes","","experiment.osexp","/Users/tom/github/sft-fraction/procedure","no","mono","no","24","no","white","no","yes","800","legacy","51","51","2","/Users/tom/github/sft-fraction/results/data/subject-5a.csv","legacy","#000000","high","4","Jazzy James","3.1.9","0","a","NA","space","space","space","a","return","687","NA","148901","11392","7534","687","27941","2","legacy","1024","2","48000","-16","experiment","5","odd","absent","752906","752905","NA","609545","1312","169234","812041","812563","1371","150289","161699","812563","813258","724900","812024","Fraction component detection task","479","293463","484","yes","1280"
"98.9690721649","98.9690721649","606.063917526","606.063917526","#808080","no","legacy","legacy","legacy","0","uniform","1","undefined","undefined","undefined","1","l","2","2","0","484","0","0","484","484","0","0","0","484","484","2","484","Fri Apr 27 13:03:26 2018","#757575","low","2","The main experiment item","yes","","experiment.osexp","/Users/tom/github/sft-fraction/procedure","no","mono","no","24","no","white","no","yes","800","legacy","52","52","2","/Users/tom/github/sft-fraction/results/data/subject-5a.csv","legacy","#000000","high","6","Jazzy James","3.1.9","0","l","NA","space","space","space","l","return","478","NA","148901","11392","7534","478","27941","2","legacy","1024","2","48000","-16","experiment","5","odd","present","752906","752905","NA","609545","1312","169234","813352","813869","1371","150289","161699","813870","814355","724900","813332","Fraction component detection task","480","293941","485","yes","1280"
"98.9711934156","98.9711934156","605.814814815","605.814814815","#808080","no","legacy","legacy","legacy","0","uniform","1","undefined","undefined","undefined","1","l","2","2","0","485","0","0","485","485","0","0","0","485","485","2","485","Fri Apr 27 13:03:26 2018","#000000","high","7","The main experiment item","yes","","experiment.osexp","/Users/tom/github/sft-fraction/procedure","no","mono","no","24","no","white","no","yes","800","legacy","53","53","2","/Users/tom/github/sft-fraction/results/data/subject-5a.csv","legacy","#000000","high","8","Jazzy James","3.1.9","0","l","NA","space","space","space","l","return","485","NA","148901","11392","7534","485","27941","2","legacy","1024","2","48000","-16","experiment","5","odd","present","752906","752905","NA","609545","1312","169234","814440","814959","1371","150289","161699","814959","815451","724900","814423","Fraction component detection task","481","294426","486","yes","1280"
"98.9733059548","98.9733059548","605.377823409","605.377823409","#808080","no","legacy","legacy","legacy","0","uniform","1","undefined","undefined","undefined","1","a","2","2","0","486","0","0","486","486","0","0","0","486","486","2","486","Fri Apr 27 13:03:26 2018","#000000","high","2","The main experiment item","yes","","experiment.osexp","/Users/tom/github/sft-fraction/procedure","no","mono","no","24","no","white","no","yes","800","legacy","54","54","2","/Users/tom/github/sft-fraction/results/data/subject-5a.csv","legacy","#000000","high","3","Jazzy James","3.1.9","0","a","NA","space","space","space","a","return","393","NA","148901","11392","7534","393","27941","2","legacy","1024","2","48000","-16","experiment","5","odd","absent","752906","752905","NA","609545","1312","169234","815534","816050","1371","150289","161699","816051","816451","724900","815519","Fraction component detection task","482","294819","487","yes","1280"
"98.9754098361","98.9754098361","604.93852459","604.93852459","#808080","no","legacy","legacy","legacy","0","uniform","1","undefined","undefined","undefined","1","a","2","2","0","487","0","0","487","487","0","0","0","487","487","2","487","Fri Apr 27 13:03:26 2018","#000000","high","3","The main experiment item","yes","","experiment.osexp","/Users/tom/github/sft-fraction/procedure","no","mono","no","24","no","white","no","yes","800","legacy","55","55","2","/Users/tom/github/sft-fraction/results/data/subject-5a.csv","legacy","#000000","high","2","Jazzy James","3.1.9","0","a","NA","space","space","space","a","return","391","NA","148901","11392","7534","391","27941","2","legacy","1024","2","48000","-16","experiment","5","odd","absent","752906","752905","NA","609545","1312","169234","816532","817053","1371","150289","161699","817053","817451","724900","816516","Fraction component detection task","483","295210","488","yes","1280"
"98.9775051125","98.9775051125","604.558282209","604.558282209","#808080","no","legacy","legacy","legacy","0","uniform","1","undefined","undefined","undefined","1","a","2","2","0","488","0","0","488","488","0","0","0","488","488","2","488","Fri Apr 27 13:03:26 2018","#000000","high","3","The main experiment item","yes","","experiment.osexp","/Users/tom/github/sft-fraction/procedure","no","mono","no","24","no","white","no","yes","800","legacy","56","56","2","/Users/tom/github/sft-fraction/results/data/subject-5a.csv","legacy","#000000","high","4","Jazzy James","3.1.9","0","a","NA","space","space","space","a","return","419","NA","148901","11392","7534","419","27941","2","legacy","1024","2","48000","-16","experiment","5","odd","absent","752906","752905","NA","609545","1312","169234","817530","818049","1371","150289","161699","818049","818475","724900","817515","Fraction component detection task","484","295629","489","yes","1280"
"98.9795918367","98.9795918367","604.293877551","604.293877551","#808080","no","legacy","legacy","legacy","0","uniform","1","undefined","undefined","undefined","1","a","2","2","0","489","0","0","489","489","0","0","0","489","489","2","489","Fri Apr 27 13:03:26 2018","#757575","low","3","The main experiment item","yes","","experiment.osexp","/Users/tom/github/sft-fraction/procedure","no","mono","no","24","no","white","no","yes","800","legacy","57","57","2","/Users/tom/github/sft-fraction/results/data/subject-5a.csv","legacy","#000000","high","2","Jazzy James","3.1.9","0","a","NA","space","space","space","a","return","475","NA","148901","11392","7534","475","27941","2","legacy","1024","2","48000","-16","experiment","5","odd","absent","752906","752905","NA","609545","1312","169234","818561","819081","1371","150289","161699","819081","819564","724900","818543","Fraction component detection task","485","296104","490","yes","1280"
"98.9816700611","98.9816700611","604.00610998","604.00610998","#808080","no","legacy","legacy","legacy","0","uniform","1","undefined","undefined","undefined","1","a","2","2","0","490","0","0","490","490","0","0","0","490","490","2","490","Fri Apr 27 13:03:26 2018","#000000","high","3","The main experiment item","yes","","experiment.osexp","/Users/tom/github/sft-fraction/procedure","no","mono","no","24","no","white","no","yes","800","legacy","58","58","2","/Users/tom/github/sft-fraction/results/data/subject-5a.csv","legacy","#757575","low","3","Jazzy James","3.1.9","0","a","NA","space","space","space","a","return","463","NA","148901","11392","7534","463","27941","2","legacy","1024","2","48000","-16","experiment","5","odd","absent","752906","752905","NA","609545","1312","169234","819648","820165","1371","150289","161699","820165","820635","724900","819629","Fraction component detection task","486","296567","491","yes","1280"
"98.9837398374","98.9837398374","603.725609756","603.725609756","#808080","no","legacy","legacy","legacy","0","uniform","1","undefined","undefined","undefined","1","a","2","2","0","491","0","0","491","491","0","0","0","491","491","2","491","Fri Apr 27 13:03:26 2018","#757575","low","2","The main experiment item","yes","","experiment.osexp","/Users/tom/github/sft-fraction/procedure","no","mono","no","24","no","white","no","yes","800","legacy","59","59","2","/Users/tom/github/sft-fraction/results/data/subject-5a.csv","legacy","#757575","low","3","Jazzy James","3.1.9","0","a","NA","space","space","space","a","return","466","NA","148901","11392","7534","466","27941","2","legacy","1024","2","48000","-16","experiment","5","odd","absent","752906","752905","NA","609545","1312","169234","820714","821234","1371","150289","161699","821234","821707","724900","820698","Fraction component detection task","487","297033","492","yes","1280"
"98.985801217","98.985801217","603.559837728","603.559837728","#808080","no","legacy","legacy","legacy","0","uniform","1","undefined","undefined","undefined","1","l","2","2","0","492","0","0","492","492","0","0","0","492","492","2","492","Fri Apr 27 13:03:26 2018","#000000","high","7","The main experiment item","yes","","experiment.osexp","/Users/tom/github/sft-fraction/procedure","no","mono","no","24","no","white","no","yes","800","legacy","60","60","2","/Users/tom/github/sft-fraction/results/data/subject-5a.csv","legacy","#757575","low","7","Jazzy James","3.1.9","0","l","NA","space","space","space","l","return","522","NA","148901","11392","7534","522","27941","2","legacy","1024","2","48000","-16","experiment","5","odd","present","752906","752905","NA","609545","1312","169234","821789","822306","1371","150289","161699","822306","822835","724900","821774","Fraction component detection task","488","297555","493","yes","1280"
"98.987854251","98.987854251","603.327935223","603.327935223","#808080","no","legacy","legacy","legacy","0","uniform","1","undefined","undefined","undefined","1","a","2","2","0","493","0","0","493","493","0","0","0","493","493","2","493","Fri Apr 27 13:03:26 2018","#757575","low","3","The main experiment item","yes","","experiment.osexp","/Users/tom/github/sft-fraction/procedure","no","mono","no","24","no","white","no","yes","800","legacy","61","61","2","/Users/tom/github/sft-fraction/results/data/subject-5a.csv","legacy","#757575","low","2","Jazzy James","3.1.9","0","a","NA","space","space","space","a","return","489","NA","148901","11392","7534","489","27941","2","legacy","1024","2","48000","-16","experiment","5","odd","absent","752906","752905","NA","609545","1312","169234","822917","823435","1371","150289","161699","823435","823934","724900","822901","Fraction component detection task","489","298044","494","yes","1280"
"98.9898989899","98.9898989899","603.339393939","603.339393939","#808080","no","legacy","legacy","legacy","0","uniform","1","undefined","undefined","undefined","1","l","2","2","0","494","0","0","494","494","0","0","0","494","494","2","494","Fri Apr 27 13:03:26 2018","#000000","high","3","The main experiment item","yes","","experiment.osexp","/Users/tom/github/sft-fraction/procedure","no","mono","no","24","no","white","no","yes","800","legacy","62","62","2","/Users/tom/github/sft-fraction/results/data/subject-5a.csv","legacy","#757575","low","7","Jazzy James","3.1.9","0","l","NA","space","space","space","l","return","609","NA","148901","11392","7534","609","27941","2","legacy","1024","2","48000","-16","experiment","5","odd","present","752906","752905","NA","609545","1312","169234","824019","824538","1371","150289","161699","824538","825155","724900","824003","Fraction component detection task","490","298653","495","yes","1280"
"98.9919354839","98.9919354839","603","603","#808080","no","legacy","legacy","legacy","0","uniform","1","undefined","undefined","undefined","1","a","2","2","0","495","0","0","495","495","0","0","0","495","495","2","495","Fri Apr 27 13:03:26 2018","#757575","low","2","The main experiment item","yes","","experiment.osexp","/Users/tom/github/sft-fraction/procedure","no","mono","no","24","no","white","no","yes","800","legacy","63","63","2","/Users/tom/github/sft-fraction/results/data/subject-5a.csv","legacy","#000000","high","2","Jazzy James","3.1.9","0","a","NA","space","space","space","a","return","435","NA","148901","11392","7534","435","27941","2","legacy","1024","2","48000","-16","experiment","5","odd","absent","752906","752905","NA","609545","1312","169234","825235","825751","1371","150289","161699","825752","826195","724900","825219","Fraction component detection task","491","299088","496","yes","1280"
"98.9939637827","98.9939637827","603.14889336","603.14889336","#808080","no","legacy","legacy","legacy","0","uniform","1","undefined","undefined","undefined","1","l","2","2","0","496","0","0","496","496","0","0","0","496","496","2","496","Fri Apr 27 13:03:26 2018","#757575","low","6","The main experiment item","yes","","experiment.osexp","/Users/tom/github/sft-fraction/procedure","no","mono","no","24","no","white","no","yes","800","legacy","64","64","2","/Users/tom/github/sft-fraction/results/data/subject-5a.csv","legacy","#000000","high","4","Jazzy James","3.1.9","0","l","NA","space","space","space","l","return","677","NA","148901","11392","7534","677","27941","2","legacy","1024","2","48000","-16","experiment","5","odd","present","752906","752905","NA","609545","1312","169234","826281","826799","1371","150289","161699","826799","827484","724900","826262","Fraction component detection task","492","299765","497","yes","1280"
"98.9959839357","98.9959839357","603.206827309","603.206827309","#808080","no","legacy","legacy","legacy","0","uniform","1","undefined","undefined","undefined","1","a","2","2","0","497","0","0","497","497","0","0","0","497","497","2","497","Fri Apr 27 13:03:26 2018","#000000","high","4","The main experiment item","yes","","experiment.osexp","/Users/tom/github/sft-fraction/procedure","no","mono","no","24","no","white","no","yes","800","legacy","65","65","2","/Users/tom/github/sft-fraction/results/data/subject-5a.csv","legacy","#000000","high","3","Jazzy James","3.1.9","0","a","NA","space","space","space","a","return","632","NA","148901","11392","7534","632","27941","2","legacy","1024","2","48000","-16","experiment","5","odd","absent","752906","752905","NA","609545","1312","169234","827567","828083","1371","150289","161699","828084","828724","724900","827551","Fraction component detection task","493","300397","498","yes","1280"
"98.997995992","98.997995992","603.509018036","603.509018036","#808080","no","legacy","legacy","legacy","0","uniform","1","undefined","undefined","undefined","1","l","2","2","0","498","0","0","498","498","0","0","0","498","498","2","498","Fri Apr 27 13:03:26 2018","#757575","low","7","The main experiment item","yes","","experiment.osexp","/Users/tom/github/sft-fraction/procedure","no","mono","no","24","no","white","no","yes","800","legacy","66","66","2","/Users/tom/github/sft-fraction/results/data/subject-5a.csv","legacy","#000000","high","3","Jazzy James","3.1.9","0","l","NA","space","space","space","l","return","754","NA","148901","11392","7534","754","27941","2","legacy","1024","2","48000","-16","experiment","5","odd","present","752906","752905","NA","609545","1312","169234","828810","829329","1371","150289","161699","829329","830091","724900","828793","Fraction component detection task","494","301151","499","yes","1280"
"99","99","603.438","603.438","#808080","no","legacy","legacy","legacy","0","uniform","1","undefined","undefined","undefined","1","l","2","2","0","499","0","0","499","499","0","0","0","499","499","2","499","Fri Apr 27 13:03:26 2018","#000000","high","8","The main experiment item","yes","","experiment.osexp","/Users/tom/github/sft-fraction/procedure","no","mono","no","24","no","white","no","yes","800","legacy","67","67","2","/Users/tom/github/sft-fraction/results/data/subject-5a.csv","legacy","#000000","high","3","Jazzy James","3.1.9","0","l","NA","space","space","space","l","return","568","NA","148901","11392","7534","568","27941","2","legacy","1024","2","48000","-16","experiment","5","odd","present","752906","752905","NA","609545","1312","169234","830177","830699","1371","150289","161699","830699","831276","724900","830158","Fraction component detection task","495","301719","500","yes","1280"
"99.001996008","99.001996008","603.285429142","603.285429142","#808080","no","legacy","legacy","legacy","0","uniform","1","undefined","undefined","undefined","1","l","2","2","0","500","0","0","500","500","0","0","0","500","500","2","500","Fri Apr 27 13:03:26 2018","#000000","high","8","The main experiment item","yes","","experiment.osexp","/Users/tom/github/sft-fraction/procedure","no","mono","no","24","no","white","no","yes","800","legacy","68","68","2","/Users/tom/github/sft-fraction/results/data/subject-5a.csv","legacy","#757575","low","2","Jazzy James","3.1.9","0","l","NA","space","space","space","l","return","527","NA","148901","11392","7534","527","27941","2","legacy","1024","2","48000","-16","experiment","5","odd","present","752906","752905","NA","609545","1312","169234","831360","831876","1371","150289","161699","831877","832412","724900","831344","Fraction component detection task","496","302246","501","yes","1280"
"99.0039840637","99.0039840637","603.073705179","603.073705179","#808080","no","legacy","legacy","legacy","0","uniform","1","undefined","undefined","undefined","1","l","2","2","0","501","0","0","501","501","0","0","0","501","501","2","501","Fri Apr 27 13:03:26 2018","#757575","low","8","The main experiment item","yes","","experiment.osexp","/Users/tom/github/sft-fraction/procedure","no","mono","no","24","no","white","no","yes","800","legacy","69","69","2","/Users/tom/github/sft-fraction/results/data/subject-5a.csv","legacy","#757575","low","4","Jazzy James","3.1.9","0","l","NA","space","space","space","l","return","497","NA","148901","11392","7534","497","27941","2","legacy","1024","2","48000","-16","experiment","5","odd","present","752906","752905","NA","609545","1312","169234","832496","833011","1371","150289","161699","833011","833516","724900","832480","Fraction component detection task","497","302743","502","yes","1280"
"99.0059642147","99.0059642147","602.83499006","602.83499006","#808080","no","legacy","legacy","legacy","0","uniform","1","undefined","undefined","undefined","1","l","2","2","0","502","0","0","502","502","0","0","0","502","502","2","502","Fri Apr 27 13:03:26 2018","#757575","low","6","The main experiment item","yes","","experiment.osexp","/Users/tom/github/sft-fraction/procedure","no","mono","no","24","no","white","no","yes","800","legacy","70","70","2","/Users/tom/github/sft-fraction/results/data/subject-5a.csv","legacy","#000000","high","8","Jazzy James","3.1.9","0","l","NA","space","space","space","l","return","483","NA","148901","11392","7534","483","27941","2","legacy","1024","2","48000","-16","experiment","5","odd","present","752906","752905","NA","609545","1312","169234","833595","834113","1371","150289","161699","834113","834604","724900","833579","Fraction component detection task","498","303226","503","yes","1280"
"99.0079365079","99.0079365079","602.658730159","602.658730159","#808080","no","legacy","legacy","legacy","0","uniform","1","undefined","undefined","undefined","1","a","2","2","0","503","0","0","503","503","0","0","0","503","503","2","503","Fri Apr 27 13:03:26 2018","#757575","low","3","The main experiment item","yes","","experiment.osexp","/Users/tom/github/sft-fraction/procedure","no","mono","no","24","no","white","no","yes","800","legacy","71","71","2","/Users/tom/github/sft-fraction/results/data/subject-5a.csv","legacy","#000000","high","3","Jazzy James","3.1.9","0","a","NA","space","space","space","a","return","514","NA","148901","11392","7534","514","27941","2","legacy","1024","2","48000","-16","experiment","5","odd","absent","752906","752905","NA","609545","1312","169234","834690","835211","1371","150289","161699","835211","835733","724900","834671","Fraction component detection task","499","303740","504","yes","1280"
"99.0099009901","99.0099009901","602.530693069","602.530693069","#808080","no","legacy","legacy","legacy","0","uniform","1","undefined","undefined","undefined","1","l","2","2","0","504","0","0","504","504","0","0","0","504","504","2","504","Fri Apr 27 13:03:26 2018","#757575","low","7","The main experiment item","yes","","experiment.osexp","/Users/tom/github/sft-fraction/procedure","no","mono","no","24","no","white","no","yes","800","legacy","72","72","2","/Users/tom/github/sft-fraction/results/data/subject-5a.csv","legacy","#000000","high","7","Jazzy James","3.1.9","0","l","NA","space","space","space","l","return","538","NA","148901","11392","7534","538","27941","2","legacy","1024","2","48000","-16","experiment","5","odd","present","752906","752905","NA","609545","1312","169234","835813","836331","1371","150289","161699","836331","836876","724900","835798","Fraction component detection task","500","304278","505","yes","1280"
"99.0118577075","99.0118577075","602.466403162","602.466403162","#808080","no","legacy","legacy","legacy","0","uniform","1","undefined","undefined","undefined","1","a","2","2","0","505","0","0","505","505","0","0","0","505","505","2","505","Fri Apr 27 13:03:26 2018","#000000","high","4","The main experiment item","yes","","experiment.osexp","/Users/tom/github/sft-fraction/procedure","no","mono","no","24","no","white","no","yes","800","legacy","73","73","2","/Users/tom/github/sft-fraction/results/data/subject-5a.csv","legacy","#000000","high","3","Jazzy James","3.1.9","0","a","NA","space","space","space","a","return","570","NA","148901","11392","7534","570","27941","2","legacy","1024","2","48000","-16","experiment","5","odd","absent","752906","752905","NA","609545","1312","169234","836963","837482","1371","150289","161699","837482","838060","724900","836943","Fraction component detection task","501","304848","506","yes","1280"
"99.0138067061","99.0138067061","602.396449704","602.396449704","#808080","no","legacy","legacy","legacy","0","uniform","1","undefined","undefined","undefined","1","a","2","2","0","506","0","0","506","506","0","0","0","506","506","2","506","Fri Apr 27 13:03:26 2018","#757575","low","2","The main experiment item","yes","","experiment.osexp","/Users/tom/github/sft-fraction/procedure","no","mono","no","24","no","white","no","yes","800","legacy","74","74","2","/Users/tom/github/sft-fraction/results/data/subject-5a.csv","legacy","#000000","high","4","Jazzy James","3.1.9","0","a","NA","space","space","space","a","return","567","NA","148901","11392","7534","567","27941","2","legacy","1024","2","48000","-16","experiment","5","odd","absent","752906","752905","NA","609545","1312","169234","838141","838661","1371","150289","161699","838661","839236","724900","838126","Fraction component detection task","502","305415","507","yes","1280"
"98.8188976378","98.8188976378","602.159448819","602.159448819","#808080","no","legacy","legacy","legacy","0","uniform","0","undefined","undefined","undefined","0","l","2","2","0","507","0","0","507","507","0","0","0","507","507","2","507","Fri Apr 27 13:03:26 2018","#757575","low","2","The main experiment item","yes","","experiment.osexp","/Users/tom/github/sft-fraction/procedure","no","mono","no","24","no","white","no","yes","800","legacy","75","75","2","/Users/tom/github/sft-fraction/results/data/subject-5a.csv","legacy","#000000","high","7","Jazzy James","3.1.9","0","a","NA","space","space","space","a","return","482","NA","148901","11392","7534","482","27941","2","legacy","1024","2","48000","-16","experiment","5","odd","present","752906","752905","NA","609545","1312","169234","839321","839843","1371","150289","161699","839843","840333","724900","839304","Fraction component detection task","502","305897","508","yes","1280"
"98.8212180747","98.8212180747","602.26129666","602.26129666","#808080","no","legacy","legacy","legacy","0","uniform","1","undefined","undefined","undefined","1","a","2","2","0","508","0","0","508","508","0","0","0","508","508","2","508","Fri Apr 27 13:03:26 2018","#757575","low","4","The main experiment item","yes","","experiment.osexp","/Users/tom/github/sft-fraction/procedure","no","mono","no","24","no","white","no","yes","800","legacy","76","76","2","/Users/tom/github/sft-fraction/results/data/subject-5a.csv","legacy","#757575","low","3","Jazzy James","3.1.9","0","a","NA","space","space","space","a","return","654","NA","148901","11392","7534","654","27941","2","legacy","1024","2","48000","-16","experiment","5","odd","absent","752906","752905","NA","840354","1312","169234","841433","841951","1371","150289","161699","841951","842613","724900","841417","Fraction component detection task","503","306551","509","yes","1280"
"98.8235294118","98.8235294118","602.552941176","602.552941176","#808080","no","legacy","legacy","legacy","0","uniform","1","undefined","undefined","undefined","1","a","2","2","0","509","0","0","509","509","0","0","0","509","509","2","509","Fri Apr 27 13:03:26 2018","#757575","low","2","The main experiment item","yes","","experiment.osexp","/Users/tom/github/sft-fraction/procedure","no","mono","no","24","no","white","no","yes","800","legacy","77","77","2","/Users/tom/github/sft-fraction/results/data/subject-5a.csv","legacy","#000000","high","3","Jazzy James","3.1.9","0","a","NA","space","space","space","a","return","751","NA","148901","11392","7534","751","27941","2","legacy","1024","2","48000","-16","experiment","5","odd","absent","752906","752905","NA","840354","1312","169234","842697","843214","1371","150289","161699","843214","843973","724900","842681","Fraction component detection task","504","307302","510","yes","1280"
"98.8258317025","98.8258317025","602.497064579","602.497064579","#808080","no","legacy","legacy","legacy","0","uniform","1","undefined","undefined","undefined","1","a","2","2","0","510","0","0","510","510","0","0","0","510","510","2","510","Fri Apr 27 13:03:26 2018","#000000","high","3","The main experiment item","yes","","experiment.osexp","/Users/tom/github/sft-fraction/procedure","no","mono","no","24","no","white","no","yes","800","legacy","78","78","2","/Users/tom/github/sft-fraction/results/data/subject-5a.csv","legacy","#757575","low","2","Jazzy James","3.1.9","0","a","NA","space","space","space","a","return","574","NA","148901","11392","7534","574","27941","2","legacy","1024","2","48000","-16","experiment","5","odd","absent","752906","752905","NA","840354","1312","169234","844057","844573","1371","150289","161699","844574","845159","724900","844037","Fraction component detection task","505","307876","511","yes","1280"
"98.828125","98.828125","602.623046875","602.623046875","#808080","no","legacy","legacy","legacy","0","uniform","1","undefined","undefined","undefined","1","l","2","2","0","511","0","0","511","511","0","0","0","511","511","2","511","Fri Apr 27 13:03:26 2018","#000000","high","6","The main experiment item","yes","","experiment.osexp","/Users/tom/github/sft-fraction/procedure","no","mono","no","24","no","white","no","yes","800","legacy","79","79","2","/Users/tom/github/sft-fraction/results/data/subject-5a.csv","legacy","#757575","low","8","Jazzy James","3.1.9","0","l","NA","space","space","space","l","return","667","NA","148901","11392","7534","667","27941","2","legacy","1024","2","48000","-16","experiment","5","odd","present","752906","752905","NA","840354","1312","169234","845244","845761","1371","150289","161699","845762","846440","724900","845227","Fraction component detection task","506","308543","512","yes","1280"
"98.8304093567","98.8304093567","602.557504873","602.557504873","#808080","no","legacy","legacy","legacy","0","uniform","1","undefined","undefined","undefined","1","l","2","2","0","512","0","0","512","512","0","0","0","512","512","2","512","Fri Apr 27 13:03:26 2018","#000000","high","3","The main experiment item","yes","","experiment.osexp","/Users/tom/github/sft-fraction/procedure","no","mono","no","24","no","white","no","yes","800","legacy","80","80","2","/Users/tom/github/sft-fraction/results/data/subject-5a.csv","legacy","#000000","high","7","Jazzy James","3.1.9","0","l","NA","space","space","space","l","return","569","NA","148901","11392","7534","569","27941","2","legacy","1024","2","48000","-16","experiment","5","odd","present","752906","752905","NA","840354","1312","169234","846527","847043","1371","150289","161699","847044","847621","724900","846510","Fraction component detection task","507","309112","513","yes","1280"
"98.8326848249","98.8326848249","602.585603113","602.585603113","#808080","no","legacy","legacy","legacy","0","uniform","1","undefined","undefined","undefined","1","a","2","2","0","513","0","0","513","513","0","0","0","513","513","2","513","Fri Apr 27 13:03:26 2018","#000000","high","3","The main experiment item","yes","","experiment.osexp","/Users/tom/github/sft-fraction/procedure","no","mono","no","24","no","white","no","yes","800","legacy","81","81","2","/Users/tom/github/sft-fraction/results/data/subject-5a.csv","legacy","#000000","high","2","Jazzy James","3.1.9","0","a","NA","space","space","space","a","return","617","NA","148901","11392","7534","617","27941","2","legacy","1024","2","48000","-16","experiment","5","odd","absent","752906","752905","NA","840354","1312","169234","847704","848220","1371","150289","161699","848220","848845","724900","847688","Fraction component detection task","508","309729","514","yes","1280"
"98.8349514563","98.8349514563","602.409708738","602.409708738","#808080","no","legacy","legacy","legacy","0","uniform","1","undefined","undefined","undefined","1","a","2","2","0","514","0","0","514","514","0","0","0","514","514","2","514","Fri Apr 27 13:03:26 2018","#000000","high","2","The main experiment item","yes","","experiment.osexp","/Users/tom/github/sft-fraction/procedure","no","mono","no","24","no","white","no","yes","800","legacy","82","82","2","/Users/tom/github/sft-fraction/results/data/subject-5a.csv","legacy","#000000","high","4","Jazzy James","3.1.9","0","a","NA","space","space","space","a","return","512","NA","148901","11392","7534","512","27941","2","legacy","1024","2","48000","-16","experiment","5","odd","absent","752906","752905","NA","840354","1312","169234","848928","849445","1371","150289","161699","849445","849965","724900","848908","Fraction component detection task","509","310241","515","yes","1280"
"98.8372093023","98.8372093023","602.25","602.25","#808080","no","legacy","legacy","legacy","0","uniform","1","undefined","undefined","undefined","1","l","2","2","0","515","0","0","515","515","0","0","0","515","515","2","515","Fri Apr 27 13:03:26 2018","#000000","high","4","The main experiment item","yes","","experiment.osexp","/Users/tom/github/sft-fraction/procedure","no","mono","no","24","no","white","no","yes","800","legacy","83","83","2","/Users/tom/github/sft-fraction/results/data/subject-5a.csv","legacy","#757575","low","6","Jazzy James","3.1.9","0","l","NA","space","space","space","l","return","520","NA","148901","11392","7534","520","27941","2","legacy","1024","2","48000","-16","experiment","5","odd","present","752906","752905","NA","840354","1312","169234","850044","850564","1371","150289","161699","850564","851092","724900","850028","Fraction component detection task","510","310761","516","yes","1280"
"98.8394584139","98.8394584139","601.96131528","601.96131528","#808080","no","legacy","legacy","legacy","0","uniform","1","undefined","undefined","undefined","1","l","2","2","0","516","0","0","516","516","0","0","0","516","516","2","516","Fri Apr 27 13:03:26 2018","#757575","low","4","The main experiment item","yes","","experiment.osexp","/Users/tom/github/sft-fraction/procedure","no","mono","no","24","no","white","no","yes","800","legacy","84","84","2","/Users/tom/github/sft-fraction/results/data/subject-5a.csv","legacy","#757575","low","6","Jazzy James","3.1.9","0","l","NA","space","space","space","l","return","453","NA","148901","11392","7534","453","27941","2","legacy","1024","2","48000","-16","experiment","5","odd","present","752906","752905","NA","840354","1312","169234","851178","851695","1371","150289","161699","851695","852156","724900","851159","Fraction component detection task","511","311214","517","yes","1280"
"98.8416988417","98.8416988417","601.739382239","601.739382239","#808080","no","legacy","legacy","legacy","0","uniform","1","undefined","undefined","undefined","1","l","2","2","0","517","0","0","517","517","0","0","0","517","517","2","517","Fri Apr 27 13:03:26 2018","#757575","low","8","The main experiment item","yes","","experiment.osexp","/Users/tom/github/sft-fraction/procedure","no","mono","no","24","no","white","no","yes","800","legacy","85","85","2","/Users/tom/github/sft-fraction/results/data/subject-5a.csv","legacy","#757575","low","8","Jazzy James","3.1.9","0","l","NA","space","space","space","l","return","487","NA","148901","11392","7534","487","27941","2","legacy","1024","2","48000","-16","experiment","5","odd","present","752906","752905","NA","840354","1312","169234","852240","852757","1371","150289","161699","852757","853252","724900","852225","Fraction component detection task","512","311701","518","yes","1280"
"98.8439306358","98.8439306358","601.574181118","601.574181118","#808080","no","legacy","legacy","legacy","0","uniform","1","undefined","undefined","undefined","1","a","2","2","0","518","0","0","518","518","0","0","0","518","518","2","518","Fri Apr 27 13:03:26 2018","#757575","low","3","The main experiment item","yes","","experiment.osexp","/Users/tom/github/sft-fraction/procedure","no","mono","no","24","no","white","no","yes","800","legacy","86","86","2","/Users/tom/github/sft-fraction/results/data/subject-5a.csv","legacy","#000000","high","4","Jazzy James","3.1.9","0","a","NA","space","space","space","a","return","516","NA","148901","11392","7534","516","27941","2","legacy","1024","2","48000","-16","experiment","5","odd","absent","752906","752905","NA","840354","1312","169234","853339","853857","1371","150289","161699","853857","854381","724900","853321","Fraction component detection task","513","312217","519","yes","1280"
"98.8461538462","98.8461538462","601.473076923","601.473076923","#808080","no","legacy","legacy","legacy","0","uniform","1","undefined","undefined","undefined","1","a","2","2","0","519","0","0","519","519","0","0","0","519","519","2","519","Fri Apr 27 13:03:26 2018","#757575","low","4","The main experiment item","yes","","experiment.osexp","/Users/tom/github/sft-fraction/procedure","no","mono","no","24","no","white","no","yes","800","legacy","87","87","2","/Users/tom/github/sft-fraction/results/data/subject-5a.csv","legacy","#000000","high","3","Jazzy James","3.1.9","0","a","NA","space","space","space","a","return","549","NA","148901","11392","7534","549","27941","2","legacy","1024","2","48000","-16","experiment","5","odd","absent","752906","752905","NA","840354","1312","169234","854468","854984","1371","150289","161699","854984","855541","724900","854448","Fraction component detection task","514","312766","520","yes","1280"
"98.8483685221","98.8483685221","601.564299424","601.564299424","#808080","no","legacy","legacy","legacy","0","uniform","1","undefined","undefined","undefined","1","l","2","2","0","520","0","0","520","520","0","0","0","520","520","2","520","Fri Apr 27 13:03:26 2018","#000000","high","3","The main experiment item","yes","","experiment.osexp","/Users/tom/github/sft-fraction/procedure","no","mono","no","24","no","white","no","yes","800","legacy","88","88","2","/Users/tom/github/sft-fraction/results/data/subject-5a.csv","legacy","#000000","high","6","Jazzy James","3.1.9","0","l","NA","space","space","space","l","return","649","NA","148901","11392","7534","649","27941","2","legacy","1024","2","48000","-16","experiment","5","odd","present","752906","752905","NA","840354","1312","169234","855623","856139","1371","150289","161699","856140","856797","724900","855607","Fraction component detection task","515","313415","521","yes","1280"
"98.8505747126","98.8505747126","601.477011494","601.477011494","#808080","no","legacy","legacy","legacy","0","uniform","1","undefined","undefined","undefined","1","l","2","2","0","521","0","0","521","521","0","0","0","521","521","2","521","Fri Apr 27 13:03:26 2018","#757575","low","4","The main experiment item","yes","","experiment.osexp","/Users/tom/github/sft-fraction/procedure","no","mono","no","24","no","white","no","yes","800","legacy","89","89","2","/Users/tom/github/sft-fraction/results/data/subject-5a.csv","legacy","#000000","high","7","Jazzy James","3.1.9","0","l","NA","space","space","space","l","return","556","NA","148901","11392","7534","556","27941","2","legacy","1024","2","48000","-16","experiment","5","odd","present","752906","752905","NA","840354","1312","169234","856884","857400","1371","150289","161699","857401","857966","724900","856865","Fraction component detection task","516","313971","522","yes","1280"
"98.8527724665","98.8527724665","601.464627151","601.464627151","#808080","no","legacy","legacy","legacy","0","uniform","1","undefined","undefined","undefined","1","a","2","2","0","522","0","0","522","522","0","0","0","522","522","2","522","Fri Apr 27 13:03:26 2018","#757575","low","4","The main experiment item","yes","","experiment.osexp","/Users/tom/github/sft-fraction/procedure","no","mono","no","24","no","white","no","yes","800","legacy","90","90","2","/Users/tom/github/sft-fraction/results/data/subject-5a.csv","legacy","#000000","high","2","Jazzy James","3.1.9","0","a","NA","space","space","space","a","return","595","NA","148901","11392","7534","595","27941","2","legacy","1024","2","48000","-16","experiment","5","odd","absent","752906","752905","NA","840354","1312","169234","858046","858562","1371","150289","161699","858562","859166","724900","858030","Fraction component detection task","517","314566","523","yes","1280"
"98.8549618321","98.8549618321","601.209923664","601.209923664","#808080","no","legacy","legacy","legacy","0","uniform","1","undefined","undefined","undefined","1","a","2","2","0","523","0","0","523","523","0","0","0","523","523","2","523","Fri Apr 27 13:03:26 2018","#000000","high","4","The main experiment item","yes","","experiment.osexp","/Users/tom/github/sft-fraction/procedure","no","mono","no","24","no","white","no","yes","800","legacy","91","91","2","/Users/tom/github/sft-fraction/results/data/subject-5a.csv","legacy","#757575","low","2","Jazzy James","3.1.9","0","a","NA","space","space","space","a","return","468","NA","148901","11392","7534","468","27941","2","legacy","1024","2","48000","-16","experiment","5","odd","absent","752906","752905","NA","840354","1312","169234","859252","859769","1371","150289","161699","859769","860244","724900","859235","Fraction component detection task","518","315034","524","yes","1280"
"98.8571428571","98.8571428571","600.99047619","600.99047619","#808080","no","legacy","legacy","legacy","0","uniform","1","undefined","undefined","undefined","1","a","2","2","0","524","0","0","524","524","0","0","0","524","524","2","524","Fri Apr 27 13:03:26 2018","#757575","low","2","The main experiment item","yes","","experiment.osexp","/Users/tom/github/sft-fraction/procedure","no","mono","no","24","no","white","no","yes","800","legacy","92","92","2","/Users/tom/github/sft-fraction/results/data/subject-5a.csv","legacy","#757575","low","2","Jazzy James","3.1.9","0","a","NA","space","space","space","a","return","486","NA","148901","11392","7534","486","27941","2","legacy","1024","2","48000","-16","experiment","5","odd","absent","752906","752905","NA","840354","1312","169234","860327","860847","1371","150289","161699","860848","861342","724900","860311","Fraction component detection task","519","315520","525","yes","1280"
"98.8593155894","98.8593155894","600.800380228","600.800380228","#808080","no","legacy","legacy","legacy","0","uniform","1","undefined","undefined","undefined","1","l","2","2","0","525","0","0","525","525","0","0","0","525","525","2","525","Fri Apr 27 13:03:26 2018","#757575","low","6","The main experiment item","yes","","experiment.osexp","/Users/tom/github/sft-fraction/procedure","no","mono","no","24","no","white","no","yes","800","legacy","93","93","2","/Users/tom/github/sft-fraction/results/data/subject-5a.csv","legacy","#757575","low","7","Jazzy James","3.1.9","0","l","NA","space","space","space","l","return","501","NA","148901","11392","7534","501","27941","2","legacy","1024","2","48000","-16","experiment","5","odd","present","752906","752905","NA","840354","1312","169234","861428","861944","1371","150289","161699","861945","862454","724900","861412","Fraction component detection task","520","316021","526","yes","1280"
"98.8614800759","98.8614800759","600.614800759","600.614800759","#808080","no","legacy","legacy","legacy","0","uniform","1","undefined","undefined","undefined","1","a","2","2","0","526","0","0","526","526","0","0","0","526","526","2","526","Fri Apr 27 13:03:26 2018","#000000","high","2","The main experiment item","yes","","experiment.osexp","/Users/tom/github/sft-fraction/procedure","no","mono","no","24","no","white","no","yes","800","legacy","94","94","2","/Users/tom/github/sft-fraction/results/data/subject-5a.csv","legacy","#757575","low","4","Jazzy James","3.1.9","0","a","NA","space","space","space","a","return","503","NA","148901","11392","7534","503","27941","2","legacy","1024","2","48000","-16","experiment","5","odd","absent","752906","752905","NA","840354","1312","169234","862539","863055","1371","150289","161699","863055","863567","724900","862520","Fraction component detection task","521","316524","527","yes","1280"
"98.8636363636","98.8636363636","600.566287879","600.566287879","#808080","no","legacy","legacy","legacy","0","uniform","1","undefined","undefined","undefined","1","a","2","2","0","527","0","0","527","527","0","0","0","527","527","2","527","Fri Apr 27 13:03:26 2018","#000000","high","3","The main experiment item","yes","","experiment.osexp","/Users/tom/github/sft-fraction/procedure","no","mono","no","24","no","white","no","yes","800","legacy","95","95","2","/Users/tom/github/sft-fraction/results/data/subject-5a.csv","legacy","#757575","low","2","Jazzy James","3.1.9","0","a","NA","space","space","space","a","return","575","NA","148901","11392","7534","575","27941","2","legacy","1024","2","48000","-16","experiment","5","odd","absent","752906","752905","NA","840354","1312","169234","863650","864167","1371","150289","161699","864167","864751","724900","863631","Fraction component detection task","522","317099","528","yes","1280"
"98.8657844991","98.8657844991","600.268431002","600.268431002","#808080","no","legacy","legacy","legacy","0","uniform","1","undefined","undefined","undefined","1","a","2","2","0","528","0","0","528","528","0","0","0","528","528","2","528","Fri Apr 27 13:03:26 2018","#000000","high","3","The main experiment item","yes","","experiment.osexp","/Users/tom/github/sft-fraction/procedure","no","mono","no","24","no","white","no","yes","800","legacy","96","96","2","/Users/tom/github/sft-fraction/results/data/subject-5a.csv","legacy","#000000","high","3","Jazzy James","3.1.9","0","a","NA","space","space","space","a","return","443","NA","148901","11392","7534","443","27941","2","legacy","1024","2","48000","-16","experiment","5","odd","absent","752906","752905","NA","840354","1312","169234","864834","865355","1371","150289","161699","865355","865806","724900","864818","Fraction component detection task","523","317542","529","yes","1280"
"98.8679245283","98.8679245283","599.918867925","599.918867925","#808080","no","legacy","legacy","legacy","0","uniform","1","undefined","undefined","undefined","1","a","2","2","0","529","0","0","529","529","0","0","0","529","529","2","529","Fri Apr 27 13:03:26 2018","#000000","high","2","The main experiment item","yes","","experiment.osexp","/Users/tom/github/sft-fraction/procedure","no","mono","no","24","no","white","no","yes","800","legacy","97","97","2","/Users/tom/github/sft-fraction/results/data/subject-5a.csv","legacy","#000000","high","3","Jazzy James","3.1.9","0","a","NA","space","space","space","a","return","415","NA","148901","11392","7534","415","27941","2","legacy","1024","2","48000","-16","experiment","5","odd","absent","752906","752905","NA","840354","1312","169234","865889","866407","1371","150289","161699","866407","866830","724900","865873","Fraction component detection task","524","317957","530","yes","1280"
"98.8700564972","98.8700564972","599.647834275","599.647834275","#808080","no","legacy","legacy","legacy","0","uniform","1","undefined","undefined","undefined","1","a","2","2","0","530","0","0","530","530","0","0","0","530","530","2","530","Fri Apr 27 13:03:26 2018","#000000","high","3","The main experiment item","yes","","experiment.osexp","/Users/tom/github/sft-fraction/procedure","no","mono","no","24","no","white","no","yes","800","legacy","98","98","2","/Users/tom/github/sft-fraction/results/data/subject-5a.csv","legacy","#757575","low","2","Jazzy James","3.1.9","0","a","NA","space","space","space","a","return","456","NA","148901","11392","7534","456","27941","2","legacy","1024","2","48000","-16","experiment","5","odd","absent","752906","752905","NA","840354","1312","169234","866917","867438","1371","150289","161699","867438","867902","724900","866900","Fraction component detection task","525","318413","531","yes","1280"
"98.8721804511","98.8721804511","599.364661654","599.364661654","#808080","no","legacy","legacy","legacy","0","uniform","1","undefined","undefined","undefined","1","l","2","2","0","531","0","0","531","531","0","0","0","531","531","2","531","Fri Apr 27 13:03:26 2018","#000000","high","8","The main experiment item","yes","","experiment.osexp","/Users/tom/github/sft-fraction/procedure","no","mono","no","24","no","white","no","yes","800","legacy","99","99","2","/Users/tom/github/sft-fraction/results/data/subject-5a.csv","legacy","#000000","high","6","Jazzy James","3.1.9","0","l","NA","space","space","space","l","return","449","NA","148901","11392","7534","449","27941","2","legacy","1024","2","48000","-16","experiment","5","odd","present","752906","752905","NA","840354","1312","169234","867982","868500","1371","150289","161699","868501","868958","724900","867966","Fraction component detection task","526","318862","532","yes","1280"
"98.8742964353","98.8742964353","599.009380863","599.009380863","#808080","no","legacy","legacy","legacy","0","uniform","1","undefined","undefined","undefined","1","l","2","2","0","532","0","0","532","532","0","0","0","532","532","2","532","Fri Apr 27 13:03:26 2018","#757575","low","7","The main experiment item","yes","","experiment.osexp","/Users/tom/github/sft-fraction/procedure","no","mono","no","24","no","white","no","yes","800","legacy","100","100","2","/Users/tom/github/sft-fraction/results/data/subject-5a.csv","legacy","#757575","low","7","Jazzy James","3.1.9","0","l","NA","space","space","space","l","return","410","NA","148901","11392","7534","410","27941","2","legacy","1024","2","48000","-16","experiment","5","odd","present","752906","752905","NA","840354","1312","169234","869039","869556","1371","150289","161699","869556","869974","724900","869023","Fraction component detection task","527","319272","533","yes","1280"
"98.8764044944","98.8764044944","598.762172285","598.762172285","#808080","no","legacy","legacy","legacy","0","uniform","1","undefined","undefined","undefined","1","a","2","2","0","533","0","0","533","533","0","0","0","533","533","2","533","Fri Apr 27 13:03:26 2018","#000000","high","2","The main experiment item","yes","","experiment.osexp","/Users/tom/github/sft-fraction/procedure","no","mono","no","24","no","white","no","yes","800","legacy","101","101","2","/Users/tom/github/sft-fraction/results/data/subject-5a.csv","legacy","#757575","low","3","Jazzy James","3.1.9","0","a","NA","space","space","space","a","return","467","NA","148901","11392","7534","467","27941","2","legacy","1024","2","48000","-16","experiment","5","odd","absent","752906","752905","NA","840354","1312","169234","870057","870578","1371","150289","161699","870578","871053","724900","870041","Fraction component detection task","528","319739","534","yes","1280"
"98.8785046729","98.8785046729","598.568224299","598.568224299","#808080","no","legacy","legacy","legacy","0","uniform","1","undefined","undefined","undefined","1","a","2","2","0","534","0","0","534","534","0","0","0","534","534","2","534","Fri Apr 27 13:03:26 2018","#000000","high","4","The main experiment item","yes","","experiment.osexp","/Users/tom/github/sft-fraction/procedure","no","mono","no","24","no","white","no","yes","800","legacy","102","102","2","/Users/tom/github/sft-fraction/results/data/subject-5a.csv","legacy","#000000","high","2","Jazzy James","3.1.9","0","a","NA","space","space","space","a","return","495","NA","148901","11392","7534","495","27941","2","legacy","1024","2","48000","-16","experiment","5","odd","absent","752906","752905","NA","840354","1312","169234","871136","871654","1371","150289","161699","871654","872157","724900","871116","Fraction component detection task","529","320234","535","yes","1280"
"98.8805970149","98.8805970149","598.39738806","598.39738806","#808080","no","legacy","legacy","legacy","0","uniform","1","undefined","undefined","undefined","1","l","2","2","0","535","0","0","535","535","0","0","0","535","535","2","535","Fri Apr 27 13:03:26 2018","#757575","low","3","The main experiment item","yes","","experiment.osexp","/Users/tom/github/sft-fraction/procedure","no","mono","no","24","no","white","no","yes","800","legacy","103","103","2","/Users/tom/github/sft-fraction/results/data/subject-5a.csv","legacy","#000000","high","7","Jazzy James","3.1.9","0","l","NA","space","space","space","l","return","507","NA","148901","11392","7534","507","27941","2","legacy","1024","2","48000","-16","experiment","5","odd","present","752906","752905","NA","840354","1312","169234","872242","872762","1371","150289","161699","872762","873277","724900","872224","Fraction component detection task","530","320741","536","yes","1280"
"98.8826815642","98.8826815642","598.290502793","598.290502793","#808080","no","legacy","legacy","legacy","0","uniform","1","undefined","undefined","undefined","1","a","2","2","0","536","0","0","536","536","0","0","0","536","536","2","536","Fri Apr 27 13:03:26 2018","#757575","low","4","The main experiment item","yes","","experiment.osexp","/Users/tom/github/sft-fraction/procedure","no","mono","no","24","no","white","no","yes","800","legacy","104","104","2","/Users/tom/github/sft-fraction/results/data/subject-5a.csv","legacy","#757575","low","3","Jazzy James","3.1.9","0","a","NA","space","space","space","a","return","541","NA","148901","11392","7534","541","27941","2","legacy","1024","2","48000","-16","experiment","5","odd","absent","752906","752905","NA","840354","1312","169234","873368","873888","1371","150289","161699","873889","874438","724900","873349","Fraction component detection task","531","321282","537","yes","1280"
"98.8847583643","98.8847583643","598.039033457","598.039033457","#808080","no","legacy","legacy","legacy","0","uniform","1","undefined","undefined","undefined","1","l","2","2","0","537","0","0","537","537","0","0","0","537","537","2","537","Fri Apr 27 13:03:26 2018","#000000","high","6","The main experiment item","yes","","experiment.osexp","/Users/tom/github/sft-fraction/procedure","no","mono","no","24","no","white","no","yes","800","legacy","105","105","2","/Users/tom/github/sft-fraction/results/data/subject-5a.csv","legacy","#757575","low","2","Jazzy James","3.1.9","0","l","NA","space","space","space","l","return","463","NA","148901","11392","7534","463","27941","2","legacy","1024","2","48000","-16","experiment","5","odd","present","752906","752905","NA","840354","1312","169234","874521","875039","1371","150289","161699","875039","875511","724900","874506","Fraction component detection task","532","321745","538","yes","1280"
"98.8868274583","98.8868274583","597.838589981","597.838589981","#808080","no","legacy","legacy","legacy","0","uniform","1","undefined","undefined","undefined","1","l","2","2","0","538","0","0","538","538","0","0","0","538","538","2","538","Fri Apr 27 13:03:26 2018","#000000","high","7","The main experiment item","yes","","experiment.osexp","/Users/tom/github/sft-fraction/procedure","no","mono","no","24","no","white","no","yes","800","legacy","106","106","2","/Users/tom/github/sft-fraction/results/data/subject-5a.csv","legacy","#000000","high","7","Jazzy James","3.1.9","0","l","NA","space","space","space","l","return","490","NA","148901","11392","7534","490","27941","2","legacy","1024","2","48000","-16","experiment","5","odd","present","752906","752905","NA","840354","1312","169234","875591","876108","1371","150289","161699","876108","876607","724900","875576","Fraction component detection task","533","322235","539","yes","1280"
"98.8888888889","98.8888888889","597.622222222","597.622222222","#808080","no","legacy","legacy","legacy","0","uniform","1","undefined","undefined","undefined","1","l","2","2","0","539","0","0","539","539","0","0","0","539","539","2","539","Fri Apr 27 13:03:26 2018","#757575","low","4","The main experiment item","yes","","experiment.osexp","/Users/tom/github/sft-fraction/procedure","no","mono","no","24","no","white","no","yes","800","legacy","107","107","2","/Users/tom/github/sft-fraction/results/data/subject-5a.csv","legacy","#757575","low","7","Jazzy James","3.1.9","0","l","NA","space","space","space","l","return","481","NA","148901","11392","7534","481","27941","2","legacy","1024","2","48000","-16","experiment","5","odd","present","752906","752905","NA","840354","1312","169234","876696","877213","1371","150289","161699","877213","877703","724900","876676","Fraction component detection task","534","322716","540","yes","1280"
"98.8909426987","98.8909426987","597.3012939","597.3012939","#808080","no","legacy","legacy","legacy","0","uniform","1","undefined","undefined","undefined","1","l","2","2","0","540","0","0","540","540","0","0","0","540","540","2","540","Fri Apr 27 13:03:26 2018","#000000","high","8","The main experiment item","yes","","experiment.osexp","/Users/tom/github/sft-fraction/procedure","no","mono","no","24","no","white","no","yes","800","legacy","108","108","2","/Users/tom/github/sft-fraction/results/data/subject-5a.csv","legacy","#000000","high","8","Jazzy James","3.1.9","0","l","NA","space","space","space","l","return","424","NA","148901","11392","7534","424","27941","2","legacy","1024","2","48000","-16","experiment","5","odd","present","752906","752905","NA","840354","1312","169234","877784","878302","1371","150289","161699","878302","878735","724900","877766","Fraction component detection task","535","323140","541","yes","1280"
"98.8929889299","98.8929889299","597.483394834","597.483394834","#808080","no","legacy","legacy","legacy","0","uniform","1","undefined","undefined","undefined","1","l","2","2","0","541","0","0","541","541","0","0","0","541","541","2","541","Fri Apr 27 13:03:26 2018","#757575","low","7","The main experiment item","yes","","experiment.osexp","/Users/tom/github/sft-fraction/procedure","no","mono","no","24","no","white","no","yes","800","legacy","109","109","2","/Users/tom/github/sft-fraction/results/data/subject-5a.csv","legacy","#000000","high","2","Jazzy James","3.1.9","0","l","NA","space","space","space","l","return","696","NA","148901","11392","7534","696","27941","2","legacy","1024","2","48000","-16","experiment","5","odd","present","752906","752905","NA","840354","1312","169234","878824","879341","1371","150289","161699","879341","880046","724900","878804","Fraction component detection task","536","323836","542","yes","1280"
"98.8950276243","98.8950276243","597.303867403","597.303867403","#808080","no","legacy","legacy","legacy","0","uniform","1","undefined","undefined","undefined","1","a","2","2","0","542","0","0","542","542","0","0","0","542","542","2","542","Fri Apr 27 13:03:26 2018","#757575","low","2","The main experiment item","yes","","experiment.osexp","/Users/tom/github/sft-fraction/procedure","no","mono","no","24","no","white","no","yes","800","legacy","110","110","2","/Users/tom/github/sft-fraction/results/data/subject-5a.csv","legacy","#757575","low","2","Jazzy James","3.1.9","0","a","NA","space","space","space","a","return","500","NA","148901","11392","7534","500","27941","2","legacy","1024","2","48000","-16","experiment","5","odd","absent","752906","752905","NA","840354","1312","169234","880128","880649","1371","150289","161699","880649","881158","724900","880112","Fraction component detection task","537","324336","543","yes","1280"
"98.8970588235","98.8970588235","597.681985294","597.681985294","#808080","no","legacy","legacy","legacy","0","uniform","1","undefined","undefined","undefined","1","l","2","2","0","543","0","0","543","543","0","0","0","543","543","2","543","Fri Apr 27 13:03:26 2018","#000000","high","6","The main experiment item","yes","","experiment.osexp","/Users/tom/github/sft-fraction/procedure","no","mono","no","24","no","white","no","yes","800","legacy","111","111","2","/Users/tom/github/sft-fraction/results/data/subject-5a.csv","legacy","#000000","high","4","Jazzy James","3.1.9","0","l","NA","space","space","space","l","return","803","NA","148901","11392","7534","803","27941","2","legacy","1024","2","48000","-16","experiment","5","odd","present","752906","752905","NA","840354","1312","169234","881238","881756","1371","150289","161699","881756","882567","724900","881223","Fraction component detection task","538","325139","544","yes","1280"
"98.8990825688","98.8990825688","597.688073394","597.688073394","#808080","no","legacy","legacy","legacy","0","uniform","1","undefined","undefined","undefined","1","a","2","2","0","544","0","0","544","544","0","0","0","544","544","2","544","Fri Apr 27 13:03:26 2018","#000000","high","3","The main experiment item","yes","","experiment.osexp","/Users/tom/github/sft-fraction/procedure","no","mono","no","24","no","white","no","yes","800","legacy","112","112","2","/Users/tom/github/sft-fraction/results/data/subject-5a.csv","legacy","#757575","low","4","Jazzy James","3.1.9","0","a","NA","space","space","space","a","return","601","NA","148901","11392","7534","601","27941","2","legacy","1024","2","48000","-16","experiment","5","odd","absent","752906","752905","NA","840354","1312","169234","882649","883166","1371","150289","161699","883166","883775","724900","882633","Fraction component detection task","539","325740","545","yes","1280"
"98.9010989011","98.9010989011","597.664835165","597.664835165","#808080","no","legacy","legacy","legacy","0","uniform","1","undefined","undefined","undefined","1","a","2","2","0","545","0","0","545","545","0","0","0","545","545","2","545","Fri Apr 27 13:03:26 2018","#757575","low","4","The main experiment item","yes","","experiment.osexp","/Users/tom/github/sft-fraction/procedure","no","mono","no","24","no","white","no","yes","800","legacy","113","113","2","/Users/tom/github/sft-fraction/results/data/subject-5a.csv","legacy","#757575","low","2","Jazzy James","3.1.9","0","a","NA","space","space","space","a","return","585","NA","148901","11392","7534","585","27941","2","legacy","1024","2","48000","-16","experiment","5","odd","absent","752906","752905","NA","840354","1312","169234","883856","884374","1371","150289","161699","884374","884967","724900","883841","Fraction component detection task","540","326325","546","yes","1280"
"98.9031078611","98.9031078611","597.393053016","597.393053016","#808080","no","legacy","legacy","legacy","0","uniform","1","undefined","undefined","undefined","1","a","2","2","0","546","0","0","546","546","0","0","0","546","546","2","546","Fri Apr 27 13:03:26 2018","#757575","low","2","The main experiment item","yes","","experiment.osexp","/Users/tom/github/sft-fraction/procedure","no","mono","no","24","no","white","no","yes","800","legacy","114","114","2","/Users/tom/github/sft-fraction/results/data/subject-5a.csv","legacy","#757575","low","4","Jazzy James","3.1.9","0","a","NA","space","space","space","a","return","449","NA","148901","11392","7534","449","27941","2","legacy","1024","2","48000","-16","experiment","5","odd","absent","752906","752905","NA","840354","1312","169234","885048","885565","1371","150289","161699","885565","886026","724900","885032","Fraction component detection task","541","326774","547","yes","1280"
"98.9051094891","98.9051094891","597.237226277","597.237226277","#808080","no","legacy","legacy","legacy","0","uniform","1","undefined","undefined","undefined","1","l","2","2","0","547","0","0","547","547","0","0","0","547","547","2","547","Fri Apr 27 13:03:26 2018","#000000","high","4","The main experiment item","yes","","experiment.osexp","/Users/tom/github/sft-fraction/procedure","no","mono","no","24","no","white","no","yes","800","legacy","115","115","2","/Users/tom/github/sft-fraction/results/data/subject-5a.csv","legacy","#000000","high","7","Jazzy James","3.1.9","0","l","NA","space","space","space","l","return","512","NA","148901","11392","7534","512","27941","2","legacy","1024","2","48000","-16","experiment","5","odd","present","752906","752905","NA","840354","1312","169234","886105","886622","1371","150289","161699","886622","887145","724900","886089","Fraction component detection task","542","327286","548","yes","1280"
"98.9071038251","98.9071038251","597.255009107","597.255009107","#808080","no","legacy","legacy","legacy","0","uniform","1","undefined","undefined","undefined","1","a","2","2","0","548","0","0","548","548","0","0","0","548","548","2","548","Fri Apr 27 13:03:26 2018","#000000","high","3","The main experiment item","yes","","experiment.osexp","/Users/tom/github/sft-fraction/procedure","no","mono","no","24","no","white","no","yes","800","legacy","116","116","2","/Users/tom/github/sft-fraction/results/data/subject-5a.csv","legacy","#000000","high","3","Jazzy James","3.1.9","0","a","NA","space","space","space","a","return","607","NA","148901","11392","7534","607","27941","2","legacy","1024","2","48000","-16","experiment","5","odd","absent","752906","752905","NA","840354","1312","169234","887227","887744","1371","150289","161699","887744","888360","724900","887211","Fraction component detection task","543","327893","549","yes","1280"
"98.9090909091","98.9090909091","597.061818182","597.061818182","#808080","no","legacy","legacy","legacy","0","uniform","1","undefined","undefined","undefined","1","l","2","2","0","549","0","0","549","549","0","0","0","549","549","2","549","Fri Apr 27 13:03:26 2018","#757575","low","2","The main experiment item","yes","","experiment.osexp","/Users/tom/github/sft-fraction/procedure","no","mono","no","24","no","white","no","yes","800","legacy","117","117","2","/Users/tom/github/sft-fraction/results/data/subject-5a.csv","legacy","#757575","low","7","Jazzy James","3.1.9","0","l","NA","space","space","space","l","return","491","NA","148901","11392","7534","491","27941","2","legacy","1024","2","48000","-16","experiment","5","odd","present","752906","752905","NA","840354","1312","169234","888446","888964","1371","150289","161699","888964","889467","724900","888426","Fraction component detection task","544","328384","550","yes","1280"
"98.9110707804","98.9110707804","597.219600726","597.219600726","#808080","no","legacy","legacy","legacy","0","uniform","1","undefined","undefined","undefined","1","l","2","2","0","550","0","0","550","550","0","0","0","550","550","2","550","Fri Apr 27 13:03:26 2018","#757575","low","8","The main experiment item","yes","","experiment.osexp","/Users/tom/github/sft-fraction/procedure","no","mono","no","24","no","white","no","yes","800","legacy","118","118","2","/Users/tom/github/sft-fraction/results/data/subject-5a.csv","legacy","#000000","high","3","Jazzy James","3.1.9","0","l","NA","space","space","space","l","return","684","NA","148901","11392","7534","684","27941","2","legacy","1024","2","48000","-16","experiment","5","odd","present","752906","752905","NA","840354","1312","169234","889556","890075","1371","150289","161699","890075","890767","724900","889537","Fraction component detection task","545","329068","551","yes","1280"
"98.9130434783","98.9130434783","597.184782609","597.184782609","#808080","no","legacy","legacy","legacy","0","uniform","1","undefined","undefined","undefined","1","l","2","2","0","551","0","0","551","551","0","0","0","551","551","2","551","Fri Apr 27 13:03:26 2018","#757575","low","6","The main experiment item","yes","","experiment.osexp","/Users/tom/github/sft-fraction/procedure","no","mono","no","24","no","white","no","yes","800","legacy","119","119","2","/Users/tom/github/sft-fraction/results/data/subject-5a.csv","legacy","#000000","high","2","Jazzy James","3.1.9","0","l","NA","space","space","space","l","return","578","NA","148901","11392","7534","578","27941","2","legacy","1024","2","48000","-16","experiment","5","odd","present","752906","752905","NA","840354","1312","169234","890852","891373","1371","150289","161699","891373","891959","724900","890835","Fraction component detection task","546","329646","552","yes","1280"
"98.9150090416","98.9150090416","597.122965642","597.122965642","#808080","no","legacy","legacy","legacy","0","uniform","1","undefined","undefined","undefined","1","l","2","2","0","552","0","0","552","552","0","0","0","552","552","2","552","Fri Apr 27 13:03:26 2018","#757575","low","3","The main experiment item","yes","","experiment.osexp","/Users/tom/github/sft-fraction/procedure","no","mono","no","24","no","white","no","yes","800","legacy","120","120","2","/Users/tom/github/sft-fraction/results/data/subject-5a.csv","legacy","#000000","high","6","Jazzy James","3.1.9","0","l","NA","space","space","space","l","return","563","NA","148901","11392","7534","563","27941","2","legacy","1024","2","48000","-16","experiment","5","odd","present","752906","752905","NA","840354","1312","169234","892045","892563","1371","150289","161699","892563","893135","724900","892028","Fraction component detection task","547","330209","553","yes","1280"
"98.916967509","98.916967509","596.837545126","596.837545126","#808080","no","legacy","legacy","legacy","0","uniform","1","undefined","undefined","undefined","1","l","2","2","0","553","0","0","553","553","0","0","0","553","553","2","553","Fri Apr 27 13:03:26 2018","#000000","high","2","The main experiment item","yes","","experiment.osexp","/Users/tom/github/sft-fraction/procedure","no","mono","no","24","no","white","no","yes","800","legacy","121","121","2","/Users/tom/github/sft-fraction/results/data/subject-5a.csv","legacy","#000000","high","8","Jazzy James","3.1.9","0","l","NA","space","space","space","l","return","439","NA","148901","11392","7534","439","27941","2","legacy","1024","2","48000","-16","experiment","5","odd","present","752906","752905","NA","840354","1312","169234","893228","893751","1371","150289","161699","893751","894199","724900","893205","Fraction component detection task","548","330648","554","yes","1280"
"98.9189189189","98.9189189189","596.83963964","596.83963964","#808080","no","legacy","legacy","legacy","0","uniform","1","undefined","undefined","undefined","1","l","2","2","0","554","0","0","554","554","0","0","0","554","554","2","554","Fri Apr 27 13:03:26 2018","#757575","low","6","The main experiment item","yes","","experiment.osexp","/Users/tom/github/sft-fraction/procedure","no","mono","no","24","no","white","no","yes","800","legacy","122","122","2","/Users/tom/github/sft-fraction/results/data/subject-5a.csv","legacy","#757575","low","8","Jazzy James","3.1.9","0","l","NA","space","space","space","l","return","598","NA","148901","11392","7534","598","27941","2","legacy","1024","2","48000","-16","experiment","5","odd","present","752906","752905","NA","840354","1312","169234","894292","894809","1371","150289","161699","894809","895417","724900","894272","Fraction component detection task","549","331246","555","yes","1280"
"98.9208633094","98.9208633094","596.714028777","596.714028777","#808080","no","legacy","legacy","legacy","0","uniform","1","undefined","undefined","undefined","1","a","2","2","0","555","0","0","555","555","0","0","0","555","555","2","555","Fri Apr 27 13:03:26 2018","#757575","low","4","The main experiment item","yes","","experiment.osexp","/Users/tom/github/sft-fraction/procedure","no","mono","no","24","no","white","no","yes","800","legacy","123","123","2","/Users/tom/github/sft-fraction/results/data/subject-5a.csv","legacy","#000000","high","4","Jazzy James","3.1.9","0","a","NA","space","space","space","a","return","527","NA","148901","11392","7534","527","27941","2","legacy","1024","2","48000","-16","experiment","5","odd","absent","752906","752905","NA","840354","1312","169234","895504","896024","1371","150289","161699","896024","896560","724900","895484","Fraction component detection task","550","331773","556","yes","1280"
"98.9228007181","98.9228007181","596.727109515","596.727109515","#808080","no","legacy","legacy","legacy","0","uniform","1","undefined","undefined","undefined","1","l","2","2","0","556","0","0","556","556","0","0","0","556","556","2","556","Fri Apr 27 13:03:26 2018","#757575","low","6","The main experiment item","yes","","experiment.osexp","/Users/tom/github/sft-fraction/procedure","no","mono","no","24","no","white","no","yes","800","legacy","124","124","2","/Users/tom/github/sft-fraction/results/data/subject-5a.csv","legacy","#757575","low","4","Jazzy James","3.1.9","0","l","NA","space","space","space","l","return","604","NA","148901","11392","7534","604","27941","2","legacy","1024","2","48000","-16","experiment","5","odd","present","752906","752905","NA","840354","1312","169234","896642","897163","1371","150289","161699","897163","897779","724900","896626","Fraction component detection task","551","332377","557","yes","1280"
"98.9247311828","98.9247311828","596.70609319","596.70609319","#808080","no","legacy","legacy","legacy","0","uniform","1","undefined","undefined","undefined","1","a","2","2","0","557","0","0","557","557","0","0","0","557","557","2","557","Fri Apr 27 13:03:26 2018","#000000","high","3","The main experiment item","yes","","experiment.osexp","/Users/tom/github/sft-fraction/procedure","no","mono","no","24","no","white","no","yes","800","legacy","125","125","2","/Users/tom/github/sft-fraction/results/data/subject-5a.csv","legacy","#757575","low","4","Jazzy James","3.1.9","0","a","NA","space","space","space","a","return","585","NA","148901","11392","7534","585","27941","2","legacy","1024","2","48000","-16","experiment","5","odd","absent","752906","752905","NA","840354","1312","169234","897864","898382","1371","150289","161699","898382","898976","724900","897847","Fraction component detection task","552","332962","558","yes","1280"
"98.9266547406","98.9266547406","596.758497317","596.758497317","#808080","no","legacy","legacy","legacy","0","uniform","1","undefined","undefined","undefined","1","a","2","2","0","558","0","0","558","558","0","0","0","558","558","2","558","Fri Apr 27 13:03:26 2018","#757575","low","3","The main experiment item","yes","","experiment.osexp","/Users/tom/github/sft-fraction/procedure","no","mono","no","24","no","white","no","yes","800","legacy","126","126","2","/Users/tom/github/sft-fraction/results/data/subject-5a.csv","legacy","#757575","low","4","Jazzy James","3.1.9","0","a","NA","space","space","space","a","return","626","NA","148901","11392","7534","626","27941","2","legacy","1024","2","48000","-16","experiment","5","odd","absent","752906","752905","NA","840354","1312","169234","899062","899580","1371","150289","161699","899580","900215","724900","899044","Fraction component detection task","553","333588","559","yes","1280"
"98.9285714286","98.9285714286","596.723214286","596.723214286","#808080","no","legacy","legacy","legacy","0","uniform","1","undefined","undefined","undefined","1","a","2","2","0","559","0","0","559","559","0","0","0","559","559","2","559","Fri Apr 27 13:03:26 2018","#757575","low","4","The main experiment item","yes","","experiment.osexp","/Users/tom/github/sft-fraction/procedure","no","mono","no","24","no","white","no","yes","800","legacy","127","127","2","/Users/tom/github/sft-fraction/results/data/subject-5a.csv","legacy","#000000","high","3","Jazzy James","3.1.9","0","a","NA","space","space","space","a","return","577","NA","148901","11392","7534","577","27941","2","legacy","1024","2","48000","-16","experiment","5","odd","absent","752906","752905","NA","840354","1312","169234","900298","900815","1371","150289","161699","900815","901404","724900","900281","Fraction component detection task","554","334165","560","yes","1280"
"98.9304812834","98.9304812834","596.499108734","596.499108734","#808080","no","legacy","legacy","legacy","0","uniform","1","undefined","undefined","undefined","1","a","2","2","0","560","0","0","560","560","0","0","0","560","560","2","560","Fri Apr 27 13:03:26 2018","#757575","low","3","The main experiment item","yes","","experiment.osexp","/Users/tom/github/sft-fraction/procedure","no","mono","no","24","no","white","no","yes","800","legacy","128","128","2","/Users/tom/github/sft-fraction/results/data/subject-5a.csv","legacy","#000000","high","3","Jazzy James","3.1.9","0","a","NA","space","space","space","a","return","471","NA","148901","11392","7534","471","27941","2","legacy","1024","2","48000","-16","experiment","5","odd","absent","752906","752905","NA","840354","1312","169234","901484","902000","1371","150289","161699","902000","902482","724900","901468","Fraction component detection task","555","334636","561","yes","1280"
"98.9323843416","98.9323843416","596.384341637","596.384341637","#808080","no","legacy","legacy","legacy","0","uniform","1","undefined","undefined","undefined","1","l","2","2","0","561","0","0","561","561","0","0","0","561","561","2","561","Fri Apr 27 13:03:26 2018","#000000","high","8","The main experiment item","yes","","experiment.osexp","/Users/tom/github/sft-fraction/procedure","no","mono","no","24","no","white","no","yes","800","legacy","129","129","2","/Users/tom/github/sft-fraction/results/data/subject-5a.csv","legacy","#000000","high","2","Jazzy James","3.1.9","0","l","NA","space","space","space","l","return","532","NA","148901","11392","7534","532","27941","2","legacy","1024","2","48000","-16","experiment","5","odd","present","752906","752905","NA","840354","1312","169234","902567","903084","1371","150289","161699","903084","903624","724900","902550","Fraction component detection task","556","335168","562","yes","1280"
"98.9342806394","98.9342806394","596.088809947","596.088809947","#808080","no","legacy","legacy","legacy","0","uniform","1","undefined","undefined","undefined","1","l","2","2","0","562","0","0","562","562","0","0","0","562","562","2","562","Fri Apr 27 13:03:26 2018","#000000","high","4","The main experiment item","yes","","experiment.osexp","/Users/tom/github/sft-fraction/procedure","no","mono","no","24","no","white","no","yes","800","legacy","130","130","2","/Users/tom/github/sft-fraction/results/data/subject-5a.csv","legacy","#000000","high","6","Jazzy James","3.1.9","0","l","NA","space","space","space","l","return","430","NA","148901","11392","7534","430","27941","2","legacy","1024","2","48000","-16","experiment","5","odd","present","752906","752905","NA","840354","1312","169234","903707","904226","1371","150289","161699","904226","904664","724900","903691","Fraction component detection task","557","335598","563","yes","1280"
"98.9361702128","98.9361702128","595.829787234","595.829787234","#808080","no","legacy","legacy","legacy","0","uniform","1","undefined","undefined","undefined","1","l","2","2","0","563","0","0","563","563","0","0","0","563","563","2","563","Fri Apr 27 13:03:26 2018","#757575","low","7","The main experiment item","yes","","experiment.osexp","/Users/tom/github/sft-fraction/procedure","no","mono","no","24","no","white","no","yes","800","legacy","131","131","2","/Users/tom/github/sft-fraction/results/data/subject-5a.csv","legacy","#000000","high","6","Jazzy James","3.1.9","0","l","NA","space","space","space","l","return","450","NA","148901","11392","7534","450","27941","2","legacy","1024","2","48000","-16","experiment","5","odd","present","752906","752905","NA","840354","1312","169234","904745","905261","1371","150289","161699","905262","905720","724900","904728","Fraction component detection task","558","336048","564","yes","1280"
"98.9380530973","98.9380530973","595.637168142","595.637168142","#808080","no","legacy","legacy","legacy","0","uniform","1","undefined","undefined","undefined","1","l","2","2","0","564","0","0","564","564","0","0","0","564","564","2","564","Fri Apr 27 13:03:26 2018","#000000","high","7","The main experiment item","yes","","experiment.osexp","/Users/tom/github/sft-fraction/procedure","no","mono","no","24","no","white","no","yes","800","legacy","132","132","2","/Users/tom/github/sft-fraction/results/data/subject-5a.csv","legacy","#757575","low","2","Jazzy James","3.1.9","0","l","NA","space","space","space","l","return","487","NA","148901","11392","7534","487","27941","2","legacy","1024","2","48000","-16","experiment","5","odd","present","752906","752905","NA","840354","1312","169234","905809","906328","1371","150289","161699","906329","906824","724900","905792","Fraction component detection task","559","336535","565","yes","1280"
"98.9399293286","98.9399293286","595.422261484","595.422261484","#808080","no","legacy","legacy","legacy","0","uniform","1","undefined","undefined","undefined","1","l","2","2","0","565","0","0","565","565","0","0","0","565","565","2","565","Fri Apr 27 13:03:26 2018","#757575","low","3","The main experiment item","yes","","experiment.osexp","/Users/tom/github/sft-fraction/procedure","no","mono","no","24","no","white","no","yes","800","legacy","133","133","2","/Users/tom/github/sft-fraction/results/data/subject-5a.csv","legacy","#757575","low","8","Jazzy James","3.1.9","0","l","NA","space","space","space","l","return","474","NA","148901","11392","7534","474","27941","2","legacy","1024","2","48000","-16","experiment","5","odd","present","752906","752905","NA","840354","1312","169234","906911","907429","1371","150289","161699","907430","907912","724900","906891","Fraction component detection task","560","337009","566","yes","1280"
"98.9417989418","98.9417989418","595.458553792","595.458553792","#808080","no","legacy","legacy","legacy","0","uniform","1","undefined","undefined","undefined","1","a","2","2","0","566","0","0","566","566","0","0","0","566","566","2","566","Fri Apr 27 13:03:26 2018","#000000","high","2","The main experiment item","yes","","experiment.osexp","/Users/tom/github/sft-fraction/procedure","no","mono","no","24","no","white","no","yes","800","legacy","134","134","2","/Users/tom/github/sft-fraction/results/data/subject-5a.csv","legacy","#757575","low","4","Jazzy James","3.1.9","0","a","NA","space","space","space","a","return","616","NA","148901","11392","7534","616","27941","2","legacy","1024","2","48000","-16","experiment","5","odd","absent","752906","752905","NA","840354","1312","169234","907995","908511","1371","150289","161699","908511","909135","724900","907978","Fraction component detection task","561","337625","567","yes","1280"
"98.9436619718","98.9436619718","595.204225352","595.204225352","#808080","no","legacy","legacy","legacy","0","uniform","1","undefined","undefined","undefined","1","l","2","2","0","567","0","0","567","567","0","0","0","567","567","2","567","Fri Apr 27 13:03:26 2018","#000000","high","8","The main experiment item","yes","","experiment.osexp","/Users/tom/github/sft-fraction/procedure","no","mono","no","24","no","white","no","yes","800","legacy","135","135","2","/Users/tom/github/sft-fraction/results/data/subject-5a.csv","legacy","#757575","low","8","Jazzy James","3.1.9","0","l","NA","space","space","space","l","return","451","NA","148901","11392","7534","451","27941","2","legacy","1024","2","48000","-16","experiment","5","odd","present","752906","752905","NA","840354","1312","169234","909224","909740","1371","150289","161699","909740","910199","724900","909207","Fraction component detection task","562","338076","568","yes","1280"
"98.9455184534","98.9455184534","595.314586995","595.314586995","#808080","no","legacy","legacy","legacy","0","uniform","1","undefined","undefined","undefined","1","l","2","2","0","568","0","0","568","568","0","0","0","568","568","2","568","Fri Apr 27 13:03:26 2018","#757575","low","6","The main experiment item","yes","","experiment.osexp","/Users/tom/github/sft-fraction/procedure","no","mono","no","24","no","white","no","yes","800","legacy","136","136","2","/Users/tom/github/sft-fraction/results/data/subject-5a.csv","legacy","#757575","low","6","Jazzy James","3.1.9","0","l","NA","space","space","space","l","return","658","NA","148901","11392","7534","658","27941","2","legacy","1024","2","48000","-16","experiment","5","odd","present","752906","752905","NA","840354","1312","169234","910281","910798","1371","150289","161699","910798","911464","724900","910266","Fraction component detection task","563","338734","569","yes","1280"
"98.9473684211","98.9473684211","595.2","595.2","#808080","no","legacy","legacy","legacy","0","uniform","1","undefined","undefined","undefined","1","a","2","2","0","569","0","0","569","569","0","0","0","569","569","2","569","Fri Apr 27 13:03:26 2018","#000000","high","4","The main experiment item","yes","","experiment.osexp","/Users/tom/github/sft-fraction/procedure","no","mono","no","24","no","white","no","yes","800","legacy","137","137","2","/Users/tom/github/sft-fraction/results/data/subject-5a.csv","legacy","#000000","high","4","Jazzy James","3.1.9","0","a","NA","space","space","space","a","return","530","NA","148901","11392","7534","530","27941","2","legacy","1024","2","48000","-16","experiment","5","odd","absent","752906","752905","NA","840354","1312","169234","911550","912070","1371","150289","161699","912070","912608","724900","911531","Fraction component detection task","564","339264","570","yes","1280"
"98.9492119089","98.9492119089","595.043782837","595.043782837","#808080","no","legacy","legacy","legacy","0","uniform","1","undefined","undefined","undefined","1","l","2","2","0","570","0","0","570","570","0","0","0","570","570","2","570","Fri Apr 27 13:03:26 2018","#757575","low","2","The main experiment item","yes","","experiment.osexp","/Users/tom/github/sft-fraction/procedure","no","mono","no","24","no","white","no","yes","800","legacy","138","138","2","/Users/tom/github/sft-fraction/results/data/subject-5a.csv","legacy","#757575","low","6","Jazzy James","3.1.9","0","l","NA","space","space","space","l","return","506","NA","148901","11392","7534","506","27941","2","legacy","1024","2","48000","-16","experiment","5","odd","present","752906","752905","NA","840354","1312","169234","912697","913213","1371","150289","161699","913214","913729","724900","912681","Fraction component detection task","565","339770","571","yes","1280"
"98.951048951","98.951048951","596.01048951","596.01048951","#808080","no","legacy","legacy","legacy","0","uniform","1","undefined","undefined","undefined","1","a","2","2","0","571","0","0","571","571","0","0","0","571","571","2","571","Fri Apr 27 13:03:26 2018","#000000","high","4","The main experiment item","yes","","experiment.osexp","/Users/tom/github/sft-fraction/procedure","no","mono","no","24","no","white","no","yes","800","legacy","139","139","2","/Users/tom/github/sft-fraction/results/data/subject-5a.csv","legacy","#000000","high","2","Jazzy James","3.1.9","0","a","NA","space","space","space","a","return","1148","NA","148901","11392","7534","1148","27941","2","legacy","1024","2","48000","-16","experiment","5","odd","absent","752906","752905","NA","840354","1312","169234","913813","914332","1371","150289","161699","914332","915490","724900","913797","Fraction component detection task","566","340918","572","yes","1280"
"98.9528795812","98.9528795812","596.017452007","596.017452007","#808080","no","legacy","legacy","legacy","0","uniform","1","undefined","undefined","undefined","1","a","2","2","0","572","0","0","572","572","0","0","0","572","572","2","572","Fri Apr 27 13:03:26 2018","#757575","low","2","The main experiment item","yes","","experiment.osexp","/Users/tom/github/sft-fraction/procedure","no","mono","no","24","no","white","no","yes","800","legacy","140","140","2","/Users/tom/github/sft-fraction/results/data/subject-5a.csv","legacy","#757575","low","3","Jazzy James","3.1.9","0","a","NA","space","space","space","a","return","600","NA","148901","11392","7534","600","27941","2","legacy","1024","2","48000","-16","experiment","5","odd","absent","752906","752905","NA","840354","1312","169234","915577","916096","1371","150289","161699","916096","916705","724900","915560","Fraction component detection task","567","341518","573","yes","1280"
"98.9547038328","98.9547038328","596.270034843","596.270034843","#808080","no","legacy","legacy","legacy","0","uniform","1","undefined","undefined","undefined","1","a","2","2","0","573","0","0","573","573","0","0","0","573","573","2","573","Fri Apr 27 13:03:26 2018","#000000","high","3","The main experiment item","yes","","experiment.osexp","/Users/tom/github/sft-fraction/procedure","no","mono","no","24","no","white","no","yes","800","legacy","141","141","2","/Users/tom/github/sft-fraction/results/data/subject-5a.csv","legacy","#757575","low","3","Jazzy James","3.1.9","0","a","NA","space","space","space","a","return","741","NA","148901","11392","7534","741","27941","2","legacy","1024","2","48000","-16","experiment","5","odd","absent","752906","752905","NA","840354","1312","169234","916787","917306","1371","150289","161699","917306","918056","724900","916771","Fraction component detection task","568","342259","574","yes","1280"
"98.9565217391","98.9565217391","596.573913043","596.573913043","#808080","no","legacy","legacy","legacy","0","uniform","1","undefined","undefined","undefined","1","a","2","2","0","574","0","0","574","574","0","0","0","574","574","2","574","Fri Apr 27 13:03:26 2018","#757575","low","4","The main experiment item","yes","","experiment.osexp","/Users/tom/github/sft-fraction/procedure","no","mono","no","24","no","white","no","yes","800","legacy","142","142","2","/Users/tom/github/sft-fraction/results/data/subject-5a.csv","legacy","#757575","low","4","Jazzy James","3.1.9","0","a","NA","space","space","space","a","return","771","NA","148901","11392","7534","771","27941","2","legacy","1024","2","48000","-16","experiment","5","odd","absent","752906","752905","NA","840354","1312","169234","918144","918661","1371","150289","161699","918661","919444","724900","918124","Fraction component detection task","569","343030","575","yes","1280"
"98.9583333333","98.9583333333","596.392361111","596.392361111","#808080","no","legacy","legacy","legacy","0","uniform","1","undefined","undefined","undefined","1","l","2","2","0","575","0","0","575","575","0","0","0","575","575","2","575","Fri Apr 27 13:03:26 2018","#000000","high","2","The main experiment item","yes","","experiment.osexp","/Users/tom/github/sft-fraction/procedure","no","mono","no","24","no","white","no","yes","800","legacy","143","143","2","/Users/tom/github/sft-fraction/results/data/subject-5a.csv","legacy","#000000","high","7","Jazzy James","3.1.9","0","l","NA","space","space","space","l","return","492","NA","148901","11392","7534","492","27941","2","legacy","1024","2","48000","-16","experiment","5","odd","present","752906","752905","NA","840354","1312","169234","919527","920044","1371","150289","161699","920044","920545","724900","919512","Fraction component detection task","570","343522","576","yes","1280"
"98.9601386482","98.9601386482","596.466204506","596.466204506","#808080","no","legacy","legacy","legacy","0","uniform","1","undefined","undefined","undefined","1","a","2","2","0","576","0","0","576","576","0","0","0","576","576","2","576","Fri Apr 27 13:03:26 2018","#757575","low","3","The main experiment item","yes","","experiment.osexp","/Users/tom/github/sft-fraction/procedure","no","mono","no","24","no","white","no","yes","800","legacy","144","144","2","/Users/tom/github/sft-fraction/results/data/subject-5a.csv","legacy","#000000","high","4","Jazzy James","3.1.9","0","a","NA","space","space","space","a","return","639","NA","148901","11392","7534","639","27941","2","legacy","1024","2","48000","-16","experiment","5","odd","absent","752906","752905","NA","840354","1312","169234","920630","921146","1371","150289","161699","921146","921796","724900","920611","Fraction component detection task","571","344161","577","yes","1280"
"98.9619377163","98.9619377163","596.266435986","596.266435986","#808080","no","legacy","legacy","legacy","0","uniform","1","undefined","undefined","undefined","1","l","2","2","0","577","0","0","577","577","0","0","0","577","577","2","577","Fri Apr 27 13:03:26 2018","#000000","high","7","The main experiment item","yes","","experiment.osexp","/Users/tom/github/sft-fraction/procedure","no","mono","no","24","no","white","no","yes","800","legacy","145","145","2","/Users/tom/github/sft-fraction/results/data/subject-5a.csv","legacy","#757575","low","8","Jazzy James","3.1.9","0","l","NA","space","space","space","l","return","481","NA","148901","11392","7534","481","27941","2","legacy","1024","2","48000","-16","experiment","5","odd","present","752906","752905","NA","840354","1312","169234","921887","922406","1371","150289","161699","922407","922897","724900","921866","Fraction component detection task","572","344642","578","yes","1280"
"98.9637305699","98.9637305699","595.986183074","595.986183074","#808080","no","legacy","legacy","legacy","0","uniform","1","undefined","undefined","undefined","1","a","2","2","0","578","0","0","578","578","0","0","0","578","578","2","578","Fri Apr 27 13:03:26 2018","#000000","high","2","The main experiment item","yes","","experiment.osexp","/Users/tom/github/sft-fraction/procedure","no","mono","no","24","no","white","no","yes","800","legacy","146","146","2","/Users/tom/github/sft-fraction/results/data/subject-5a.csv","legacy","#757575","low","2","Jazzy James","3.1.9","0","a","NA","space","space","space","a","return","434","NA","148901","11392","7534","434","27941","2","legacy","1024","2","48000","-16","experiment","5","odd","absent","752906","752905","NA","840354","1312","169234","922984","923502","1371","150289","161699","923502","923948","724900","922966","Fraction component detection task","573","345076","579","yes","1280"
"98.9655172414","98.9655172414","595.965517241","595.965517241","#808080","no","legacy","legacy","legacy","0","uniform","1","undefined","undefined","undefined","1","l","2","2","0","579","0","0","579","579","0","0","0","579","579","2","579","Fri Apr 27 13:03:26 2018","#757575","low","7","The main experiment item","yes","","experiment.osexp","/Users/tom/github/sft-fraction/procedure","no","mono","no","24","no","white","no","yes","800","legacy","147","147","2","/Users/tom/github/sft-fraction/results/data/subject-5a.csv","legacy","#000000","high","4","Jazzy James","3.1.9","0","l","NA","space","space","space","l","return","584","NA","148901","11392","7534","584","27941","2","legacy","1024","2","48000","-16","experiment","5","odd","present","752906","752905","NA","840354","1312","169234","924027","924544","1371","150289","161699","924544","925136","724900","924011","Fraction component detection task","574","345660","580","yes","1280"
"98.9672977625","98.9672977625","595.808950086","595.808950086","#808080","no","legacy","legacy","legacy","0","uniform","1","undefined","undefined","undefined","1","a","2","2","0","580","0","0","580","580","0","0","0","580","580","2","580","Fri Apr 27 13:03:26 2018","#757575","low","3","The main experiment item","yes","","experiment.osexp","/Users/tom/github/sft-fraction/procedure","no","mono","no","24","no","white","no","yes","800","legacy","148","148","2","/Users/tom/github/sft-fraction/results/data/subject-5a.csv","legacy","#757575","low","3","Jazzy James","3.1.9","0","a","NA","space","space","space","a","return","505","NA","148901","11392","7534","505","27941","2","legacy","1024","2","48000","-16","experiment","5","odd","absent","752906","752905","NA","840354","1312","169234","925217","925735","1371","150289","161699","925735","926248","724900","925202","Fraction component detection task","575","346165","581","yes","1280"
"98.9690721649","98.9690721649","595.804123711","595.804123711","#808080","no","legacy","legacy","legacy","0","uniform","1","undefined","undefined","undefined","1","l","2","2","0","581","0","0","581","581","0","0","0","581","581","2","581","Fri Apr 27 13:03:26 2018","#000000","high","8","The main experiment item","yes","","experiment.osexp","/Users/tom/github/sft-fraction/procedure","no","mono","no","24","no","white","no","yes","800","legacy","149","149","2","/Users/tom/github/sft-fraction/results/data/subject-5a.csv","legacy","#000000","high","7","Jazzy James","3.1.9","0","l","NA","space","space","space","l","return","593","NA","148901","11392","7534","593","27941","2","legacy","1024","2","48000","-16","experiment","5","odd","present","752906","752905","NA","840354","1312","169234","926331","926848","1371","150289","161699","926848","927449","724900","926315","Fraction component detection task","576","346758","582","yes","1280"
"98.9708404803","98.9708404803","595.761578045","595.761578045","#808080","no","legacy","legacy","legacy","0","uniform","1","undefined","undefined","undefined","1","l","2","2","0","582","0","0","582","582","0","0","0","582","582","2","582","Fri Apr 27 13:03:26 2018","#757575","low","7","The main experiment item","yes","","experiment.osexp","/Users/tom/github/sft-fraction/procedure","no","mono","no","24","no","white","no","yes","800","legacy","150","150","2","/Users/tom/github/sft-fraction/results/data/subject-5a.csv","legacy","#757575","low","2","Jazzy James","3.1.9","0","l","NA","space","space","space","l","return","571","NA","148901","11392","7534","571","27941","2","legacy","1024","2","48000","-16","experiment","5","odd","present","752906","752905","NA","840354","1312","169234","927536","928054","1371","150289","161699","928054","928634","724900","927518","Fraction component detection task","577","347329","583","yes","1280"
"98.9726027397","98.9726027397","595.556506849","595.556506849","#808080","no","legacy","legacy","legacy","0","uniform","1","undefined","undefined","undefined","1","l","2","2","0","583","0","0","583","583","0","0","0","583","583","2","583","Fri Apr 27 13:03:26 2018","#000000","high","7","The main experiment item","yes","","experiment.osexp","/Users/tom/github/sft-fraction/procedure","no","mono","no","24","no","white","no","yes","800","legacy","151","151","2","/Users/tom/github/sft-fraction/results/data/subject-5a.csv","legacy","#757575","low","3","Jazzy James","3.1.9","0","l","NA","space","space","space","l","return","476","NA","148901","11392","7534","476","27941","2","legacy","1024","2","48000","-16","experiment","5","odd","present","752906","752905","NA","840354","1312","169234","928718","929236","1371","150289","161699","929237","929721","724900","928703","Fraction component detection task","578","347805","584","yes","1280"
"98.9743589744","98.9743589744","595.290598291","595.290598291","#808080","no","legacy","legacy","legacy","0","uniform","1","undefined","undefined","undefined","1","l","2","2","0","584","0","0","584","584","0","0","0","584","584","2","584","Fri Apr 27 13:03:26 2018","#000000","high","7","The main experiment item","yes","","experiment.osexp","/Users/tom/github/sft-fraction/procedure","no","mono","no","24","no","white","no","yes","800","legacy","152","152","2","/Users/tom/github/sft-fraction/results/data/subject-5a.csv","legacy","#757575","low","6","Jazzy James","3.1.9","0","l","NA","space","space","space","l","return","440","NA","148901","11392","7534","440","27941","2","legacy","1024","2","48000","-16","experiment","5","odd","present","752906","752905","NA","840354","1312","169234","929803","930320","1371","150289","161699","930321","930774","724900","929787","Fraction component detection task","579","348245","585","yes","1280"
"98.976109215","98.976109215","595.196245734","595.196245734","#808080","no","legacy","legacy","legacy","0","uniform","1","undefined","undefined","undefined","1","l","2","2","0","585","0","0","585","585","0","0","0","585","585","2","585","Fri Apr 27 13:03:26 2018","#000000","high","6","The main experiment item","yes","","experiment.osexp","/Users/tom/github/sft-fraction/procedure","no","mono","no","24","no","white","no","yes","800","legacy","153","153","2","/Users/tom/github/sft-fraction/results/data/subject-5a.csv","legacy","#000000","high","7","Jazzy James","3.1.9","0","l","NA","space","space","space","l","return","540","NA","148901","11392","7534","540","27941","2","legacy","1024","2","48000","-16","experiment","5","odd","present","752906","752905","NA","840354","1312","169234","930864","931380","1371","150289","161699","931381","931929","724900","930846","Fraction component detection task","580","348785","586","yes","1280"
"98.9778534923","98.9778534923","595.238500852","595.238500852","#808080","no","legacy","legacy","legacy","0","uniform","1","undefined","undefined","undefined","1","l","2","2","0","586","0","0","586","586","0","0","0","586","586","2","586","Fri Apr 27 13:03:26 2018","#757575","low","8","The main experiment item","yes","","experiment.osexp","/Users/tom/github/sft-fraction/procedure","no","mono","no","24","no","white","no","yes","800","legacy","154","154","2","/Users/tom/github/sft-fraction/results/data/subject-5a.csv","legacy","#000000","high","2","Jazzy James","3.1.9","0","l","NA","space","space","space","l","return","620","NA","148901","11392","7534","620","27941","2","legacy","1024","2","48000","-16","experiment","5","odd","present","752906","752905","NA","840354","1312","169234","932014","932532","1371","150289","161699","932532","933164","724900","931998","Fraction component detection task","581","349405","587","yes","1280"
"98.9795918367","98.9795918367","595.287414966","595.287414966","#808080","no","legacy","legacy","legacy","0","uniform","1","undefined","undefined","undefined","1","a","2","2","0","587","0","0","587","587","0","0","0","587","587","2","587","Fri Apr 27 13:03:26 2018","#000000","high","3","The main experiment item","yes","","experiment.osexp","/Users/tom/github/sft-fraction/procedure","no","mono","no","24","no","white","no","yes","800","legacy","155","155","2","/Users/tom/github/sft-fraction/results/data/subject-5a.csv","legacy","#757575","low","3","Jazzy James","3.1.9","0","a","NA","space","space","space","a","return","624","NA","148901","11392","7534","624","27941","2","legacy","1024","2","48000","-16","experiment","5","odd","absent","752906","752905","NA","840354","1312","169234","933244","933761","1371","150289","161699","933761","934399","724900","933228","Fraction component detection task","582","350029","588","yes","1280"
"98.9813242784","98.9813242784","595.215619694","595.215619694","#808080","no","legacy","legacy","legacy","0","uniform","1","undefined","undefined","undefined","1","l","2","2","0","588","0","0","588","588","0","0","0","588","588","2","588","Fri Apr 27 13:03:26 2018","#000000","high","7","The main experiment item","yes","","experiment.osexp","/Users/tom/github/sft-fraction/procedure","no","mono","no","24","no","white","no","yes","800","legacy","156","156","2","/Users/tom/github/sft-fraction/results/data/subject-5a.csv","legacy","#000000","high","2","Jazzy James","3.1.9","0","l","NA","space","space","space","l","return","553","NA","148901","11392","7534","553","27941","2","legacy","1024","2","48000","-16","experiment","5","odd","present","752906","752905","NA","840354","1312","169234","934482","935000","1371","150289","161699","935000","935561","724900","934464","Fraction component detection task","583","350582","589","yes","1280"
"98.9830508475","98.9830508475","595.103389831","595.103389831","#808080","no","legacy","legacy","legacy","0","uniform","1","undefined","undefined","undefined","1","l","2","2","0","589","0","0","589","589","0","0","0","589","589","2","589","Fri Apr 27 13:03:26 2018","#000000","high","2","The main experiment item","yes","","experiment.osexp","/Users/tom/github/sft-fraction/procedure","no","mono","no","24","no","white","no","yes","800","legacy","157","157","2","/Users/tom/github/sft-fraction/results/data/subject-5a.csv","legacy","#757575","low","6","Jazzy James","3.1.9","0","l","NA","space","space","space","l","return","529","NA","148901","11392","7534","529","27941","2","legacy","1024","2","48000","-16","experiment","5","odd","present","752906","752905","NA","840354","1312","169234","935650","936168","1371","150289","161699","936168","936706","724900","935630","Fraction component detection task","584","351111","590","yes","1280"
"98.9847715736","98.9847715736","594.939086294","594.939086294","#808080","no","legacy","legacy","legacy","0","uniform","1","undefined","undefined","undefined","1","l","2","2","0","590","0","0","590","590","0","0","0","590","590","2","590","Fri Apr 27 13:03:26 2018","#000000","high","3","The main experiment item","yes","","experiment.osexp","/Users/tom/github/sft-fraction/procedure","no","mono","no","24","no","white","no","yes","800","legacy","158","158","2","/Users/tom/github/sft-fraction/results/data/subject-5a.csv","legacy","#000000","high","8","Jazzy James","3.1.9","0","l","NA","space","space","space","l","return","498","NA","148901","11392","7534","498","27941","2","legacy","1024","2","48000","-16","experiment","5","odd","present","752906","752905","NA","840354","1312","169234","936794","937311","1371","150289","161699","937311","937819","724900","936778","Fraction component detection task","585","351609","591","yes","1280"
"98.9864864865","98.9864864865","595.140202703","595.140202703","#808080","no","legacy","legacy","legacy","0","uniform","1","undefined","undefined","undefined","1","a","2","2","0","591","0","0","591","591","0","0","0","591","591","2","591","Fri Apr 27 13:03:26 2018","#000000","high","3","The main experiment item","yes","","experiment.osexp","/Users/tom/github/sft-fraction/procedure","no","mono","no","24","no","white","no","yes","800","legacy","159","159","2","/Users/tom/github/sft-fraction/results/data/subject-5a.csv","legacy","#757575","low","4","Jazzy James","3.1.9","0","a","NA","space","space","space","a","return","714","NA","148901","11392","7534","714","27941","2","legacy","1024","2","48000","-16","experiment","5","odd","absent","752906","752905","NA","840354","1312","169234","937903","938422","1371","150289","161699","938422","939148","724900","937887","Fraction component detection task","586","352323","592","yes","1280"
"98.9881956155","98.9881956155","597.704890388","597.704890388","#808080","no","legacy","legacy","legacy","0","uniform","1","undefined","undefined","undefined","1","l","2","2","0","592","0","0","592","592","0","0","0","592","592","2","592","Fri Apr 27 13:03:26 2018","#757575","low","7","The main experiment item","yes","","experiment.osexp","/Users/tom/github/sft-fraction/procedure","no","mono","no","24","no","white","no","yes","800","legacy","160","160","2","/Users/tom/github/sft-fraction/results/data/subject-5a.csv","legacy","#757575","low","6","Jazzy James","3.1.9","0","l","NA","space","space","space","l","return","2116","NA","148901","11392","7534","2116","27941","2","legacy","1024","2","48000","-16","experiment","5","odd","present","752906","752905","NA","840354","1312","169234","939231","939748","1371","150289","161699","939749","941874","724900","939214","Fraction component detection task","587","354439","593","yes","1280"
"98.9898989899","98.9898989899","597.617845118","597.617845118","#808080","no","legacy","legacy","legacy","0","uniform","1","undefined","undefined","undefined","1","a","2","2","0","593","0","0","593","593","0","0","0","593","593","2","593","Fri Apr 27 13:03:26 2018","#757575","low","3","The main experiment item","yes","","experiment.osexp","/Users/tom/github/sft-fraction/procedure","no","mono","no","24","no","white","no","yes","800","legacy","161","161","2","/Users/tom/github/sft-fraction/results/data/subject-5a.csv","legacy","#757575","low","3","Jazzy James","3.1.9","0","a","NA","space","space","space","a","return","546","NA","148901","11392","7534","546","27941","2","legacy","1024","2","48000","-16","experiment","5","odd","absent","752906","752905","NA","840354","1312","169234","941957","942478","1371","150289","161699","942478","943033","724900","941940","Fraction component detection task","588","354985","594","yes","1280"
"98.9915966387","98.9915966387","598.191596639","598.191596639","#808080","no","legacy","legacy","legacy","0","uniform","1","undefined","undefined","undefined","1","a","2","2","0","594","0","0","594","594","0","0","0","594","594","2","594","Fri Apr 27 13:03:26 2018","#000000","high","2","The main experiment item","yes","","experiment.osexp","/Users/tom/github/sft-fraction/procedure","no","mono","no","24","no","white","no","yes","800","legacy","162","162","2","/Users/tom/github/sft-fraction/results/data/subject-5a.csv","legacy","#757575","low","3","Jazzy James","3.1.9","0","a","NA","space","space","space","a","return","939","NA","148901","11392","7534","939","27941","2","legacy","1024","2","48000","-16","experiment","5","odd","absent","752906","752905","NA","840354","1312","169234","943121","943638","1371","150289","161699","943638","944586","724900","943104","Fraction component detection task","589","355924","595","yes","1280"
"98.9932885906","98.9932885906","598.275167785","598.275167785","#808080","no","legacy","legacy","legacy","0","uniform","1","undefined","undefined","undefined","1","l","2","2","0","595","0","0","595","595","0","0","0","595","595","2","595","Fri Apr 27 13:03:26 2018","#000000","high","3","The main experiment item","yes","","experiment.osexp","/Users/tom/github/sft-fraction/procedure","no","mono","no","24","no","white","no","yes","800","legacy","163","163","2","/Users/tom/github/sft-fraction/results/data/subject-5a.csv","legacy","#757575","low","8","Jazzy James","3.1.9","0","l","NA","space","space","space","l","return","648","NA","148901","11392","7534","648","27941","2","legacy","1024","2","48000","-16","experiment","5","odd","present","752906","752905","NA","840354","1312","169234","944669","945185","1371","150289","161699","945185","945842","724900","944653","Fraction component detection task","590","356572","596","yes","1280"
"98.9949748744","98.9949748744","598.170854271","598.170854271","#808080","no","legacy","legacy","legacy","0","uniform","1","undefined","undefined","undefined","1","a","2","2","0","596","0","0","596","596","0","0","0","596","596","2","596","Fri Apr 27 13:03:26 2018","#000000","high","4","The main experiment item","yes","","experiment.osexp","/Users/tom/github/sft-fraction/procedure","no","mono","no","24","no","white","no","yes","800","legacy","164","164","2","/Users/tom/github/sft-fraction/results/data/subject-5a.csv","legacy","#757575","low","2","Jazzy James","3.1.9","0","a","NA","space","space","space","a","return","536","NA","148901","11392","7534","536","27941","2","legacy","1024","2","48000","-16","experiment","5","odd","absent","752906","752905","NA","840354","1312","169234","945931","946449","1371","150289","161699","946449","946994","724900","945911","Fraction component detection task","591","357108","597","yes","1280"
"98.9966555184","98.9966555184","598.173913043","598.173913043","#808080","no","legacy","legacy","legacy","0","uniform","1","undefined","undefined","undefined","1","a","2","2","0","597","0","0","597","597","0","0","0","597","597","2","597","Fri Apr 27 13:03:26 2018","#000000","high","4","The main experiment item","yes","","experiment.osexp","/Users/tom/github/sft-fraction/procedure","no","mono","no","24","no","white","no","yes","800","legacy","165","165","2","/Users/tom/github/sft-fraction/results/data/subject-5a.csv","legacy","#757575","low","4","Jazzy James","3.1.9","0","a","NA","space","space","space","a","return","600","NA","148901","11392","7534","600","27941","2","legacy","1024","2","48000","-16","experiment","5","odd","absent","752906","752905","NA","840354","1312","169234","947077","947600","1371","150289","161699","947601","948210","724900","947060","Fraction component detection task","592","357708","598","yes","1280"
"98.9983305509","98.9983305509","597.989983306","597.989983306","#808080","no","legacy","legacy","legacy","0","uniform","1","undefined","undefined","undefined","1","a","2","2","0","598","0","0","598","598","0","0","0","598","598","2","598","Fri Apr 27 13:03:26 2018","#757575","low","4","The main experiment item","yes","","experiment.osexp","/Users/tom/github/sft-fraction/procedure","no","mono","no","24","no","white","no","yes","800","legacy","166","166","2","/Users/tom/github/sft-fraction/results/data/subject-5a.csv","legacy","#757575","low","4","Jazzy James","3.1.9","0","a","NA","space","space","space","a","return","488","NA","148901","11392","7534","488","27941","2","legacy","1024","2","48000","-16","experiment","5","odd","absent","752906","752905","NA","840354","1312","169234","948291","948809","1371","150289","161699","948809","949305","724900","948275","Fraction component detection task","593","358196","599","yes","1280"
"99","99","597.753333333","597.753333333","#808080","no","legacy","legacy","legacy","0","uniform","1","undefined","undefined","undefined","1","a","2","2","0","599","0","0","599","599","0","0","0","599","599","2","599","Fri Apr 27 13:03:26 2018","#757575","low","2","The main experiment item","yes","","experiment.osexp","/Users/tom/github/sft-fraction/procedure","no","mono","no","24","no","white","no","yes","800","legacy","167","167","2","/Users/tom/github/sft-fraction/results/data/subject-5a.csv","legacy","#000000","high","2","Jazzy James","3.1.9","0","a","NA","space","space","space","a","return","456","NA","148901","11392","7534","456","27941","2","legacy","1024","2","48000","-16","experiment","5","odd","absent","752906","752905","NA","840354","1312","169234","949388","949906","1371","150289","161699","949906","950371","724900","949372","Fraction component detection task","594","358652","600","yes","1280"
"99.0016638935","99.0016638935","597.635607321","597.635607321","#808080","no","legacy","legacy","legacy","0","uniform","1","undefined","undefined","undefined","1","l","2","2","0","600","0","0","600","600","0","0","0","600","600","2","600","Fri Apr 27 13:03:26 2018","#000000","high","8","The main experiment item","yes","","experiment.osexp","/Users/tom/github/sft-fraction/procedure","no","mono","no","24","no","white","no","yes","800","legacy","168","168","2","/Users/tom/github/sft-fraction/results/data/subject-5a.csv","legacy","#757575","low","3","Jazzy James","3.1.9","0","l","NA","space","space","space","l","return","527","NA","148901","11392","7534","527","27941","2","legacy","1024","2","48000","-16","experiment","5","odd","present","752906","752905","NA","840354","1312","169234","950454","950971","1371","150289","161699","950971","951507","724900","950438","Fraction component detection task","595","359179","601","yes","1280"
"99.0033222591","99.0033222591","597.408637874","597.408637874","#808080","no","legacy","legacy","legacy","0","uniform","1","undefined","undefined","undefined","1","a","2","2","0","601","0","0","601","601","0","0","0","601","601","2","601","Fri Apr 27 13:03:26 2018","#000000","high","2","The main experiment item","yes","","experiment.osexp","/Users/tom/github/sft-fraction/procedure","no","mono","no","24","no","white","no","yes","800","legacy","169","169","2","/Users/tom/github/sft-fraction/results/data/subject-5a.csv","legacy","#000000","high","2","Jazzy James","3.1.9","0","a","NA","space","space","space","a","return","461","NA","148901","11392","7534","461","27941","2","legacy","1024","2","48000","-16","experiment","5","odd","absent","752906","752905","NA","840354","1312","169234","951593","952109","1371","150289","161699","952109","952579","724900","951575","Fraction component detection task","596","359640","602","yes","1280"
"99.0049751244","99.0049751244","597.426202322","597.426202322","#808080","no","legacy","legacy","legacy","0","uniform","1","undefined","undefined","undefined","1","l","2","2","0","602","0","0","602","602","0","0","0","602","602","2","602","Fri Apr 27 13:03:26 2018","#757575","low","7","The main experiment item","yes","","experiment.osexp","/Users/tom/github/sft-fraction/procedure","no","mono","no","24","no","white","no","yes","800","legacy","170","170","2","/Users/tom/github/sft-fraction/results/data/subject-5a.csv","legacy","#757575","low","3","Jazzy James","3.1.9","0","l","NA","space","space","space","l","return","608","NA","148901","11392","7534","608","27941","2","legacy","1024","2","48000","-16","experiment","5","odd","present","752906","752905","NA","840354","1312","169234","952661","953178","1371","150289","161699","953178","953798","724900","952644","Fraction component detection task","597","360248","603","yes","1280"
"99.0066225166","99.0066225166","597.940397351","597.940397351","#808080","no","legacy","legacy","legacy","0","uniform","1","undefined","undefined","undefined","1","l","2","2","0","603","0","0","603","603","0","0","0","603","603","2","603","Fri Apr 27 13:03:26 2018","#757575","low","3","The main experiment item","yes","","experiment.osexp","/Users/tom/github/sft-fraction/procedure","no","mono","no","24","no","white","no","yes","800","legacy","171","171","2","/Users/tom/github/sft-fraction/results/data/subject-5a.csv","legacy","#757575","low","7","Jazzy James","3.1.9","0","l","NA","space","space","space","l","return","908","NA","148901","11392","7534","908","27941","2","legacy","1024","2","48000","-16","experiment","5","odd","present","752906","752905","NA","840354","1312","169234","953881","954397","1371","150289","161699","954397","955315","724900","953865","Fraction component detection task","598","361156","604","yes","1280"
"99.0082644628","99.0082644628","597.757024793","597.757024793","#808080","no","legacy","legacy","legacy","0","uniform","1","undefined","undefined","undefined","1","l","2","2","0","604","0","0","604","604","0","0","0","604","604","2","604","Fri Apr 27 13:03:26 2018","#757575","low","6","The main experiment item","yes","","experiment.osexp","/Users/tom/github/sft-fraction/procedure","no","mono","no","24","no","white","no","yes","800","legacy","172","172","2","/Users/tom/github/sft-fraction/results/data/subject-5a.csv","legacy","#000000","high","6","Jazzy James","3.1.9","0","l","NA","space","space","space","l","return","487","NA","148901","11392","7534","487","27941","2","legacy","1024","2","48000","-16","experiment","5","odd","present","752906","752905","NA","840354","1312","169234","955406","955923","1371","150289","161699","955923","956422","724900","955387","Fraction component detection task","599","361643","605","yes","1280"
"99.0099009901","99.0099009901","597.666666667","597.666666667","#808080","no","legacy","legacy","legacy","0","uniform","1","undefined","undefined","undefined","1","a","2","2","0","605","0","0","605","605","0","0","0","605","605","2","605","Fri Apr 27 13:03:26 2018","#000000","high","4","The main experiment item","yes","","experiment.osexp","/Users/tom/github/sft-fraction/procedure","no","mono","no","24","no","white","no","yes","800","legacy","173","173","2","/Users/tom/github/sft-fraction/results/data/subject-5a.csv","legacy","#757575","low","2","Jazzy James","3.1.9","0","a","NA","space","space","space","a","return","543","NA","148901","11392","7534","543","27941","2","legacy","1024","2","48000","-16","experiment","5","odd","absent","752906","752905","NA","840354","1312","169234","956511","957027","1371","150289","161699","957027","957579","724900","956490","Fraction component detection task","600","362186","606","yes","1280"
"99.0115321252","99.0115321252","597.654036244","597.654036244","#808080","no","legacy","legacy","legacy","0","uniform","1","undefined","undefined","undefined","1","a","2","2","0","606","0","0","606","606","0","0","0","606","606","2","606","Fri Apr 27 13:03:26 2018","#000000","high","4","The main experiment item","yes","","experiment.osexp","/Users/tom/github/sft-fraction/procedure","no","mono","no","24","no","white","no","yes","800","legacy","174","174","2","/Users/tom/github/sft-fraction/results/data/subject-5a.csv","legacy","#000000","high","2","Jazzy James","3.1.9","0","a","NA","space","space","space","a","return","590","NA","148901","11392","7534","590","27941","2","legacy","1024","2","48000","-16","experiment","5","odd","absent","752906","752905","NA","840354","1312","169234","957660","958179","1371","150289","161699","958180","958779","724900","957643","Fraction component detection task","601","362776","607","yes","1280"
"99.0131578947","99.0131578947","597.480263158","597.480263158","#808080","no","legacy","legacy","legacy","0","uniform","1","undefined","undefined","undefined","1","a","2","2","0","607","0","0","607","607","0","0","0","607","607","2","607","Fri Apr 27 13:03:26 2018","#000000","high","4","The main experiment item","yes","","experiment.osexp","/Users/tom/github/sft-fraction/procedure","no","mono","no","24","no","white","no","yes","800","legacy","175","175","2","/Users/tom/github/sft-fraction/results/data/subject-5a.csv","legacy","#000000","high","4","Jazzy James","3.1.9","0","a","NA","space","space","space","a","return","492","NA","148901","11392","7534","492","27941","2","legacy","1024","2","48000","-16","experiment","5","odd","absent","752906","752905","NA","840354","1312","169234","958864","959381","1371","150289","161699","959382","959883","724900","958848","Fraction component detection task","602","363268","608","yes","1280"
"99.0147783251","99.0147783251","597.402298851","597.402298851","#808080","no","legacy","legacy","legacy","0","uniform","1","undefined","undefined","undefined","1","l","2","2","0","608","0","0","608","608","0","0","0","608","608","2","608","Fri Apr 27 13:03:26 2018","#757575","low","7","The main experiment item","yes","","experiment.osexp","/Users/tom/github/sft-fraction/procedure","no","mono","no","24","no","white","no","yes","800","legacy","176","176","2","/Users/tom/github/sft-fraction/results/data/subject-5a.csv","legacy","#000000","high","8","Jazzy James","3.1.9","0","l","NA","space","space","space","l","return","550","NA","148901","11392","7534","550","27941","2","legacy","1024","2","48000","-16","experiment","5","odd","present","752906","752905","NA","840354","1312","169234","959967","960483","1371","150289","161699","960483","961042","724900","959950","Fraction component detection task","603","363818","609","yes","1280"
"99.0163934426","99.0163934426","597.380327869","597.380327869","#808080","no","legacy","legacy","legacy","0","uniform","1","undefined","undefined","undefined","1","a","2","2","0","609","0","0","609","609","0","0","0","609","609","2","609","Fri Apr 27 13:03:26 2018","#000000","high","2","The main experiment item","yes","","experiment.osexp","/Users/tom/github/sft-fraction/procedure","no","mono","no","24","no","white","no","yes","800","legacy","177","177","2","/Users/tom/github/sft-fraction/results/data/subject-5a.csv","legacy","#000000","high","3","Jazzy James","3.1.9","0","a","NA","space","space","space","a","return","584","NA","148901","11392","7534","584","27941","2","legacy","1024","2","48000","-16","experiment","5","odd","absent","752906","752905","NA","840354","1312","169234","961129","961649","1371","150289","161699","961649","962242","724900","961112","Fraction component detection task","604","364402","610","yes","1280"
"99.0180032733","99.0180032733","598.335515548","598.335515548","#808080","no","legacy","legacy","legacy","0","uniform","1","undefined","undefined","undefined","1","l","2","2","0","610","0","0","610","610","0","0","0","610","610","2","610","Fri Apr 27 13:03:26 2018","#000000","high","4","The main experiment item","yes","","experiment.osexp","/Users/tom/github/sft-fraction/procedure","no","mono","no","24","no","white","no","yes","800","legacy","178","178","2","/Users/tom/github/sft-fraction/results/data/subject-5a.csv","legacy","#757575","low","7","Jazzy James","3.1.9","0","l","NA","space","space","space","l","return","1181","NA","148901","11392","7534","1181","27941","2","legacy","1024","2","48000","-16","experiment","5","odd","present","752906","752905","NA","840354","1312","169234","962326","962844","1371","150289","161699","962844","964036","724900","962310","Fraction component detection task","605","365583","611","yes","1280"
"99.0196078431","99.0196078431","598.161764706","598.161764706","#808080","no","legacy","legacy","legacy","0","uniform","1","undefined","undefined","undefined","1","l","2","2","0","611","0","0","611","611","0","0","0","611","611","2","611","Fri Apr 27 13:03:26 2018","#757575","low","2","The main experiment item","yes","","experiment.osexp","/Users/tom/github/sft-fraction/procedure","no","mono","no","24","no","white","no","yes","800","legacy","179","179","2","/Users/tom/github/sft-fraction/results/data/subject-5a.csv","legacy","#757575","low","8","Jazzy James","3.1.9","0","l","NA","space","space","space","l","return","492","NA","148901","11392","7534","492","27941","2","legacy","1024","2","48000","-16","experiment","5","odd","present","752906","752905","NA","840354","1312","169234","964118","964638","1371","150289","161699","964638","965141","724900","964102","Fraction component detection task","606","366075","612","yes","1280"
"99.0212071778","99.0212071778","598.207177814","598.207177814","#808080","no","legacy","legacy","legacy","0","uniform","1","undefined","undefined","undefined","1","l","2","2","0","612","0","0","612","612","0","0","0","612","612","2","612","Fri Apr 27 13:03:26 2018","#000000","high","6","The main experiment item","yes","","experiment.osexp","/Users/tom/github/sft-fraction/procedure","no","mono","no","24","no","white","no","yes","800","legacy","180","180","2","/Users/tom/github/sft-fraction/results/data/subject-5a.csv","legacy","#000000","high","8","Jazzy James","3.1.9","0","l","NA","space","space","space","l","return","626","NA","148901","11392","7534","626","27941","2","legacy","1024","2","48000","-16","experiment","5","odd","present","752906","752905","NA","840354","1312","169234","965226","965744","1371","150289","161699","965744","966379","724900","965206","Fraction component detection task","607","366701","613","yes","1280"
"99.0228013029","99.0228013029","598.011400651","598.011400651","#808080","no","legacy","legacy","legacy","0","uniform","1","undefined","undefined","undefined","1","a","2","2","0","613","0","0","613","613","0","0","0","613","613","2","613","Fri Apr 27 13:03:26 2018","#000000","high","2","The main experiment item","yes","","experiment.osexp","/Users/tom/github/sft-fraction/procedure","no","mono","no","24","no","white","no","yes","800","legacy","181","181","2","/Users/tom/github/sft-fraction/results/data/subject-5a.csv","legacy","#757575","low","2","Jazzy James","3.1.9","0","a","NA","space","space","space","a","return","478","NA","148901","11392","7534","478","27941","2","legacy","1024","2","48000","-16","experiment","5","odd","absent","752906","752905","NA","840354","1312","169234","966461","966980","1371","150289","161699","966980","967467","724900","966445","Fraction component detection task","608","367179","614","yes","1280"
"99.0243902439","99.0243902439","597.923577236","597.923577236","#808080","no","legacy","legacy","legacy","0","uniform","1","undefined","undefined","undefined","1","a","2","2","0","614","0","0","614","614","0","0","0","614","614","2","614","Fri Apr 27 13:03:26 2018","#757575","low","4","The main experiment item","yes","","experiment.osexp","/Users/tom/github/sft-fraction/procedure","no","mono","no","24","no","white","no","yes","800","legacy","182","182","2","/Users/tom/github/sft-fraction/results/data/subject-5a.csv","legacy","#000000","high","3","Jazzy James","3.1.9","0","a","NA","space","space","space","a","return","544","NA","148901","11392","7534","544","27941","2","legacy","1024","2","48000","-16","experiment","5","odd","absent","752906","752905","NA","840354","1312","169234","967547","968065","1371","150289","161699","968066","968619","724900","967532","Fraction component detection task","609","367723","615","yes","1280"
"99.025974026","99.025974026","597.685064935","597.685064935","#808080","no","legacy","legacy","legacy","0","uniform","1","undefined","undefined","undefined","1","a","2","2","0","615","0","0","615","615","0","0","0","615","615","2","615","Fri Apr 27 13:03:26 2018","#000000","high","2","The main experiment item","yes","","experiment.osexp","/Users/tom/github/sft-fraction/procedure","no","mono","no","24","no","white","no","yes","800","legacy","183","183","2","/Users/tom/github/sft-fraction/results/data/subject-5a.csv","legacy","#757575","low","2","Jazzy James","3.1.9","0","a","NA","space","space","space","a","return","451","NA","148901","11392","7534","451","27941","2","legacy","1024","2","48000","-16","experiment","5","odd","absent","752906","752905","NA","840354","1312","169234","968704","969223","1371","150289","161699","969223","969683","724900","968685","Fraction component detection task","610","368174","616","yes","1280"
"99.0275526742","99.0275526742","597.38897893","597.38897893","#808080","no","legacy","legacy","legacy","0","uniform","1","undefined","undefined","undefined","1","a","2","2","0","616","0","0","616","616","0","0","0","616","616","2","616","Fri Apr 27 13:03:26 2018","#000000","high","4","The main experiment item","yes","","experiment.osexp","/Users/tom/github/sft-fraction/procedure","no","mono","no","24","no","white","no","yes","800","legacy","184","184","2","/Users/tom/github/sft-fraction/results/data/subject-5a.csv","legacy","#000000","high","4","Jazzy James","3.1.9","0","a","NA","space","space","space","a","return","415","NA","148901","11392","7534","415","27941","2","legacy","1024","2","48000","-16","experiment","5","odd","absent","752906","752905","NA","840354","1312","169234","969766","970284","1371","150289","161699","970284","970708","724900","969749","Fraction component detection task","611","368589","617","yes","1280"
"99.0291262136","99.0291262136","597.252427184","597.252427184","#808080","no","legacy","legacy","legacy","0","uniform","1","undefined","undefined","undefined","1","a","2","2","0","617","0","0","617","617","0","0","0","617","617","2","617","Fri Apr 27 13:03:26 2018","#757575","low","2","The main experiment item","yes","","experiment.osexp","/Users/tom/github/sft-fraction/procedure","no","mono","no","24","no","white","no","yes","800","legacy","185","185","2","/Users/tom/github/sft-fraction/results/data/subject-5a.csv","legacy","#000000","high","3","Jazzy James","3.1.9","0","a","NA","space","space","space","a","return","513","NA","148901","11392","7534","513","27941","2","legacy","1024","2","48000","-16","experiment","5","odd","absent","752906","752905","NA","840354","1312","169234","970788","971305","1371","150289","161699","971306","971828","724900","970772","Fraction component detection task","612","369102","618","yes","1280"
"99.0306946688","99.0306946688","597.004846527","597.004846527","#808080","no","legacy","legacy","legacy","0","uniform","1","undefined","undefined","undefined","1","a","2","2","0","618","0","0","618","618","0","0","0","618","618","2","618","Fri Apr 27 13:03:26 2018","#757575","low","3","The main experiment item","yes","","experiment.osexp","/Users/tom/github/sft-fraction/procedure","no","mono","no","24","no","white","no","yes","800","legacy","186","186","2","/Users/tom/github/sft-fraction/results/data/subject-5a.csv","legacy","#757575","low","2","Jazzy James","3.1.9","0","a","NA","space","space","space","a","return","444","NA","148901","11392","7534","444","27941","2","legacy","1024","2","48000","-16","experiment","5","odd","absent","752906","752905","NA","840354","1312","169234","971911","972431","1371","150289","161699","972431","972884","724900","971895","Fraction component detection task","613","369546","619","yes","1280"
"99.0322580645","99.0322580645","596.859677419","596.859677419","#808080","no","legacy","legacy","legacy","0","uniform","1","undefined","undefined","undefined","1","a","2","2","0","619","0","0","619","619","0","0","0","619","619","2","619","Fri Apr 27 13:03:26 2018","#757575","low","4","The main experiment item","yes","","experiment.osexp","/Users/tom/github/sft-fraction/procedure","no","mono","no","24","no","white","no","yes","800","legacy","187","187","2","/Users/tom/github/sft-fraction/results/data/subject-5a.csv","legacy","#757575","low","4","Jazzy James","3.1.9","0","a","NA","space","space","space","a","return","507","NA","148901","11392","7534","507","27941","2","legacy","1024","2","48000","-16","experiment","5","odd","absent","752906","752905","NA","840354","1312","169234","972971","973488","1371","150289","161699","973488","974007","724900","972954","Fraction component detection task","614","370053","620","yes","1280"
"99.0338164251","99.0338164251","596.698872786","596.698872786","#808080","no","legacy","legacy","legacy","0","uniform","1","undefined","undefined","undefined","1","a","2","2","0","620","0","0","620","620","0","0","0","620","620","2","620","Fri Apr 27 13:03:26 2018","#757575","low","2","The main experiment item","yes","","experiment.osexp","/Users/tom/github/sft-fraction/procedure","no","mono","no","24","no","white","no","yes","800","legacy","188","188","2","/Users/tom/github/sft-fraction/results/data/subject-5a.csv","legacy","#000000","high","4","Jazzy James","3.1.9","0","a","NA","space","space","space","a","return","497","NA","148901","11392","7534","497","27941","2","legacy","1024","2","48000","-16","experiment","5","odd","absent","752906","752905","NA","840354","1312","169234","974092","974609","1371","150289","161699","974609","975115","724900","974076","Fraction component detection task","615","370550","621","yes","1280"
"99.0353697749","99.0353697749","596.538585209","596.538585209","#808080","no","legacy","legacy","legacy","0","uniform","1","undefined","undefined","undefined","1","l","2","2","0","621","0","0","621","621","0","0","0","621","621","2","621","Fri Apr 27 13:03:26 2018","#757575","low","8","The main experiment item","yes","","experiment.osexp","/Users/tom/github/sft-fraction/procedure","no","mono","no","24","no","white","no","yes","800","legacy","189","189","2","/Users/tom/github/sft-fraction/results/data/subject-5a.csv","legacy","#757575","low","6","Jazzy James","3.1.9","0","l","NA","space","space","space","l","return","497","NA","148901","11392","7534","497","27941","2","legacy","1024","2","48000","-16","experiment","5","odd","present","752906","752905","NA","840354","1312","169234","975196","975713","1371","150289","161699","975713","976219","724900","975181","Fraction component detection task","616","371047","622","yes","1280"
"99.036918138","99.036918138","596.518459069","596.518459069","#808080","no","legacy","legacy","legacy","0","uniform","1","undefined","undefined","undefined","1","a","2","2","0","622","0","0","622","622","0","0","0","622","622","2","622","Fri Apr 27 13:03:26 2018","#757575","low","4","The main experiment item","yes","","experiment.osexp","/Users/tom/github/sft-fraction/procedure","no","mono","no","24","no","white","no","yes","800","legacy","190","190","2","/Users/tom/github/sft-fraction/results/data/subject-5a.csv","legacy","#000000","high","4","Jazzy James","3.1.9","0","a","NA","space","space","space","a","return","584","NA","148901","11392","7534","584","27941","2","legacy","1024","2","48000","-16","experiment","5","odd","absent","752906","752905","NA","840354","1312","169234","976301","976819","1371","150289","161699","976819","977412","724900","976285","Fraction component detection task","617","371631","623","yes","1280"
"99.0384615385","99.0384615385","596.34775641","596.34775641","#808080","no","legacy","legacy","legacy","0","uniform","1","undefined","undefined","undefined","1","l","2","2","0","623","0","0","623","623","0","0","0","623","623","2","623","Fri Apr 27 13:03:26 2018","#000000","high","6","The main experiment item","yes","","experiment.osexp","/Users/tom/github/sft-fraction/procedure","no","mono","no","24","no","white","no","yes","800","legacy","191","191","2","/Users/tom/github/sft-fraction/results/data/subject-5a.csv","legacy","#000000","high","6","Jazzy James","3.1.9","0","l","NA","space","space","space","l","return","490","NA","148901","11392","7534","490","27941","2","legacy","1024","2","48000","-16","experiment","5","odd","present","752906","752905","NA","840354","1312","169234","977493","978009","1371","150289","161699","978009","978508","724900","977477","Fraction component detection task","618","372121","624","yes","1280"
"99.04","99.04","596.4832","596.4832","#808080","no","legacy","legacy","legacy","0","uniform","1","undefined","undefined","undefined","1","l","2","2","0","624","0","0","624","624","0","0","0","624","624","2","624","Fri Apr 27 13:03:26 2018","#757575","low","8","The main experiment item","yes","","experiment.osexp","/Users/tom/github/sft-fraction/procedure","no","mono","no","24","no","white","no","yes","800","legacy","192","192","2","/Users/tom/github/sft-fraction/results/data/subject-5a.csv","legacy","#000000","high","4","Jazzy James","3.1.9","0","l","NA","space","space","space","l","return","681","NA","148901","11392","7534","681","27941","2","legacy","1024","2","48000","-16","experiment","5","odd","present","752906","752905","NA","840354","1312","169234","978594","979113","1371","150289","161699","979114","979805","724900","978576","Fraction component detection task","619","372802","625","yes","1280"
"99.0415335463","99.0415335463","596.453674121","596.453674121","#808080","no","legacy","legacy","legacy","0","uniform","1","undefined","undefined","undefined","1","l","2","2","0","625","0","0","625","625","0","0","0","625","625","2","625","Fri Apr 27 13:03:26 2018","#000000","high","8","The main experiment item","yes","","experiment.osexp","/Users/tom/github/sft-fraction/procedure","no","mono","no","24","no","white","no","yes","800","legacy","193","193","2","/Users/tom/github/sft-fraction/results/data/subject-5a.csv","legacy","#757575","low","6","Jazzy James","3.1.9","0","l","NA","space","space","space","l","return","578","NA","148901","11392","7534","578","27941","2","legacy","1024","2","48000","-16","experiment","5","odd","present","752906","752905","NA","840354","1312","169234","979890","980409","1371","150289","161699","980409","980996","724900","979875","Fraction component detection task","620","373380","626","yes","1280"
"99.043062201","99.043062201","596.39553429","596.39553429","#808080","no","legacy","legacy","legacy","0","uniform","1","undefined","undefined","undefined","1","a","2","2","0","626","0","0","626","626","0","0","0","626","626","2","626","Fri Apr 27 13:03:26 2018","#757575","low","3","The main experiment item","yes","","experiment.osexp","/Users/tom/github/sft-fraction/procedure","no","mono","no","24","no","white","no","yes","800","legacy","194","194","2","/Users/tom/github/sft-fraction/results/data/subject-5a.csv","legacy","#757575","low","4","Jazzy James","3.1.9","0","a","NA","space","space","space","a","return","560","NA","148901","11392","7534","560","27941","2","legacy","1024","2","48000","-16","experiment","5","odd","absent","752906","752905","NA","840354","1312","169234","981084","981601","1371","150289","161699","981602","982171","724900","981068","Fraction component detection task","621","373940","627","yes","1280"
"99.0445859873","99.0445859873","596.441082803","596.441082803","#808080","no","legacy","legacy","legacy","0","uniform","1","undefined","undefined","undefined","1","l","2","2","0","627","0","0","627","627","0","0","0","627","627","2","627","Fri Apr 27 13:03:26 2018","#000000","high","6","The main experiment item","yes","","experiment.osexp","/Users/tom/github/sft-fraction/procedure","no","mono","no","24","no","white","no","yes","800","legacy","195","195","2","/Users/tom/github/sft-fraction/results/data/subject-5a.csv","legacy","#757575","low","7","Jazzy James","3.1.9","0","l","NA","space","space","space","l","return","625","NA","148901","11392","7534","625","27941","2","legacy","1024","2","48000","-16","experiment","5","odd","present","752906","752905","NA","840354","1312","169234","982259","982778","1371","150289","161699","982778","983412","724900","982242","Fraction component detection task","622","374565","628","yes","1280"
"99.0461049285","99.0461049285","596.275039746","596.275039746","#808080","no","legacy","legacy","legacy","0","uniform","1","undefined","undefined","undefined","1","l","2","2","0","628","0","0","628","628","0","0","0","628","628","2","628","Fri Apr 27 13:03:26 2018","#757575","low","4","The main experiment item","yes","","experiment.osexp","/Users/tom/github/sft-fraction/procedure","no","mono","no","24","no","white","no","yes","800","legacy","196","196","2","/Users/tom/github/sft-fraction/results/data/subject-5a.csv","legacy","#000000","high","6","Jazzy James","3.1.9","0","l","NA","space","space","space","l","return","492","NA","148901","11392","7534","492","27941","2","legacy","1024","2","48000","-16","experiment","5","odd","present","752906","752905","NA","840354","1312","169234","983500","984015","1371","150289","161699","984015","984519","724900","983478","Fraction component detection task","623","375057","629","yes","1280"
"99.0476190476","99.0476190476","596.144444444","596.144444444","#808080","no","legacy","legacy","legacy","0","uniform","1","undefined","undefined","undefined","1","a","2","2","0","629","0","0","629","629","0","0","0","629","629","2","629","Fri Apr 27 13:03:26 2018","#000000","high","4","The main experiment item","yes","","experiment.osexp","/Users/tom/github/sft-fraction/procedure","no","mono","no","24","no","white","no","yes","800","legacy","197","197","2","/Users/tom/github/sft-fraction/results/data/subject-5a.csv","legacy","#757575","low","3","Jazzy James","3.1.9","0","a","NA","space","space","space","a","return","514","NA","148901","11392","7534","514","27941","2","legacy","1024","2","48000","-16","experiment","5","odd","absent","752906","752905","NA","840354","1312","169234","984603","985121","1371","150289","161699","985121","985645","724900","984585","Fraction component detection task","624","375571","630","yes","1280"
"99.0491283677","99.0491283677","595.896988906","595.896988906","#808080","no","legacy","legacy","legacy","0","uniform","1","undefined","undefined","undefined","1","a","2","2","0","630","0","0","630","630","0","0","0","630","630","2","630","Fri Apr 27 13:03:26 2018","#000000","high","4","The main experiment item","yes","","experiment.osexp","/Users/tom/github/sft-fraction/procedure","no","mono","no","24","no","white","no","yes","800","legacy","198","198","2","/Users/tom/github/sft-fraction/results/data/subject-5a.csv","legacy","#757575","low","4","Jazzy James","3.1.9","0","a","NA","space","space","space","a","return","440","NA","148901","11392","7534","440","27941","2","legacy","1024","2","48000","-16","experiment","5","odd","absent","752906","752905","NA","840354","1312","169234","985727","986243","1371","150289","161699","986243","986693","724900","985711","Fraction component detection task","625","376011","631","yes","1280"
"99.0506329114","99.0506329114","595.751582278","595.751582278","#808080","no","legacy","legacy","legacy","0","uniform","1","undefined","undefined","undefined","1","l","2","2","0","631","0","0","631","631","0","0","0","631","631","2","631","Fri Apr 27 13:03:26 2018","#000000","high","7","The main experiment item","yes","","experiment.osexp","/Users/tom/github/sft-fraction/procedure","no","mono","no","24","no","white","no","yes","800","legacy","199","199","2","/Users/tom/github/sft-fraction/results/data/subject-5a.csv","legacy","#757575","low","4","Jazzy James","3.1.9","0","l","NA","space","space","space","l","return","504","NA","148901","11392","7534","504","27941","2","legacy","1024","2","48000","-16","experiment","5","odd","present","752906","752905","NA","840354","1312","169234","986775","987291","1371","150289","161699","987291","987805","724900","986759","Fraction component detection task","626","376515","632","yes","1280"
"99.0521327014","99.0521327014","595.714060032","595.714060032","#808080","no","legacy","legacy","legacy","0","uniform","1","undefined","undefined","undefined","1","a","2","2","0","632","0","0","632","632","0","0","0","632","632","2","632","Fri Apr 27 13:03:26 2018","#000000","high","3","The main experiment item","yes","","experiment.osexp","/Users/tom/github/sft-fraction/procedure","no","mono","no","24","no","white","no","yes","800","legacy","200","200","2","/Users/tom/github/sft-fraction/results/data/subject-5a.csv","legacy","#000000","high","4","Jazzy James","3.1.9","0","a","NA","space","space","space","a","return","572","NA","148901","11392","7534","572","27941","2","legacy","1024","2","48000","-16","experiment","5","odd","absent","752906","752905","NA","840354","1312","169234","987890","988407","1371","150289","161699","988407","988989","724900","987873","Fraction component detection task","627","377087","633","yes","1280"
"99.0536277603","99.0536277603","595.648264984","595.648264984","#808080","no","legacy","legacy","legacy","0","uniform","1","undefined","undefined","undefined","1","l","2","2","0","633","0","0","633","633","0","0","0","633","633","2","633","Fri Apr 27 13:03:26 2018","#000000","high","6","The main experiment item","yes","","experiment.osexp","/Users/tom/github/sft-fraction/procedure","no","mono","no","24","no","white","no","yes","800","legacy","201","201","2","/Users/tom/github/sft-fraction/results/data/subject-5a.csv","legacy","#757575","low","3","Jazzy James","3.1.9","0","l","NA","space","space","space","l","return","554","NA","148901","11392","7534","554","27941","2","legacy","1024","2","48000","-16","experiment","5","odd","present","752906","752905","NA","840354","1312","169234","989072","989592","1371","150289","161699","989592","990156","724900","989056","Fraction component detection task","628","377641","634","yes","1280"
"99.0551181102","99.0551181102","595.48503937","595.48503937","#808080","no","legacy","legacy","legacy","0","uniform","1","undefined","undefined","undefined","1","l","2","2","0","634","0","0","634","634","0","0","0","634","634","2","634","Fri Apr 27 13:03:26 2018","#757575","low","4","The main experiment item","yes","","experiment.osexp","/Users/tom/github/sft-fraction/procedure","no","mono","no","24","no","white","no","yes","800","legacy","202","202","2","/Users/tom/github/sft-fraction/results/data/subject-5a.csv","legacy","#757575","low","8","Jazzy James","3.1.9","0","l","NA","space","space","space","l","return","492","NA","148901","11392","7534","492","27941","2","legacy","1024","2","48000","-16","experiment","5","odd","present","752906","752905","NA","840354","1312","169234","990237","990758","1371","150289","161699","990758","991260","724900","990222","Fraction component detection task","629","378133","635","yes","1280"
"99.0566037736","99.0566037736","595.268867925","595.268867925","#808080","no","legacy","legacy","legacy","0","uniform","1","undefined","undefined","undefined","1","l","2","2","0","635","0","0","635","635","0","0","0","635","635","2","635","Fri Apr 27 13:03:26 2018","#000000","high","6","The main experiment item","yes","","experiment.osexp","/Users/tom/github/sft-fraction/procedure","no","mono","no","24","no","white","no","yes","800","legacy","203","203","2","/Users/tom/github/sft-fraction/results/data/subject-5a.csv","legacy","#000000","high","3","Jazzy James","3.1.9","0","l","NA","space","space","space","l","return","458","NA","148901","11392","7534","458","27941","2","legacy","1024","2","48000","-16","experiment","5","odd","present","752906","752905","NA","840354","1312","169234","991347","991865","1371","150289","161699","991865","992333","724900","991331","Fraction component detection task","630","378591","636","yes","1280"
"99.0580847724","99.0580847724","595.006279435","595.006279435","#808080","no","legacy","legacy","legacy","0","uniform","1","undefined","undefined","undefined","1","l","2","2","0","636","0","0","636","636","0","0","0","636","636","2","636","Fri Apr 27 13:03:26 2018","#757575","low","3","The main experiment item","yes","","experiment.osexp","/Users/tom/github/sft-fraction/procedure","no","mono","no","24","no","white","no","yes","800","legacy","204","204","2","/Users/tom/github/sft-fraction/results/data/subject-5a.csv","legacy","#757575","low","6","Jazzy James","3.1.9","0","l","NA","space","space","space","l","return","428","NA","148901","11392","7534","428","27941","2","legacy","1024","2","48000","-16","experiment","5","odd","present","752906","752905","NA","840354","1312","169234","992420","992936","1371","150289","161699","992936","993373","724900","992401","Fraction component detection task","631","379019","637","yes","1280"
"99.0595611285","99.0595611285","594.810344828","594.810344828","#808080","no","legacy","legacy","legacy","0","uniform","1","undefined","undefined","undefined","1","l","2","2","0","637","0","0","637","637","0","0","0","637","637","2","637","Fri Apr 27 13:03:26 2018","#000000","high","6","The main experiment item","yes","","experiment.osexp","/Users/tom/github/sft-fraction/procedure","no","mono","no","24","no","white","no","yes","800","legacy","205","205","2","/Users/tom/github/sft-fraction/results/data/subject-5a.csv","legacy","#757575","low","4","Jazzy James","3.1.9","0","l","NA","space","space","space","l","return","470","NA","148901","11392","7534","470","27941","2","legacy","1024","2","48000","-16","experiment","5","odd","present","752906","752905","NA","840354","1312","169234","993455","993974","1371","150289","161699","993974","994454","724900","993439","Fraction component detection task","632","379489","638","yes","1280"
"99.0610328638","99.0610328638","594.72143975","594.72143975","#808080","no","legacy","legacy","legacy","0","uniform","1","undefined","undefined","undefined","1","l","2","2","0","638","0","0","638","638","0","0","0","638","638","2","638","Fri Apr 27 13:03:26 2018","#757575","low","7","The main experiment item","yes","","experiment.osexp","/Users/tom/github/sft-fraction/procedure","no","mono","no","24","no","white","no","yes","800","legacy","206","206","2","/Users/tom/github/sft-fraction/results/data/subject-5a.csv","legacy","#757575","low","8","Jazzy James","3.1.9","0","l","NA","space","space","space","l","return","538","NA","148901","11392","7534","538","27941","2","legacy","1024","2","48000","-16","experiment","5","odd","present","752906","752905","NA","840354","1312","169234","994541","995057","1371","150289","161699","995058","995605","724900","994524","Fraction component detection task","633","380027","639","yes","1280"
"99.0625","99.0625","594.6234375","594.6234375","#808080","no","legacy","legacy","legacy","0","uniform","1","undefined","undefined","undefined","1","a","2","2","0","639","0","0","639","639","0","0","0","639","639","2","639","Fri Apr 27 13:03:26 2018","#757575","low","2","The main experiment item","yes","","experiment.osexp","/Users/tom/github/sft-fraction/procedure","no","mono","no","24","no","white","no","yes","800","legacy","207","207","2","/Users/tom/github/sft-fraction/results/data/subject-5a.csv","legacy","#757575","low","2","Jazzy James","3.1.9","0","a","NA","space","space","space","a","return","532","NA","148901","11392","7534","532","27941","2","legacy","1024","2","48000","-16","experiment","5","odd","absent","752906","752905","NA","840354","1312","169234","995691","996208","1371","150289","161699","996208","996749","724900","995673","Fraction component detection task","634","380559","640","yes","1280"
"99.0639625585","99.0639625585","594.767550702","594.767550702","#808080","no","legacy","legacy","legacy","0","uniform","1","undefined","undefined","undefined","1","a","2","2","0","640","0","0","640","640","0","0","0","640","640","2","640","Fri Apr 27 13:03:26 2018","#757575","low","2","The main experiment item","yes","","experiment.osexp","/Users/tom/github/sft-fraction/procedure","no","mono","no","24","no","white","no","yes","800","legacy","208","208","2","/Users/tom/github/sft-fraction/results/data/subject-5a.csv","legacy","#757575","low","3","Jazzy James","3.1.9","0","a","NA","space","space","space","a","return","687","NA","148901","11392","7534","687","27941","2","legacy","1024","2","48000","-16","experiment","5","odd","absent","752906","752905","NA","840354","1312","169234","996836","997356","1371","150289","161699","997356","998052","724900","996819","Fraction component detection task","635","381246","641","yes","1280"
"99.0654205607","99.0654205607","594.470404984","594.470404984","#808080","no","legacy","legacy","legacy","0","uniform","1","undefined","undefined","undefined","1","a","2","2","0","641","0","0","641","641","0","0","0","641","641","2","641","Fri Apr 27 13:03:26 2018","#757575","low","2","The main experiment item","yes","","experiment.osexp","/Users/tom/github/sft-fraction/procedure","no","mono","no","24","no","white","no","yes","800","legacy","209","209","2","/Users/tom/github/sft-fraction/results/data/subject-5a.csv","legacy","#757575","low","4","Jazzy James","3.1.9","0","a","NA","space","space","space","a","return","404","NA","148901","11392","7534","404","27941","2","legacy","1024","2","48000","-16","experiment","5","odd","absent","752906","752905","NA","840354","1312","169234","998138","998655","1371","150289","161699","998655","999070","724900","998122","Fraction component detection task","636","381650","642","yes","1280"
"99.066874028","99.066874028","594.259720062","594.259720062","#808080","no","legacy","legacy","legacy","0","uniform","1","undefined","undefined","undefined","1","a","2","2","0","642","0","0","642","642","0","0","0","642","642","2","642","Fri Apr 27 13:03:26 2018","#757575","low","4","The main experiment item","yes","","experiment.osexp","/Users/tom/github/sft-fraction/procedure","no","mono","no","24","no","white","no","yes","800","legacy","210","210","2","/Users/tom/github/sft-fraction/results/data/subject-5a.csv","legacy","#757575","low","2","Jazzy James","3.1.9","0","a","NA","space","space","space","a","return","459","NA","148901","11392","7534","459","27941","2","legacy","1024","2","48000","-16","experiment","5","odd","absent","752906","752905","NA","840354","1312","169234","999155","999672","1371","150289","161699","999672","1000140","724900","999138","Fraction component detection task","637","382109","643","yes","1280"
"99.0683229814","99.0683229814","593.99378882","593.99378882","#808080","no","legacy","legacy","legacy","0","uniform","1","undefined","undefined","undefined","1","a","2","2","0","643","0","0","643","643","0","0","0","643","643","2","643","Fri Apr 27 13:03:26 2018","#757575","low","4","The main experiment item","yes","","experiment.osexp","/Users/tom/github/sft-fraction/procedure","no","mono","no","24","no","white","no","yes","800","legacy","211","211","2","/Users/tom/github/sft-fraction/results/data/subject-5a.csv","legacy","#000000","high","2","Jazzy James","3.1.9","0","a","NA","space","space","space","a","return","423","NA","148901","11392","7534","423","27941","2","legacy","1024","2","48000","-16","experiment","5","odd","absent","752906","752905","NA","840354","1312","169234","1000223","1000740","1371","150289","161699","1000740","1001172","724900","1000207","Fraction component detection task","638","382532","644","yes","1280"
"99.0697674419","99.0697674419","593.868217054","593.868217054","#808080","no","legacy","legacy","legacy","0","uniform","1","undefined","undefined","undefined","1","a","2","2","0","644","0","0","644","644","0","0","0","644","644","2","644","Fri Apr 27 13:03:26 2018","#757575","low","3","The main experiment item","yes","","experiment.osexp","/Users/tom/github/sft-fraction/procedure","no","mono","no","24","no","white","no","yes","800","legacy","212","212","2","/Users/tom/github/sft-fraction/results/data/subject-5a.csv","legacy","#757575","low","3","Jazzy James","3.1.9","0","a","NA","space","space","space","a","return","513","NA","148901","11392","7534","513","27941","2","legacy","1024","2","48000","-16","experiment","5","odd","absent","752906","752905","NA","840354","1312","169234","1001252","1001770","1371","150289","161699","1001770","1002297","724900","1001236","Fraction component detection task","639","383045","645","yes","1280"
"99.0712074303","99.0712074303","593.795665635","593.795665635","#808080","no","legacy","legacy","legacy","0","uniform","1","undefined","undefined","undefined","1","l","2","2","0","645","0","0","645","645","0","0","0","645","645","2","645","Fri Apr 27 13:03:26 2018","#757575","low","8","The main experiment item","yes","","experiment.osexp","/Users/tom/github/sft-fraction/procedure","no","mono","no","24","no","white","no","yes","800","legacy","213","213","2","/Users/tom/github/sft-fraction/results/data/subject-5a.csv","legacy","#757575","low","7","Jazzy James","3.1.9","0","l","NA","space","space","space","l","return","547","NA","148901","11392","7534","547","27941","2","legacy","1024","2","48000","-16","experiment","5","odd","present","752906","752905","NA","840354","1312","169234","1002381","1002897","1371","150289","161699","1002897","1003457","724900","1002363","Fraction component detection task","640","383592","646","yes","1280"
"98.9180834621","98.9180834621","593.70324575","593.70324575","#808080","no","legacy","legacy","legacy","0","uniform","0","undefined","undefined","undefined","0","l","2","2","0","646","0","0","646","646","0","0","0","646","646","2","646","Fri Apr 27 13:03:26 2018","#757575","low","6","The main experiment item","yes","","experiment.osexp","/Users/tom/github/sft-fraction/procedure","no","mono","no","24","no","white","no","yes","800","legacy","214","214","2","/Users/tom/github/sft-fraction/results/data/subject-5a.csv","legacy","#757575","low","3","Jazzy James","3.1.9","0","a","NA","space","space","space","a","return","534","NA","148901","11392","7534","534","27941","2","legacy","1024","2","48000","-16","experiment","5","odd","present","752906","752905","NA","840354","1312","169234","1003546","1004069","1371","150289","161699","1004070","1004614","724900","1003526","Fraction component detection task","640","384126","647","yes","1280"
"98.9197530864","98.9197530864","593.799382716","593.799382716","#808080","no","legacy","legacy","legacy","0","uniform","1","undefined","undefined","undefined","1","a","2","2","0","647","0","0","647","647","0","0","0","647","647","2","647","Fri Apr 27 13:03:26 2018","#000000","high","4","The main experiment item","yes","","experiment.osexp","/Users/tom/github/sft-fraction/procedure","no","mono","no","24","no","white","no","yes","800","legacy","215","215","2","/Users/tom/github/sft-fraction/results/data/subject-5a.csv","legacy","#757575","low","3","Jazzy James","3.1.9","0","a","NA","space","space","space","a","return","656","NA","148901","11392","7534","656","27941","2","legacy","1024","2","48000","-16","experiment","5","odd","absent","752906","752905","NA","1004633","1312","169234","1005712","1006228","1371","150289","161699","1006228","1006895","724900","1005696","Fraction component detection task","641","384782","648","yes","1280"
"98.9214175655","98.9214175655","594.18027735","594.18027735","#808080","no","legacy","legacy","legacy","0","uniform","1","undefined","undefined","undefined","1","a","3","3","0","648","0","0","648","648","0","0","0","648","648","3","648","Fri Apr 27 13:03:26 2018","#757575","low","4","The main experiment item","yes","","experiment.osexp","/Users/tom/github/sft-fraction/procedure","no","mono","no","24","no","white","no","yes","800","legacy","0","0","3","/Users/tom/github/sft-fraction/results/data/subject-5a.csv","legacy","#757575","low","4","Jazzy James","3.1.9","0","a","NA","space","space","space","a","return","841","NA","148901","11392","7534","841","15719","2","legacy","1024","2","48000","-16","experiment","5","odd","absent","1022745","1022745","NA","1004633","1312","169234","1022791","1023307","1371","150289","161699","1023307","1024157","1006958","1022775","Fraction component detection task","642","385623","649","yes","1280"
"98.9230769231","98.9230769231","594.386153846","594.386153846","#808080","no","legacy","legacy","legacy","0","uniform","1","undefined","undefined","undefined","1","l","3","3","0","649","0","0","649","649","0","0","0","649","649","3","649","Fri Apr 27 13:03:26 2018","#000000","high","7","The main experiment item","yes","","experiment.osexp","/Users/tom/github/sft-fraction/procedure","no","mono","no","24","no","white","no","yes","800","legacy","1","1","3","/Users/tom/github/sft-fraction/results/data/subject-5a.csv","legacy","#000000","high","2","Jazzy James","3.1.9","0","l","NA","space","space","space","l","return","728","NA","148901","11392","7534","728","15719","2","legacy","1024","2","48000","-16","experiment","5","odd","present","1022745","1022745","NA","1004633","1312","169234","1024239","1024757","1371","150289","161699","1024757","1025496","1006958","1024223","Fraction component detection task","643","386351","650","yes","1280"
"98.9247311828","98.9247311828","594.32718894","594.32718894","#808080","no","legacy","legacy","legacy","0","uniform","1","undefined","undefined","undefined","1","a","3","3","0","650","0","0","650","650","0","0","0","650","650","3","650","Fri Apr 27 13:03:26 2018","#757575","low","2","The main experiment item","yes","","experiment.osexp","/Users/tom/github/sft-fraction/procedure","no","mono","no","24","no","white","no","yes","800","legacy","2","2","3","/Users/tom/github/sft-fraction/results/data/subject-5a.csv","legacy","#000000","high","4","Jazzy James","3.1.9","0","a","NA","space","space","space","a","return","556","NA","148901","11392","7534","556","15719","2","legacy","1024","2","48000","-16","experiment","5","odd","absent","1022745","1022745","NA","1004633","1312","169234","1025577","1026097","1371","150289","161699","1026097","1026663","1006958","1025562","Fraction component detection task","644","386907","651","yes","1280"
"98.9263803681","98.9263803681","594.185582822","594.185582822","#808080","no","legacy","legacy","legacy","0","uniform","1","undefined","undefined","undefined","1","a","3","3","0","651","0","0","651","651","0","0","0","651","651","3","651","Fri Apr 27 13:03:26 2018","#000000","high","3","The main experiment item","yes","","experiment.osexp","/Users/tom/github/sft-fraction/procedure","no","mono","no","24","no","white","no","yes","800","legacy","3","3","3","/Users/tom/github/sft-fraction/results/data/subject-5a.csv","legacy","#757575","low","3","Jazzy James","3.1.9","0","a","NA","space","space","space","a","return","502","NA","148901","11392","7534","502","15719","2","legacy","1024","2","48000","-16","experiment","5","odd","absent","1022745","1022745","NA","1004633","1312","169234","1026747","1027263","1371","150289","161699","1027263","1027775","1006958","1026728","Fraction component detection task","645","387409","652","yes","1280"
"98.9280245023","98.9280245023","594.090352221","594.090352221","#808080","no","legacy","legacy","legacy","0","uniform","1","undefined","undefined","undefined","1","a","3","3","0","652","0","0","652","652","0","0","0","652","652","3","652","Fri Apr 27 13:03:26 2018","#757575","low","3","The main experiment item","yes","","experiment.osexp","/Users/tom/github/sft-fraction/procedure","no","mono","no","24","no","white","no","yes","800","legacy","4","4","3","/Users/tom/github/sft-fraction/results/data/subject-5a.csv","legacy","#757575","low","4","Jazzy James","3.1.9","0","a","NA","space","space","space","a","return","532","NA","148901","11392","7534","532","15719","2","legacy","1024","2","48000","-16","experiment","5","odd","absent","1022745","1022745","NA","1004633","1312","169234","1027856","1028377","1371","150289","161699","1028377","1028922","1006958","1027839","Fraction component detection task","646","387941","653","yes","1280"
"98.9296636086","98.9296636086","594.094801223","594.094801223","#808080","no","legacy","legacy","legacy","0","uniform","1","undefined","undefined","undefined","1","l","3","3","0","653","0","0","653","653","0","0","0","653","653","3","653","Fri Apr 27 13:03:26 2018","#000000","high","4","The main experiment item","yes","","experiment.osexp","/Users/tom/github/sft-fraction/procedure","no","mono","no","24","no","white","no","yes","800","legacy","5","5","3","/Users/tom/github/sft-fraction/results/data/subject-5a.csv","legacy","#757575","low","6","Jazzy James","3.1.9","0","l","NA","space","space","space","l","return","597","NA","148901","11392","7534","597","15719","2","legacy","1024","2","48000","-16","experiment","5","odd","present","1022745","1022745","NA","1004633","1312","169234","1029002","1029519","1371","150289","161699","1029519","1030126","1006958","1028987","Fraction component detection task","647","388538","654","yes","1280"
"98.9312977099","98.9312977099","594.235114504","594.235114504","#808080","no","legacy","legacy","legacy","0","uniform","1","undefined","undefined","undefined","1","l","3","3","0","654","0","0","654","654","0","0","0","654","654","3","654","Fri Apr 27 13:03:26 2018","#000000","high","7","The main experiment item","yes","","experiment.osexp","/Users/tom/github/sft-fraction/procedure","no","mono","no","24","no","white","no","yes","800","legacy","6","6","3","/Users/tom/github/sft-fraction/results/data/subject-5a.csv","legacy","#000000","high","4","Jazzy James","3.1.9","0","l","NA","space","space","space","l","return","686","NA","148901","11392","7534","686","15719","2","legacy","1024","2","48000","-16","experiment","5","odd","present","1022745","1022745","NA","1004633","1312","169234","1030210","1030727","1371","150289","161699","1030727","1031425","1006958","1030194","Fraction component detection task","648","389224","655","yes","1280"
"98.9329268293","98.9329268293","594.019817073","594.019817073","#808080","no","legacy","legacy","legacy","0","uniform","1","undefined","undefined","undefined","1","a","3","3","0","655","0","0","655","655","0","0","0","655","655","3","655","Fri Apr 27 13:03:26 2018","#757575","low","2","The main experiment item","yes","","experiment.osexp","/Users/tom/github/sft-fraction/procedure","no","mono","no","24","no","white","no","yes","800","legacy","7","7","3","/Users/tom/github/sft-fraction/results/data/subject-5a.csv","legacy","#757575","low","2","Jazzy James","3.1.9","0","a","NA","space","space","space","a","return","453","NA","148901","11392","7534","453","15719","2","legacy","1024","2","48000","-16","experiment","5","odd","absent","1022745","1022745","NA","1004633","1312","169234","1031515","1032031","1371","150289","161699","1032032","1032495","1006958","1031498","Fraction component detection task","649","389677","656","yes","1280"
"98.9345509893","98.9345509893","593.831050228","593.831050228","#808080","no","legacy","legacy","legacy","0","uniform","1","undefined","undefined","undefined","1","a","3","3","0","656","0","0","656","656","0","0","0","656","656","3","656","Fri Apr 27 13:03:26 2018","#757575","low","3","The main experiment item","yes","","experiment.osexp","/Users/tom/github/sft-fraction/procedure","no","mono","no","24","no","white","no","yes","800","legacy","8","8","3","/Users/tom/github/sft-fraction/results/data/subject-5a.csv","legacy","#000000","high","4","Jazzy James","3.1.9","0","a","NA","space","space","space","a","return","470","NA","148901","11392","7534","470","15719","2","legacy","1024","2","48000","-16","experiment","5","odd","absent","1022745","1022745","NA","1004633","1312","169234","1032582","1033103","1371","150289","161699","1033103","1033583","1006958","1032562","Fraction component detection task","650","390147","657","yes","1280"
"98.9361702128","98.9361702128","593.744680851","593.744680851","#808080","no","legacy","legacy","legacy","0","uniform","1","undefined","undefined","undefined","1","a","3","3","0","657","0","0","657","657","0","0","0","657","657","3","657","Fri Apr 27 13:03:26 2018","#000000","high","2","The main experiment item","yes","","experiment.osexp","/Users/tom/github/sft-fraction/procedure","no","mono","no","24","no","white","no","yes","800","legacy","9","9","3","/Users/tom/github/sft-fraction/results/data/subject-5a.csv","legacy","#757575","low","3","Jazzy James","3.1.9","0","a","NA","space","space","space","a","return","537","NA","148901","11392","7534","537","15719","2","legacy","1024","2","48000","-16","experiment","5","odd","absent","1022745","1022745","NA","1004633","1312","169234","1033669","1034188","1371","150289","161699","1034188","1034737","1006958","1033651","Fraction component detection task","651","390684","658","yes","1280"
"98.937784522","98.937784522","593.620637329","593.620637329","#808080","no","legacy","legacy","legacy","0","uniform","1","undefined","undefined","undefined","1","a","3","3","0","658","0","0","658","658","0","0","0","658","658","3","658","Fri Apr 27 13:03:26 2018","#757575","low","2","The main experiment item","yes","","experiment.osexp","/Users/tom/github/sft-fraction/procedure","no","mono","no","24","no","white","no","yes","800","legacy","10","10","3","/Users/tom/github/sft-fraction/results/data/subject-5a.csv","legacy","#000000","high","3","Jazzy James","3.1.9","0","a","NA","space","space","space","a","return","512","NA","148901","11392","7534","512","15719","2","legacy","1024","2","48000","-16","experiment","5","odd","absent","1022745","1022745","NA","1004633","1312","169234","1034817","1035333","1371","150289","161699","1035333","1035855","1006958","1034800","Fraction component detection task","652","391196","659","yes","1280"
"98.9393939394","98.9393939394","593.593939394","593.593939394","#808080","no","legacy","legacy","legacy","0","uniform","1","undefined","undefined","undefined","1","a","3","3","0","659","0","0","659","659","0","0","0","659","659","3","659","Fri Apr 27 13:03:26 2018","#000000","high","4","The main experiment item","yes","","experiment.osexp","/Users/tom/github/sft-fraction/procedure","no","mono","no","24","no","white","no","yes","800","legacy","11","11","3","/Users/tom/github/sft-fraction/results/data/subject-5a.csv","legacy","#000000","high","2","Jazzy James","3.1.9","0","a","NA","space","space","space","a","return","576","NA","148901","11392","7534","576","15719","2","legacy","1024","2","48000","-16","experiment","5","odd","absent","1022745","1022745","NA","1004633","1312","169234","1035943","1036460","1371","150289","161699","1036460","1037046","1006958","1035926","Fraction component detection task","653","391772","660","yes","1280"
"98.9409984871","98.9409984871","593.420574887","593.420574887","#808080","no","legacy","legacy","legacy","0","uniform","1","undefined","undefined","undefined","1","l","3","3","0","660","0","0","660","660","0","0","0","660","660","3","660","Fri Apr 27 13:03:26 2018","#757575","low","6","The main experiment item","yes","","experiment.osexp","/Users/tom/github/sft-fraction/procedure","no","mono","no","24","no","white","no","yes","800","legacy","12","12","3","/Users/tom/github/sft-fraction/results/data/subject-5a.csv","legacy","#000000","high","4","Jazzy James","3.1.9","0","l","NA","space","space","space","l","return","479","NA","148901","11392","7534","479","15719","2","legacy","1024","2","48000","-16","experiment","5","odd","present","1022745","1022745","NA","1004633","1312","169234","1037129","1037645","1371","150289","161699","1037646","1038135","1006958","1037113","Fraction component detection task","654","392251","661","yes","1280"
"98.9425981873","98.9425981873","593.379154079","593.379154079","#808080","no","legacy","legacy","legacy","0","uniform","1","undefined","undefined","undefined","1","a","3","3","0","661","0","0","661","661","0","0","0","661","661","3","661","Fri Apr 27 13:03:26 2018","#757575","low","2","The main experiment item","yes","","experiment.osexp","/Users/tom/github/sft-fraction/procedure","no","mono","no","24","no","white","no","yes","800","legacy","13","13","3","/Users/tom/github/sft-fraction/results/data/subject-5a.csv","legacy","#000000","high","4","Jazzy James","3.1.9","0","a","NA","space","space","space","a","return","566","NA","148901","11392","7534","566","15719","2","legacy","1024","2","48000","-16","experiment","5","odd","absent","1022745","1022745","NA","1004633","1312","169234","1038218","1038734","1371","150289","161699","1038735","1039310","1006958","1038198","Fraction component detection task","655","392817","662","yes","1280"
"98.9441930618","98.9441930618","593.334841629","593.334841629","#808080","no","legacy","legacy","legacy","0","uniform","1","undefined","undefined","undefined","1","a","3","3","0","662","0","0","662","662","0","0","0","662","662","3","662","Fri Apr 27 13:03:26 2018","#757575","low","3","The main experiment item","yes","","experiment.osexp","/Users/tom/github/sft-fraction/procedure","no","mono","no","24","no","white","no","yes","800","legacy","14","14","3","/Users/tom/github/sft-fraction/results/data/subject-5a.csv","legacy","#757575","low","4","Jazzy James","3.1.9","0","a","NA","space","space","space","a","return","564","NA","148901","11392","7534","564","15719","2","legacy","1024","2","48000","-16","experiment","5","odd","absent","1022745","1022745","NA","1004633","1312","169234","1039398","1039914","1371","150289","161699","1039914","1040490","1006958","1039381","Fraction component detection task","656","393381","663","yes","1280"
"98.9457831325","98.9457831325","593.274096386","593.274096386","#808080","no","legacy","legacy","legacy","0","uniform","1","undefined","undefined","undefined","1","l","3","3","0","663","0","0","663","663","0","0","0","663","663","3","663","Fri Apr 27 13:03:26 2018","#757575","low","7","The main experiment item","yes","","experiment.osexp","/Users/tom/github/sft-fraction/procedure","no","mono","no","24","no","white","no","yes","800","legacy","15","15","3","/Users/tom/github/sft-fraction/results/data/subject-5a.csv","legacy","#000000","high","7","Jazzy James","3.1.9","0","l","NA","space","space","space","l","return","553","NA","148901","11392","7534","553","15719","2","legacy","1024","2","48000","-16","experiment","5","odd","present","1022745","1022745","NA","1004633","1312","169234","1040576","1041093","1371","150289","161699","1041093","1041656","1006958","1040556","Fraction component detection task","657","393934","664","yes","1280"
"98.9473684211","98.9473684211","593.058646617","593.058646617","#808080","no","legacy","legacy","legacy","0","uniform","1","undefined","undefined","undefined","1","a","3","3","0","664","0","0","664","664","0","0","0","664","664","3","664","Fri Apr 27 13:03:26 2018","#000000","high","4","The main experiment item","yes","","experiment.osexp","/Users/tom/github/sft-fraction/procedure","no","mono","no","24","no","white","no","yes","800","legacy","16","16","3","/Users/tom/github/sft-fraction/results/data/subject-5a.csv","legacy","#757575","low","3","Jazzy James","3.1.9","0","a","NA","space","space","space","a","return","450","NA","148901","11392","7534","450","15719","2","legacy","1024","2","48000","-16","experiment","5","odd","absent","1022745","1022745","NA","1004633","1312","169234","1041742","1042260","1371","150289","161699","1042260","1042719","1006958","1041724","Fraction component detection task","658","394384","665","yes","1280"
"98.9489489489","98.9489489489","592.828828829","592.828828829","#808080","no","legacy","legacy","legacy","0","uniform","1","undefined","undefined","undefined","1","a","3","3","0","665","0","0","665","665","0","0","0","665","665","3","665","Fri Apr 27 13:03:26 2018","#000000","high","3","The main experiment item","yes","","experiment.osexp","/Users/tom/github/sft-fraction/procedure","no","mono","no","24","no","white","no","yes","800","legacy","17","17","3","/Users/tom/github/sft-fraction/results/data/subject-5a.csv","legacy","#000000","high","2","Jazzy James","3.1.9","0","a","NA","space","space","space","a","return","440","NA","148901","11392","7534","440","15719","2","legacy","1024","2","48000","-16","experiment","5","odd","absent","1022745","1022745","NA","1004633","1312","169234","1042800","1043317","1371","150289","161699","1043318","1043768","1006958","1042785","Fraction component detection task","659","394824","666","yes","1280"
"98.9505247376","98.9505247376","592.631184408","592.631184408","#808080","no","legacy","legacy","legacy","0","uniform","1","undefined","undefined","undefined","1","l","3","3","0","666","0","0","666","666","0","0","0","666","666","3","666","Fri Apr 27 13:03:26 2018","#000000","high","6","The main experiment item","yes","","experiment.osexp","/Users/tom/github/sft-fraction/procedure","no","mono","no","24","no","white","no","yes","800","legacy","18","18","3","/Users/tom/github/sft-fraction/results/data/subject-5a.csv","legacy","#757575","low","6","Jazzy James","3.1.9","0","l","NA","space","space","space","l","return","461","NA","148901","11392","7534","461","15719","2","legacy","1024","2","48000","-16","experiment","5","odd","present","1022745","1022745","NA","1004633","1312","169234","1043860","1044376","1371","150289","161699","1044377","1044848","1006958","1043839","Fraction component detection task","660","395285","667","yes","1280"
"98.9520958084","98.9520958084","592.401197605","592.401197605","#808080","no","legacy","legacy","legacy","0","uniform","1","undefined","undefined","undefined","1","l","3","3","0","667","0","0","667","667","0","0","0","667","667","3","667","Fri Apr 27 13:03:26 2018","#000000","high","8","The main experiment item","yes","","experiment.osexp","/Users/tom/github/sft-fraction/procedure","no","mono","no","24","no","white","no","yes","800","legacy","19","19","3","/Users/tom/github/sft-fraction/results/data/subject-5a.csv","legacy","#000000","high","7","Jazzy James","3.1.9","0","l","NA","space","space","space","l","return","439","NA","148901","11392","7534","439","15719","2","legacy","1024","2","48000","-16","experiment","5","odd","present","1022745","1022745","NA","1004633","1312","169234","1044931","1045447","1371","150289","161699","1045447","1045896","1006958","1044914","Fraction component detection task","661","395724","668","yes","1280"
"98.9536621824","98.9536621824","592.243647235","592.243647235","#808080","no","legacy","legacy","legacy","0","uniform","1","undefined","undefined","undefined","1","l","3","3","0","668","0","0","668","668","0","0","0","668","668","3","668","Fri Apr 27 13:03:26 2018","#000000","high","8","The main experiment item","yes","","experiment.osexp","/Users/tom/github/sft-fraction/procedure","no","mono","no","24","no","white","no","yes","800","legacy","20","20","3","/Users/tom/github/sft-fraction/results/data/subject-5a.csv","legacy","#757575","low","8","Jazzy James","3.1.9","0","l","NA","space","space","space","l","return","487","NA","148901","11392","7534","487","15719","2","legacy","1024","2","48000","-16","experiment","5","odd","present","1022745","1022745","NA","1004633","1312","169234","1045982","1046503","1371","150289","161699","1046503","1047000","1006958","1045964","Fraction component detection task","662","396211","669","yes","1280"
"98.9552238806","98.9552238806","592.210447761","592.210447761","#808080","no","legacy","legacy","legacy","0","uniform","1","undefined","undefined","undefined","1","a","3","3","0","669","0","0","669","669","0","0","0","669","669","3","669","Fri Apr 27 13:03:26 2018","#757575","low","2","The main experiment item","yes","","experiment.osexp","/Users/tom/github/sft-fraction/procedure","no","mono","no","24","no","white","no","yes","800","legacy","21","21","3","/Users/tom/github/sft-fraction/results/data/subject-5a.csv","legacy","#757575","low","3","Jazzy James","3.1.9","0","a","NA","space","space","space","a","return","570","NA","148901","11392","7534","570","15719","2","legacy","1024","2","48000","-16","experiment","5","odd","absent","1022745","1022745","NA","1004633","1312","169234","1047089","1047610","1371","150289","161699","1047611","1048192","1006958","1047069","Fraction component detection task","663","396781","670","yes","1280"
"98.956780924","98.956780924","592.229508197","592.229508197","#808080","no","legacy","legacy","legacy","0","uniform","1","undefined","undefined","undefined","1","l","3","3","0","670","0","0","670","670","0","0","0","670","670","3","670","Fri Apr 27 13:03:26 2018","#757575","low","3","The main experiment item","yes","","experiment.osexp","/Users/tom/github/sft-fraction/procedure","no","mono","no","24","no","white","no","yes","800","legacy","22","22","3","/Users/tom/github/sft-fraction/results/data/subject-5a.csv","legacy","#757575","low","6","Jazzy James","3.1.9","0","l","NA","space","space","space","l","return","605","NA","148901","11392","7534","605","15719","2","legacy","1024","2","48000","-16","experiment","5","odd","present","1022745","1022745","NA","1004633","1312","169234","1048276","1048793","1371","150289","161699","1048793","1049408","1006958","1048258","Fraction component detection task","664","397386","671","yes","1280"
"98.9583333333","98.9583333333","592.260416667","592.260416667","#808080","no","legacy","legacy","legacy","0","uniform","1","undefined","undefined","undefined","1","a","3","3","0","671","0","0","671","671","0","0","0","671","671","3","671","Fri Apr 27 13:03:26 2018","#757575","low","4","The main experiment item","yes","","experiment.osexp","/Users/tom/github/sft-fraction/procedure","no","mono","no","24","no","white","no","yes","800","legacy","23","23","3","/Users/tom/github/sft-fraction/results/data/subject-5a.csv","legacy","#000000","high","2","Jazzy James","3.1.9","0","a","NA","space","space","space","a","return","613","NA","148901","11392","7534","613","15719","2","legacy","1024","2","48000","-16","experiment","5","odd","absent","1022745","1022745","NA","1004633","1312","169234","1049489","1050008","1371","150289","161699","1050009","1050632","1006958","1049473","Fraction component detection task","665","397999","672","yes","1280"
"98.9598811293","98.9598811293","592.049034175","592.049034175","#808080","no","legacy","legacy","legacy","0","uniform","1","undefined","undefined","undefined","1","l","3","3","0","672","0","0","672","672","0","0","0","672","672","3","672","Fri Apr 27 13:03:26 2018","#000000","high","4","The main experiment item","yes","","experiment.osexp","/Users/tom/github/sft-fraction/procedure","no","mono","no","24","no","white","no","yes","800","legacy","24","24","3","/Users/tom/github/sft-fraction/results/data/subject-5a.csv","legacy","#757575","low","7","Jazzy James","3.1.9","0","l","NA","space","space","space","l","return","450","NA","148901","11392","7534","450","15719","2","legacy","1024","2","48000","-16","experiment","5","odd","present","1022745","1022745","NA","1004633","1312","169234","1050718","1051236","1371","150289","161699","1051236","1051696","1006958","1050700","Fraction component detection task","666","398449","673","yes","1280"
"98.9614243323","98.9614243323","591.976261128","591.976261128","#808080","no","legacy","legacy","legacy","0","uniform","1","undefined","undefined","undefined","1","l","3","3","0","673","0","0","673","673","0","0","0","673","673","3","673","Fri Apr 27 13:03:26 2018","#000000","high","6","The main experiment item","yes","","experiment.osexp","/Users/tom/github/sft-fraction/procedure","no","mono","no","24","no","white","no","yes","800","legacy","25","25","3","/Users/tom/github/sft-fraction/results/data/subject-5a.csv","legacy","#757575","low","4","Jazzy James","3.1.9","0","l","NA","space","space","space","l","return","543","NA","148901","11392","7534","543","15719","2","legacy","1024","2","48000","-16","experiment","5","odd","present","1022745","1022745","NA","1004633","1312","169234","1051779","1052295","1371","150289","161699","1052295","1052848","1006958","1051763","Fraction component detection task","667","398992","674","yes","1280"
"98.962962963","98.962962963","591.911111111","591.911111111","#808080","no","legacy","legacy","legacy","0","uniform","1","undefined","undefined","undefined","1","l","3","3","0","674","0","0","674","674","0","0","0","674","674","3","674","Fri Apr 27 13:03:26 2018","#757575","low","8","The main experiment item","yes","","experiment.osexp","/Users/tom/github/sft-fraction/procedure","no","mono","no","24","no","white","no","yes","800","legacy","26","26","3","/Users/tom/github/sft-fraction/results/data/subject-5a.csv","legacy","#000000","high","4","Jazzy James","3.1.9","0","l","NA","space","space","space","l","return","548","NA","148901","11392","7534","548","15719","2","legacy","1024","2","48000","-16","experiment","5","odd","present","1022745","1022745","NA","1004633","1312","169234","1052934","1053450","1371","150289","161699","1053450","1054007","1006958","1052918","Fraction component detection task","668","399540","675","yes","1280"
"98.9644970414","98.9644970414","591.878698225","591.878698225","#808080","no","legacy","legacy","legacy","0","uniform","1","undefined","undefined","undefined","1","a","3","3","0","675","0","0","675","675","0","0","0","675","675","3","675","Fri Apr 27 13:03:26 2018","#757575","low","4","The main experiment item","yes","","experiment.osexp","/Users/tom/github/sft-fraction/procedure","no","mono","no","24","no","white","no","yes","800","legacy","27","27","3","/Users/tom/github/sft-fraction/results/data/subject-5a.csv","legacy","#757575","low","3","Jazzy James","3.1.9","0","a","NA","space","space","space","a","return","570","NA","148901","11392","7534","570","15719","2","legacy","1024","2","48000","-16","experiment","5","odd","absent","1022745","1022745","NA","1004633","1312","169234","1054092","1054611","1371","150289","161699","1054611","1055191","1006958","1054076","Fraction component detection task","669","400110","676","yes","1280"
"98.9660265879","98.9660265879","591.617429838","591.617429838","#808080","no","legacy","legacy","legacy","0","uniform","1","undefined","undefined","undefined","1","a","3","3","0","676","0","0","676","676","0","0","0","676","676","3","676","Fri Apr 27 13:03:26 2018","#000000","high","4","The main experiment item","yes","","experiment.osexp","/Users/tom/github/sft-fraction/procedure","no","mono","no","24","no","white","no","yes","800","legacy","28","28","3","/Users/tom/github/sft-fraction/results/data/subject-5a.csv","legacy","#757575","low","4","Jazzy James","3.1.9","0","a","NA","space","space","space","a","return","415","NA","148901","11392","7534","415","15719","2","legacy","1024","2","48000","-16","experiment","5","odd","absent","1022745","1022745","NA","1004633","1312","169234","1055273","1055790","1371","150289","161699","1055791","1056216","1006958","1055255","Fraction component detection task","670","400525","677","yes","1280"
"98.9675516224","98.9675516224","591.513274336","591.513274336","#808080","no","legacy","legacy","legacy","0","uniform","1","undefined","undefined","undefined","1","l","3","3","0","677","0","0","677","677","0","0","0","677","677","3","677","Fri Apr 27 13:03:26 2018","#757575","low","7","The main experiment item","yes","","experiment.osexp","/Users/tom/github/sft-fraction/procedure","no","mono","no","24","no","white","no","yes","800","legacy","29","29","3","/Users/tom/github/sft-fraction/results/data/subject-5a.csv","legacy","#757575","low","8","Jazzy James","3.1.9","0","l","NA","space","space","space","l","return","521","NA","148901","11392","7534","521","15719","2","legacy","1024","2","48000","-16","experiment","5","odd","present","1022745","1022745","NA","1004633","1312","169234","1056296","1056813","1371","150289","161699","1056813","1057344","1006958","1056280","Fraction component detection task","671","401046","678","yes","1280"
"98.9690721649","98.9690721649","591.372606775","591.372606775","#808080","no","legacy","legacy","legacy","0","uniform","1","undefined","undefined","undefined","1","a","3","3","0","678","0","0","678","678","0","0","0","678","678","3","678","Fri Apr 27 13:03:26 2018","#757575","low","4","The main experiment item","yes","","experiment.osexp","/Users/tom/github/sft-fraction/procedure","no","mono","no","24","no","white","no","yes","800","legacy","30","30","3","/Users/tom/github/sft-fraction/results/data/subject-5a.csv","legacy","#000000","high","4","Jazzy James","3.1.9","0","a","NA","space","space","space","a","return","496","NA","148901","11392","7534","496","15719","2","legacy","1024","2","48000","-16","experiment","5","odd","absent","1022745","1022745","NA","1004633","1312","169234","1057426","1057943","1371","150289","161699","1057943","1058448","1006958","1057410","Fraction component detection task","672","401542","679","yes","1280"
"98.9705882353","98.9705882353","591.339705882","591.339705882","#808080","no","legacy","legacy","legacy","0","uniform","1","undefined","undefined","undefined","1","l","3","3","0","679","0","0","679","679","0","0","0","679","679","3","679","Fri Apr 27 13:03:26 2018","#000000","high","7","The main experiment item","yes","","experiment.osexp","/Users/tom/github/sft-fraction/procedure","no","mono","no","24","no","white","no","yes","800","legacy","31","31","3","/Users/tom/github/sft-fraction/results/data/subject-5a.csv","legacy","#757575","low","7","Jazzy James","3.1.9","0","l","NA","space","space","space","l","return","569","NA","148901","11392","7534","569","15719","2","legacy","1024","2","48000","-16","experiment","5","odd","present","1022745","1022745","NA","1004633","1312","169234","1058529","1059045","1371","150289","161699","1059046","1059624","1006958","1058513","Fraction component detection task","673","402111","680","yes","1280"
"98.9720998532","98.9720998532","591.251101322","591.251101322","#808080","no","legacy","legacy","legacy","0","uniform","1","undefined","undefined","undefined","1","a","3","3","0","680","0","0","680","680","0","0","0","680","680","3","680","Fri Apr 27 13:03:26 2018","#757575","low","3","The main experiment item","yes","","experiment.osexp","/Users/tom/github/sft-fraction/procedure","no","mono","no","24","no","white","no","yes","800","legacy","32","32","3","/Users/tom/github/sft-fraction/results/data/subject-5a.csv","legacy","#000000","high","2","Jazzy James","3.1.9","0","a","NA","space","space","space","a","return","531","NA","148901","11392","7534","531","15719","2","legacy","1024","2","48000","-16","experiment","5","odd","absent","1022745","1022745","NA","1004633","1312","169234","1059712","1060228","1371","150289","161699","1060228","1060773","1006958","1059694","Fraction component detection task","674","402642","681","yes","1280"
"98.9736070381","98.9736070381","591.137829912","591.137829912","#808080","no","legacy","legacy","legacy","0","uniform","1","undefined","undefined","undefined","1","l","3","3","0","681","0","0","681","681","0","0","0","681","681","3","681","Fri Apr 27 13:03:26 2018","#000000","high","8","The main experiment item","yes","","experiment.osexp","/Users/tom/github/sft-fraction/procedure","no","mono","no","24","no","white","no","yes","800","legacy","33","33","3","/Users/tom/github/sft-fraction/results/data/subject-5a.csv","legacy","#757575","low","7","Jazzy James","3.1.9","0","l","NA","space","space","space","l","return","514","NA","148901","11392","7534","514","15719","2","legacy","1024","2","48000","-16","experiment","5","odd","present","1022745","1022745","NA","1004633","1312","169234","1060854","1061373","1371","150289","161699","1061373","1061896","1006958","1060839","Fraction component detection task","675","403156","682","yes","1280"
"98.9751098097","98.9751098097","591.112737921","591.112737921","#808080","no","legacy","legacy","legacy","0","uniform","1","undefined","undefined","undefined","1","l","3","3","0","682","0","0","682","682","0","0","0","682","682","3","682","Fri Apr 27 13:03:26 2018","#000000","high","6","The main experiment item","yes","","experiment.osexp","/Users/tom/github/sft-fraction/procedure","no","mono","no","24","no","white","no","yes","800","legacy","34","34","3","/Users/tom/github/sft-fraction/results/data/subject-5a.csv","legacy","#000000","high","4","Jazzy James","3.1.9","0","l","NA","space","space","space","l","return","574","NA","148901","11392","7534","574","15719","2","legacy","1024","2","48000","-16","experiment","5","odd","present","1022745","1022745","NA","1004633","1312","169234","1061984","1062503","1371","150289","161699","1062504","1063088","1006958","1061968","Fraction component detection task","676","403730","683","yes","1280"
"98.9766081871","98.9766081871","591.121345029","591.121345029","#808080","no","legacy","legacy","legacy","0","uniform","1","undefined","undefined","undefined","1","l","3","3","0","683","0","0","683","683","0","0","0","683","683","3","683","Fri Apr 27 13:03:26 2018","#000000","high","3","The main experiment item","yes","","experiment.osexp","/Users/tom/github/sft-fraction/procedure","no","mono","no","24","no","white","no","yes","800","legacy","35","35","3","/Users/tom/github/sft-fraction/results/data/subject-5a.csv","legacy","#757575","low","6","Jazzy James","3.1.9","0","l","NA","space","space","space","l","return","597","NA","148901","11392","7534","597","15719","2","legacy","1024","2","48000","-16","experiment","5","odd","present","1022745","1022745","NA","1004633","1312","169234","1063175","1063696","1371","150289","161699","1063697","1064308","1006958","1063155","Fraction component detection task","677","404327","684","yes","1280"
"98.9781021898","98.9781021898","590.991240876","590.991240876","#808080","no","legacy","legacy","legacy","0","uniform","1","undefined","undefined","undefined","1","a","3","3","0","684","0","0","684","684","0","0","0","684","684","3","684","Fri Apr 27 13:03:26 2018","#757575","low","3","The main experiment item","yes","","experiment.osexp","/Users/tom/github/sft-fraction/procedure","no","mono","no","24","no","white","no","yes","800","legacy","36","36","3","/Users/tom/github/sft-fraction/results/data/subject-5a.csv","legacy","#757575","low","3","Jazzy James","3.1.9","0","a","NA","space","space","space","a","return","502","NA","148901","11392","7534","502","15719","2","legacy","1024","2","48000","-16","experiment","5","odd","absent","1022745","1022745","NA","1004633","1312","169234","1064389","1064905","1371","150289","161699","1064905","1065417","1006958","1064373","Fraction component detection task","678","404829","685","yes","1280"
"98.9795918367","98.9795918367","590.935860058","590.935860058","#808080","no","legacy","legacy","legacy","0","uniform","1","undefined","undefined","undefined","1","a","3","3","0","685","0","0","685","685","0","0","0","685","685","3","685","Fri Apr 27 13:03:26 2018","#757575","low","4","The main experiment item","yes","","experiment.osexp","/Users/tom/github/sft-fraction/procedure","no","mono","no","24","no","white","no","yes","800","legacy","37","37","3","/Users/tom/github/sft-fraction/results/data/subject-5a.csv","legacy","#757575","low","2","Jazzy James","3.1.9","0","a","NA","space","space","space","a","return","553","NA","148901","11392","7534","553","15719","2","legacy","1024","2","48000","-16","experiment","5","odd","absent","1022745","1022745","NA","1004633","1312","169234","1065506","1066022","1371","150289","161699","1066022","1066585","1006958","1065489","Fraction component detection task","679","405382","686","yes","1280"
"98.981077147","98.981077147","590.91411936","590.91411936","#808080","no","legacy","legacy","legacy","0","uniform","1","undefined","undefined","undefined","1","a","3","3","0","686","0","0","686","686","0","0","0","686","686","3","686","Fri Apr 27 13:03:26 2018","#757575","low","3","The main experiment item","yes","","experiment.osexp","/Users/tom/github/sft-fraction/procedure","no","mono","no","24","no","white","no","yes","800","legacy","38","38","3","/Users/tom/github/sft-fraction/results/data/subject-5a.csv","legacy","#757575","low","2","Jazzy James","3.1.9","0","a","NA","space","space","space","a","return","576","NA","148901","11392","7534","576","15719","2","legacy","1024","2","48000","-16","experiment","5","odd","absent","1022745","1022745","NA","1004633","1312","169234","1066666","1067183","1371","150289","161699","1067183","1067771","1006958","1066650","Fraction component detection task","680","405958","687","yes","1280"
"98.9825581395","98.9825581395","590.702034884","590.702034884","#808080","no","legacy","legacy","legacy","0","uniform","1","undefined","undefined","undefined","1","a","3","3","0","687","0","0","687","687","0","0","0","687","687","3","687","Fri Apr 27 13:03:26 2018","#757575","low","3","The main experiment item","yes","","experiment.osexp","/Users/tom/github/sft-fraction/procedure","no","mono","no","24","no","white","no","yes","800","legacy","39","39","3","/Users/tom/github/sft-fraction/results/data/subject-5a.csv","legacy","#000000","high","2","Jazzy James","3.1.9","0","a","NA","space","space","space","a","return","445","NA","148901","11392","7534","445","15719","2","legacy","1024","2","48000","-16","experiment","5","odd","absent","1022745","1022745","NA","1004633","1312","169234","1067853","1068370","1371","150289","161699","1068370","1068825","1006958","1067836","Fraction component detection task","681","406403","688","yes","1280"
"98.9840348331","98.9840348331","590.702467344","590.702467344","#808080","no","legacy","legacy","legacy","0","uniform","1","undefined","undefined","undefined","1","a","3","3","0","688","0","0","688","688","0","0","0","688","688","3","688","Fri Apr 27 13:03:26 2018","#000000","high","4","The main experiment item","yes","","experiment.osexp","/Users/tom/github/sft-fraction/procedure","no","mono","no","24","no","white","no","yes","800","legacy","40","40","3","/Users/tom/github/sft-fraction/results/data/subject-5a.csv","legacy","#000000","high","4","Jazzy James","3.1.9","0","a","NA","space","space","space","a","return","591","NA","148901","11392","7534","591","15719","2","legacy","1024","2","48000","-16","experiment","5","odd","absent","1022745","1022745","NA","1004633","1312","169234","1068911","1069431","1371","150289","161699","1069431","1070032","1006958","1068894","Fraction component detection task","682","406994","689","yes","1280"
"98.9855072464","98.9855072464","590.526086957","590.526086957","#808080","no","legacy","legacy","legacy","0","uniform","1","undefined","undefined","undefined","1","a","3","3","0","689","0","0","689","689","0","0","0","689","689","3","689","Fri Apr 27 13:03:26 2018","#000000","high","4","The main experiment item","yes","","experiment.osexp","/Users/tom/github/sft-fraction/procedure","no","mono","no","24","no","white","no","yes","800","legacy","41","41","3","/Users/tom/github/sft-fraction/results/data/subject-5a.csv","legacy","#000000","high","2","Jazzy James","3.1.9","0","a","NA","space","space","space","a","return","469","NA","148901","11392","7534","469","15719","2","legacy","1024","2","48000","-16","experiment","5","odd","absent","1022745","1022745","NA","1004633","1312","169234","1070123","1070640","1371","150289","161699","1070641","1071120","1006958","1070104","Fraction component detection task","683","407463","690","yes","1280"
"98.986975398","98.986975398","590.253256151","590.253256151","#808080","no","legacy","legacy","legacy","0","uniform","1","undefined","undefined","undefined","1","a","3","3","0","690","0","0","690","690","0","0","0","690","690","3","690","Fri Apr 27 13:03:26 2018","#000000","high","4","The main experiment item","yes","","experiment.osexp","/Users/tom/github/sft-fraction/procedure","no","mono","no","24","no","white","no","yes","800","legacy","42","42","3","/Users/tom/github/sft-fraction/results/data/subject-5a.csv","legacy","#000000","high","2","Jazzy James","3.1.9","0","a","NA","space","space","space","a","return","402","NA","148901","11392","7534","402","15719","2","legacy","1024","2","48000","-16","experiment","5","odd","absent","1022745","1022745","NA","1004633","1312","169234","1071206","1071724","1371","150289","161699","1071724","1072136","1006958","1071189","Fraction component detection task","684","407865","691","yes","1280"
"98.9884393064","98.9884393064","590.339595376","590.339595376","#808080","no","legacy","legacy","legacy","0","uniform","1","undefined","undefined","undefined","1","l","3","3","0","691","0","0","691","691","0","0","0","691","691","3","691","Fri Apr 27 13:03:26 2018","#757575","low","8","The main experiment item","yes","","experiment.osexp","/Users/tom/github/sft-fraction/procedure","no","mono","no","24","no","white","no","yes","800","legacy","43","43","3","/Users/tom/github/sft-fraction/results/data/subject-5a.csv","legacy","#757575","low","4","Jazzy James","3.1.9","0","l","NA","space","space","space","l","return","650","NA","148901","11392","7534","650","15719","2","legacy","1024","2","48000","-16","experiment","5","odd","present","1022745","1022745","NA","1004633","1312","169234","1072224","1072741","1371","150289","161699","1072741","1073406","1006958","1072207","Fraction component detection task","685","408515","692","yes","1280"
"98.9898989899","98.9898989899","590.209235209","590.209235209","#808080","no","legacy","legacy","legacy","0","uniform","1","undefined","undefined","undefined","1","l","3","3","0","692","0","0","692","692","0","0","0","692","692","3","692","Fri Apr 27 13:03:26 2018","#757575","low","2","The main experiment item","yes","","experiment.osexp","/Users/tom/github/sft-fraction/procedure","no","mono","no","24","no","white","no","yes","800","legacy","44","44","3","/Users/tom/github/sft-fraction/results/data/subject-5a.csv","legacy","#757575","low","8","Jazzy James","3.1.9","0","l","NA","space","space","space","l","return","500","NA","148901","11392","7534","500","15719","2","legacy","1024","2","48000","-16","experiment","5","odd","present","1022745","1022745","NA","1004633","1312","169234","1073494","1074011","1371","150289","161699","1074011","1074521","1006958","1073478","Fraction component detection task","686","409015","693","yes","1280"
"98.9913544669","98.9913544669","589.891930836","589.891930836","#808080","no","legacy","legacy","legacy","0","uniform","1","undefined","undefined","undefined","1","l","3","3","0","693","0","0","693","693","0","0","0","693","693","3","693","Fri Apr 27 13:03:26 2018","#757575","low","7","The main experiment item","yes","","experiment.osexp","/Users/tom/github/sft-fraction/procedure","no","mono","no","24","no","white","no","yes","800","legacy","45","45","3","/Users/tom/github/sft-fraction/results/data/subject-5a.csv","legacy","#000000","high","8","Jazzy James","3.1.9","0","l","NA","space","space","space","l","return","370","NA","148901","11392","7534","370","15719","2","legacy","1024","2","48000","-16","experiment","5","odd","present","1022745","1022745","NA","1004633","1312","169234","1074607","1075124","1371","150289","161699","1075125","1075506","1006958","1074588","Fraction component detection task","687","409385","694","yes","1280"
"98.9928057554","98.9928057554","589.835971223","589.835971223","#808080","no","legacy","legacy","legacy","0","uniform","1","undefined","undefined","undefined","1","l","3","3","0","694","0","0","694","694","0","0","0","694","694","3","694","Fri Apr 27 13:03:26 2018","#757575","low","6","The main experiment item","yes","","experiment.osexp","/Users/tom/github/sft-fraction/procedure","no","mono","no","24","no","white","no","yes","800","legacy","46","46","3","/Users/tom/github/sft-fraction/results/data/subject-5a.csv","legacy","#000000","high","6","Jazzy James","3.1.9","0","l","NA","space","space","space","l","return","551","NA","148901","11392","7534","551","15719","2","legacy","1024","2","48000","-16","experiment","5","odd","present","1022745","1022745","NA","1004633","1312","169234","1075595","1076112","1371","150289","161699","1076112","1076673","1006958","1075575","Fraction component detection task","688","409936","695","yes","1280"
"98.9942528736","98.9942528736","589.682471264","589.682471264","#808080","no","legacy","legacy","legacy","0","uniform","1","undefined","undefined","undefined","1","a","3","3","0","695","0","0","695","695","0","0","0","695","695","3","695","Fri Apr 27 13:03:26 2018","#757575","low","4","The main experiment item","yes","","experiment.osexp","/Users/tom/github/sft-fraction/procedure","no","mono","no","24","no","white","no","yes","800","legacy","47","47","3","/Users/tom/github/sft-fraction/results/data/subject-5a.csv","legacy","#000000","high","4","Jazzy James","3.1.9","0","a","NA","space","space","space","a","return","483","NA","148901","11392","7534","483","15719","2","legacy","1024","2","48000","-16","experiment","5","odd","absent","1022745","1022745","NA","1004633","1312","169234","1076759","1077275","1371","150289","161699","1077276","1077774","1006958","1076739","Fraction component detection task","689","410419","696","yes","1280"
"98.9956958393","98.9956958393","589.550932568","589.550932568","#808080","no","legacy","legacy","legacy","0","uniform","1","undefined","undefined","undefined","1","l","3","3","0","696","0","0","696","696","0","0","0","696","696","3","696","Fri Apr 27 13:03:26 2018","#000000","high","4","The main experiment item","yes","","experiment.osexp","/Users/tom/github/sft-fraction/procedure","no","mono","no","24","no","white","no","yes","800","legacy","48","48","3","/Users/tom/github/sft-fraction/results/data/subject-5a.csv","legacy","#000000","high","7","Jazzy James","3.1.9","0","l","NA","space","space","space","l","return","498","NA","148901","11392","7534","498","15719","2","legacy","1024","2","48000","-16","experiment","5","odd","present","1022745","1022745","NA","1004633","1312","169234","1077856","1078373","1371","150289","161699","1078373","1078882","1006958","1077840","Fraction component detection task","690","410917","697","yes","1280"
"98.9971346705","98.9971346705","589.40974212","589.40974212","#808080","no","legacy","legacy","legacy","0","uniform","1","undefined","undefined","undefined","1","a","3","3","0","697","0","0","697","697","0","0","0","697","697","3","697","Fri Apr 27 13:03:26 2018","#757575","low","3","The main experiment item","yes","","experiment.osexp","/Users/tom/github/sft-fraction/procedure","no","mono","no","24","no","white","no","yes","800","legacy","49","49","3","/Users/tom/github/sft-fraction/results/data/subject-5a.csv","legacy","#000000","high","4","Jazzy James","3.1.9","0","a","NA","space","space","space","a","return","491","NA","148901","11392","7534","491","15719","2","legacy","1024","2","48000","-16","experiment","5","odd","absent","1022745","1022745","NA","1004633","1312","169234","1078967","1079483","1371","150289","161699","1079484","1079986","1006958","1078950","Fraction component detection task","691","411408","698","yes","1280"
"98.9985693848","98.9985693848","589.157367668","589.157367668","#808080","no","legacy","legacy","legacy","0","uniform","1","undefined","undefined","undefined","1","l","3","3","0","698","0","0","698","698","0","0","0","698","698","3","698","Fri Apr 27 13:03:26 2018","#000000","high","8","The main experiment item","yes","","experiment.osexp","/Users/tom/github/sft-fraction/procedure","no","mono","no","24","no","white","no","yes","800","legacy","50","50","3","/Users/tom/github/sft-fraction/results/data/subject-5a.csv","legacy","#000000","high","6","Jazzy James","3.1.9","0","l","NA","space","space","space","l","return","413","NA","148901","11392","7534","413","15719","2","legacy","1024","2","48000","-16","experiment","5","odd","present","1022745","1022745","NA","1004633","1312","169234","1080069","1080586","1371","150289","161699","1080586","1081009","1006958","1080054","Fraction component detection task","692","411821","699","yes","1280"
"99","99","589.095714286","589.095714286","#808080","no","legacy","legacy","legacy","0","uniform","1","undefined","undefined","undefined","1","l","3","3","0","699","0","0","699","699","0","0","0","699","699","3","699","Fri Apr 27 13:03:26 2018","#757575","low","8","The main experiment item","yes","","experiment.osexp","/Users/tom/github/sft-fraction/procedure","no","mono","no","24","no","white","no","yes","800","legacy","51","51","3","/Users/tom/github/sft-fraction/results/data/subject-5a.csv","legacy","#757575","low","7","Jazzy James","3.1.9","0","l","NA","space","space","space","l","return","546","NA","148901","11392","7534","546","15719","2","legacy","1024","2","48000","-16","experiment","5","odd","present","1022745","1022745","NA","1004633","1312","169234","1081094","1081613","1371","150289","161699","1081613","1082169","1006958","1081079","Fraction component detection task","693","412367","700","yes","1280"
"99.0014265335","99.0014265335","588.77318117","588.77318117","#808080","no","legacy","legacy","legacy","0","uniform","1","undefined","undefined","undefined","1","a","3","3","0","700","0","0","700","700","0","0","0","700","700","3","700","Fri Apr 27 13:03:26 2018","#000000","high","4","The main experiment item","yes","","experiment.osexp","/Users/tom/github/sft-fraction/procedure","no","mono","no","24","no","white","no","yes","800","legacy","52","52","3","/Users/tom/github/sft-fraction/results/data/subject-5a.csv","legacy","#757575","low","2","Jazzy James","3.1.9","0","a","NA","space","space","space","a","return","363","NA","148901","11392","7534","363","15719","2","legacy","1024","2","48000","-16","experiment","5","odd","absent","1022745","1022745","NA","1004633","1312","169234","1082255","1082772","1371","150289","161699","1082772","1083145","1006958","1082235","Fraction component detection task","694","412730","701","yes","1280"
"98.8603988604","98.8603988604","588.517094017","588.517094017","#808080","no","legacy","legacy","legacy","0","uniform","0","undefined","undefined","undefined","0","l","3","3","0","701","0","0","701","701","0","0","0","701","701","3","701","Fri Apr 27 13:03:26 2018","#757575","low","8","The main experiment item","yes","","experiment.osexp","/Users/tom/github/sft-fraction/procedure","no","mono","no","24","no","white","no","yes","800","legacy","53","53","3","/Users/tom/github/sft-fraction/results/data/subject-5a.csv","legacy","#000000","high","2","Jazzy James","3.1.9","0","a","NA","space","space","space","a","return","409","NA","148901","11392","7534","409","15719","2","legacy","1024","2","48000","-16","experiment","5","odd","present","1022745","1022745","NA","1004633","1312","169234","1083231","1083750","1371","150289","161699","1083750","1084172","1006958","1083211","Fraction component detection task","694","413139","702","yes","1280"
"98.8620199147","98.8620199147","588.539118065","588.539118065","#808080","no","legacy","legacy","legacy","0","uniform","1","undefined","undefined","undefined","1","a","3","3","0","702","0","0","702","702","0","0","0","702","702","3","702","Fri Apr 27 13:03:26 2018","#000000","high","4","The main experiment item","yes","","experiment.osexp","/Users/tom/github/sft-fraction/procedure","no","mono","no","24","no","white","no","yes","800","legacy","54","54","3","/Users/tom/github/sft-fraction/results/data/subject-5a.csv","legacy","#000000","high","3","Jazzy James","3.1.9","0","a","NA","space","space","space","a","return","604","NA","148901","11392","7534","604","15719","2","legacy","1024","2","48000","-16","experiment","5","odd","absent","1022745","1022745","NA","1084191","1312","169234","1085269","1085788","1371","150289","161699","1085788","1086402","1006958","1085253","Fraction component detection task","695","413743","703","yes","1280"
"98.8636363636","98.8636363636","588.416193182","588.416193182","#808080","no","legacy","legacy","legacy","0","uniform","1","undefined","undefined","undefined","1","l","3","3","0","703","0","0","703","703","0","0","0","703","703","3","703","Fri Apr 27 13:03:26 2018","#757575","low","7","The main experiment item","yes","","experiment.osexp","/Users/tom/github/sft-fraction/procedure","no","mono","no","24","no","white","no","yes","800","legacy","55","55","3","/Users/tom/github/sft-fraction/results/data/subject-5a.csv","legacy","#757575","low","6","Jazzy James","3.1.9","0","l","NA","space","space","space","l","return","502","NA","148901","11392","7534","502","15719","2","legacy","1024","2","48000","-16","experiment","5","odd","present","1022745","1022745","NA","1084191","1312","169234","1086485","1087002","1371","150289","161699","1087002","1087525","1006958","1086469","Fraction component detection task","696","414245","704","yes","1280"
"98.865248227","98.865248227","588.197163121","588.197163121","#808080","no","legacy","legacy","legacy","0","uniform","1","undefined","undefined","undefined","1","a","3","3","0","704","0","0","704","704","0","0","0","704","704","3","704","Fri Apr 27 13:03:26 2018","#757575","low","4","The main experiment item","yes","","experiment.osexp","/Users/tom/github/sft-fraction/procedure","no","mono","no","24","no","white","no","yes","800","legacy","56","56","3","/Users/tom/github/sft-fraction/results/data/subject-5a.csv","legacy","#757575","low","4","Jazzy James","3.1.9","0","a","NA","space","space","space","a","return","434","NA","148901","11392","7534","434","15719","2","legacy","1024","2","48000","-16","experiment","5","odd","absent","1022745","1022745","NA","1084191","1312","169234","1087625","1088142","1371","150289","161699","1088142","1088587","1006958","1087605","Fraction component detection task","697","414679","705","yes","1280"
"98.8668555241","98.8668555241","587.936260623","587.936260623","#808080","no","legacy","legacy","legacy","0","uniform","1","undefined","undefined","undefined","1","l","3","3","0","705","0","0","705","705","0","0","0","705","705","3","705","Fri Apr 27 13:03:26 2018","#000000","high","8","The main experiment item","yes","","experiment.osexp","/Users/tom/github/sft-fraction/procedure","no","mono","no","24","no","white","no","yes","800","legacy","57","57","3","/Users/tom/github/sft-fraction/results/data/subject-5a.csv","legacy","#000000","high","8","Jazzy James","3.1.9","0","l","NA","space","space","space","l","return","404","NA","148901","11392","7534","404","15719","2","legacy","1024","2","48000","-16","experiment","5","odd","present","1022745","1022745","NA","1084191","1312","169234","1088671","1089187","1371","150289","161699","1089188","1089602","1006958","1088656","Fraction component detection task","698","415083","706","yes","1280"
"98.8684582744","98.8684582744","587.848656294","587.848656294","#808080","no","legacy","legacy","legacy","0","uniform","1","undefined","undefined","undefined","1","l","3","3","0","706","0","0","706","706","0","0","0","706","706","3","706","Fri Apr 27 13:03:26 2018","#757575","low","6","The main experiment item","yes","","experiment.osexp","/Users/tom/github/sft-fraction/procedure","no","mono","no","24","no","white","no","yes","800","legacy","58","58","3","/Users/tom/github/sft-fraction/results/data/subject-5a.csv","legacy","#757575","low","3","Jazzy James","3.1.9","0","l","NA","space","space","space","l","return","526","NA","148901","11392","7534","526","15719","2","legacy","1024","2","48000","-16","experiment","5","odd","present","1022745","1022745","NA","1084191","1312","169234","1089694","1090210","1371","150289","161699","1090210","1090746","1006958","1089672","Fraction component detection task","699","415609","707","yes","1280"
"98.8700564972","98.8700564972","588.196327684","588.196327684","#808080","no","legacy","legacy","legacy","0","uniform","1","undefined","undefined","undefined","1","a","3","3","0","707","0","0","707","707","0","0","0","707","707","3","707","Fri Apr 27 13:03:26 2018","#000000","high","2","The main experiment item","yes","","experiment.osexp","/Users/tom/github/sft-fraction/procedure","no","mono","no","24","no","white","no","yes","800","legacy","59","59","3","/Users/tom/github/sft-fraction/results/data/subject-5a.csv","legacy","#757575","low","4","Jazzy James","3.1.9","0","a","NA","space","space","space","a","return","834","NA","148901","11392","7534","834","15719","2","legacy","1024","2","48000","-16","experiment","5","odd","absent","1022745","1022745","NA","1084191","1312","169234","1090833","1091349","1371","150289","161699","1091349","1092196","1006958","1090816","Fraction component detection task","700","416443","708","yes","1280"
"98.8716502116","98.8716502116","587.977433004","587.977433004","#808080","no","legacy","legacy","legacy","0","uniform","1","undefined","undefined","undefined","1","a","3","3","0","708","0","0","708","708","0","0","0","708","708","3","708","Fri Apr 27 13:03:26 2018","#000000","high","2","The main experiment item","yes","","experiment.osexp","/Users/tom/github/sft-fraction/procedure","no","mono","no","24","no","white","no","yes","800","legacy","60","60","3","/Users/tom/github/sft-fraction/results/data/subject-5a.csv","legacy","#757575","low","4","Jazzy James","3.1.9","0","a","NA","space","space","space","a","return","433","NA","148901","11392","7534","433","15719","2","legacy","1024","2","48000","-16","experiment","5","odd","absent","1022745","1022745","NA","1084191","1312","169234","1092288","1092805","1371","150289","161699","1092806","1093254","1006958","1092268","Fraction component detection task","701","416876","709","yes","1280"
"98.8732394366","98.8732394366","587.771830986","587.771830986","#808080","no","legacy","legacy","legacy","0","uniform","1","undefined","undefined","undefined","1","a","3","3","0","709","0","0","709","709","0","0","0","709","709","3","709","Fri Apr 27 13:03:26 2018","#000000","high","2","The main experiment item","yes","","experiment.osexp","/Users/tom/github/sft-fraction/procedure","no","mono","no","24","no","white","no","yes","800","legacy","61","61","3","/Users/tom/github/sft-fraction/results/data/subject-5a.csv","legacy","#757575","low","2","Jazzy James","3.1.9","0","a","NA","space","space","space","a","return","442","NA","148901","11392","7534","442","15719","2","legacy","1024","2","48000","-16","experiment","5","odd","absent","1022745","1022745","NA","1084191","1312","169234","1093340","1093861","1371","150289","161699","1093861","1094314","1006958","1093323","Fraction component detection task","702","417318","710","yes","1280"
"98.8748241913","98.8748241913","587.658227848","587.658227848","#808080","no","legacy","legacy","legacy","0","uniform","1","undefined","undefined","undefined","1","l","3","3","0","710","0","0","710","710","0","0","0","710","710","3","710","Fri Apr 27 13:03:26 2018","#757575","low","7","The main experiment item","yes","","experiment.osexp","/Users/tom/github/sft-fraction/procedure","no","mono","no","24","no","white","no","yes","800","legacy","62","62","3","/Users/tom/github/sft-fraction/results/data/subject-5a.csv","legacy","#000000","high","4","Jazzy James","3.1.9","0","l","NA","space","space","space","l","return","507","NA","148901","11392","7534","507","15719","2","legacy","1024","2","48000","-16","experiment","5","odd","present","1022745","1022745","NA","1084191","1312","169234","1094400","1094917","1371","150289","161699","1094917","1095435","1006958","1094382","Fraction component detection task","703","417825","711","yes","1280"
"98.8764044944","98.8764044944","587.530898876","587.530898876","#808080","no","legacy","legacy","legacy","0","uniform","1","undefined","undefined","undefined","1","a","3","3","0","711","0","0","711","711","0","0","0","711","711","3","711","Fri Apr 27 13:03:26 2018","#000000","high","4","The main experiment item","yes","","experiment.osexp","/Users/tom/github/sft-fraction/procedure","no","mono","no","24","no","white","no","yes","800","legacy","63","63","3","/Users/tom/github/sft-fraction/results/data/subject-5a.csv","legacy","#757575","low","3","Jazzy James","3.1.9","0","a","NA","space","space","space","a","return","497","NA","148901","11392","7534","497","15719","2","legacy","1024","2","48000","-16","experiment","5","odd","absent","1022745","1022745","NA","1084191","1312","169234","1095523","1096039","1371","150289","161699","1096039","1096546","1006958","1095507","Fraction component detection task","704","418322","712","yes","1280"
"98.8779803647","98.8779803647","587.338008415","587.338008415","#808080","no","legacy","legacy","legacy","0","uniform","1","undefined","undefined","undefined","1","l","3","3","0","712","0","0","712","712","0","0","0","712","712","3","712","Fri Apr 27 13:03:26 2018","#000000","high","6","The main experiment item","yes","","experiment.osexp","/Users/tom/github/sft-fraction/procedure","no","mono","no","24","no","white","no","yes","800","legacy","64","64","3","/Users/tom/github/sft-fraction/results/data/subject-5a.csv","legacy","#000000","high","8","Jazzy James","3.1.9","0","l","NA","space","space","space","l","return","450","NA","148901","11392","7534","450","15719","2","legacy","1024","2","48000","-16","experiment","5","odd","present","1022745","1022745","NA","1084191","1312","169234","1096636","1097157","1371","150289","161699","1097158","1097619","1006958","1096620","Fraction component detection task","705","418772","713","yes","1280"
"98.8795518207","98.8795518207","587.382352941","587.382352941","#808080","no","legacy","legacy","legacy","0","uniform","1","undefined","undefined","undefined","1","l","3","3","0","713","0","0","713","713","0","0","0","713","713","3","713","Fri Apr 27 13:03:26 2018","#000000","high","8","The main experiment item","yes","","experiment.osexp","/Users/tom/github/sft-fraction/procedure","no","mono","no","24","no","white","no","yes","800","legacy","65","65","3","/Users/tom/github/sft-fraction/results/data/subject-5a.csv","legacy","#000000","high","3","Jazzy James","3.1.9","0","l","NA","space","space","space","l","return","619","NA","148901","11392","7534","619","15719","2","legacy","1024","2","48000","-16","experiment","5","odd","present","1022745","1022745","NA","1084191","1312","169234","1097704","1098220","1371","150289","161699","1098221","1098851","1006958","1097688","Fraction component detection task","706","419391","714","yes","1280"
"98.8811188811","98.8811188811","587.141258741","587.141258741","#808080","no","legacy","legacy","legacy","0","uniform","1","undefined","undefined","undefined","1","a","3","3","0","714","0","0","714","714","0","0","0","714","714","3","714","Fri Apr 27 13:03:26 2018","#757575","low","3","The main experiment item","yes","","experiment.osexp","/Users/tom/github/sft-fraction/procedure","no","mono","no","24","no","white","no","yes","800","legacy","66","66","3","/Users/tom/github/sft-fraction/results/data/subject-5a.csv","legacy","#757575","low","4","Jazzy James","3.1.9","0","a","NA","space","space","space","a","return","415","NA","148901","11392","7534","415","15719","2","legacy","1024","2","48000","-16","experiment","5","odd","absent","1022745","1022745","NA","1084191","1312","169234","1098940","1099456","1371","150289","161699","1099457","1099883","1006958","1098919","Fraction component detection task","707","419806","715","yes","1280"
"98.8826815642","98.8826815642","586.956703911","586.956703911","#808080","no","legacy","legacy","legacy","0","uniform","1","undefined","undefined","undefined","1","a","3","3","0","715","0","0","715","715","0","0","0","715","715","3","715","Fri Apr 27 13:03:26 2018","#757575","low","3","The main experiment item","yes","","experiment.osexp","/Users/tom/github/sft-fraction/procedure","no","mono","no","24","no","white","no","yes","800","legacy","67","67","3","/Users/tom/github/sft-fraction/results/data/subject-5a.csv","legacy","#000000","high","2","Jazzy James","3.1.9","0","a","NA","space","space","space","a","return","455","NA","148901","11392","7534","455","15719","2","legacy","1024","2","48000","-16","experiment","5","odd","absent","1022745","1022745","NA","1084191","1312","169234","1099972","1100488","1371","150289","161699","1100489","1100959","1006958","1099951","Fraction component detection task","708","420261","716","yes","1280"
"98.8842398884","98.8842398884","587","587","#808080","no","legacy","legacy","legacy","0","uniform","1","undefined","undefined","undefined","1","a","3","3","0","716","0","0","716","716","0","0","0","716","716","3","716","Fri Apr 27 13:03:26 2018","#000000","high","4","The main experiment item","yes","","experiment.osexp","/Users/tom/github/sft-fraction/procedure","no","mono","no","24","no","white","no","yes","800","legacy","68","68","3","/Users/tom/github/sft-fraction/results/data/subject-5a.csv","legacy","#757575","low","2","Jazzy James","3.1.9","0","a","NA","space","space","space","a","return","618","NA","148901","11392","7534","618","15719","2","legacy","1024","2","48000","-16","experiment","5","odd","absent","1022745","1022745","NA","1084191","1312","169234","1101039","1101557","1371","150289","161699","1101557","1102186","1006958","1101024","Fraction component detection task","709","420879","717","yes","1280"
"98.8857938719","98.8857938719","586.849582173","586.849582173","#808080","no","legacy","legacy","legacy","0","uniform","1","undefined","undefined","undefined","1","a","3","3","0","717","0","0","717","717","0","0","0","717","717","3","717","Fri Apr 27 13:03:26 2018","#757575","low","3","The main experiment item","yes","","experiment.osexp","/Users/tom/github/sft-fraction/procedure","no","mono","no","24","no","white","no","yes","800","legacy","69","69","3","/Users/tom/github/sft-fraction/results/data/subject-5a.csv","legacy","#757575","low","3","Jazzy James","3.1.9","0","a","NA","space","space","space","a","return","479","NA","148901","11392","7534","479","15719","2","legacy","1024","2","48000","-16","experiment","5","odd","absent","1022745","1022745","NA","1084191","1312","169234","1102268","1102785","1371","150289","161699","1102785","1103274","1006958","1102252","Fraction component detection task","710","421358","718","yes","1280"
"98.8873435327","98.8873435327","586.734353268","586.734353268","#808080","no","legacy","legacy","legacy","0","uniform","1","undefined","undefined","undefined","1","a","3","3","0","718","0","0","718","718","0","0","0","718","718","3","718","Fri Apr 27 13:03:26 2018","#000000","high","3","The main experiment item","yes","","experiment.osexp","/Users/tom/github/sft-fraction/procedure","no","mono","no","24","no","white","no","yes","800","legacy","70","70","3","/Users/tom/github/sft-fraction/results/data/subject-5a.csv","legacy","#757575","low","3","Jazzy James","3.1.9","0","a","NA","space","space","space","a","return","504","NA","148901","11392","7534","504","15719","2","legacy","1024","2","48000","-16","experiment","5","odd","absent","1022745","1022745","NA","1084191","1312","169234","1103364","1103881","1371","150289","161699","1103881","1104395","1006958","1103343","Fraction component detection task","711","421862","719","yes","1280"
"98.8888888889","98.8888888889","586.658333333","586.658333333","#808080","no","legacy","legacy","legacy","0","uniform","1","undefined","undefined","undefined","1","l","3","3","0","719","0","0","719","719","0","0","0","719","719","3","719","Fri Apr 27 13:03:26 2018","#000000","high","4","The main experiment item","yes","","experiment.osexp","/Users/tom/github/sft-fraction/procedure","no","mono","no","24","no","white","no","yes","800","legacy","71","71","3","/Users/tom/github/sft-fraction/results/data/subject-5a.csv","legacy","#757575","low","8","Jazzy James","3.1.9","0","l","NA","space","space","space","l","return","532","NA","148901","11392","7534","532","15719","2","legacy","1024","2","48000","-16","experiment","5","odd","present","1022745","1022745","NA","1084191","1312","169234","1104479","1104997","1371","150289","161699","1104997","1105539","1006958","1104463","Fraction component detection task","712","422394","720","yes","1280"
"98.8904299584","98.8904299584","586.510402219","586.510402219","#808080","no","legacy","legacy","legacy","0","uniform","1","undefined","undefined","undefined","1","l","3","3","0","720","0","0","720","720","0","0","0","720","720","3","720","Fri Apr 27 13:03:26 2018","#000000","high","7","The main experiment item","yes","","experiment.osexp","/Users/tom/github/sft-fraction/procedure","no","mono","no","24","no","white","no","yes","800","legacy","72","72","3","/Users/tom/github/sft-fraction/results/data/subject-5a.csv","legacy","#757575","low","3","Jazzy James","3.1.9","0","l","NA","space","space","space","l","return","480","NA","148901","11392","7534","480","15719","2","legacy","1024","2","48000","-16","experiment","5","odd","present","1022745","1022745","NA","1084191","1312","169234","1105625","1106145","1371","150289","161699","1106145","1106635","1006958","1105604","Fraction component detection task","713","422874","721","yes","1280"
"98.891966759","98.891966759","586.371191136","586.371191136","#808080","no","legacy","legacy","legacy","0","uniform","1","undefined","undefined","undefined","1","l","3","3","0","721","0","0","721","721","0","0","0","721","721","3","721","Fri Apr 27 13:03:26 2018","#000000","high","4","The main experiment item","yes","","experiment.osexp","/Users/tom/github/sft-fraction/procedure","no","mono","no","24","no","white","no","yes","800","legacy","73","73","3","/Users/tom/github/sft-fraction/results/data/subject-5a.csv","legacy","#000000","high","6","Jazzy James","3.1.9","0","l","NA","space","space","space","l","return","486","NA","148901","11392","7534","486","15719","2","legacy","1024","2","48000","-16","experiment","5","odd","present","1022745","1022745","NA","1084191","1312","169234","1106718","1107235","1371","150289","161699","1107235","1107731","1006958","1106702","Fraction component detection task","714","423360","722","yes","1280"
"98.8934993084","98.8934993084","586.254495159","586.254495159","#808080","no","legacy","legacy","legacy","0","uniform","1","undefined","undefined","undefined","1","a","3","3","0","722","0","0","722","722","0","0","0","722","722","3","722","Fri Apr 27 13:03:26 2018","#757575","low","4","The main experiment item","yes","","experiment.osexp","/Users/tom/github/sft-fraction/procedure","no","mono","no","24","no","white","no","yes","800","legacy","74","74","3","/Users/tom/github/sft-fraction/results/data/subject-5a.csv","legacy","#000000","high","3","Jazzy James","3.1.9","0","a","NA","space","space","space","a","return","502","NA","148901","11392","7534","502","15719","2","legacy","1024","2","48000","-16","experiment","5","odd","absent","1022745","1022745","NA","1084191","1312","169234","1107814","1108331","1371","150289","161699","1108331","1108843","1006958","1107796","Fraction component detection task","715","423862","723","yes","1280"
"98.8950276243","98.8950276243","586","586","#808080","no","legacy","legacy","legacy","0","uniform","1","undefined","undefined","undefined","1","a","3","3","0","723","0","0","723","723","0","0","0","723","723","3","723","Fri Apr 27 13:03:26 2018","#000000","high","4","The main experiment item","yes","","experiment.osexp","/Users/tom/github/sft-fraction/procedure","no","mono","no","24","no","white","no","yes","800","legacy","75","75","3","/Users/tom/github/sft-fraction/results/data/subject-5a.csv","legacy","#000000","high","4","Jazzy James","3.1.9","0","a","NA","space","space","space","a","return","402","NA","148901","11392","7534","402","15719","2","legacy","1024","2","48000","-16","experiment","5","odd","absent","1022745","1022745","NA","1084191","1312","169234","1108923","1109439","1371","150289","161699","1109439","1109851","1006958","1108907","Fraction component detection task","716","424264","724","yes","1280"
"98.8965517241","98.8965517241","585.809655172","585.809655172","#808080","no","legacy","legacy","legacy","0","uniform","1","undefined","undefined","undefined","1","a","3","3","0","724","0","0","724","724","0","0","0","724","724","3","724","Fri Apr 27 13:03:26 2018","#000000","high","3","The main experiment item","yes","","experiment.osexp","/Users/tom/github/sft-fraction/procedure","no","mono","no","24","no","white","no","yes","800","legacy","76","76","3","/Users/tom/github/sft-fraction/results/data/subject-5a.csv","legacy","#757575","low","2","Jazzy James","3.1.9","0","a","NA","space","space","space","a","return","448","NA","148901","11392","7534","448","15719","2","legacy","1024","2","48000","-16","experiment","5","odd","absent","1022745","1022745","NA","1084191","1312","169234","1109940","1110457","1371","150289","161699","1110457","1110915","1006958","1109921","Fraction component detection task","717","424712","725","yes","1280"
"98.8980716253","98.8980716253","585.55785124","585.55785124","#808080","no","legacy","legacy","legacy","0","uniform","1","undefined","undefined","undefined","1","a","3","3","0","725","0","0","725","725","0","0","0","725","725","3","725","Fri Apr 27 13:03:26 2018","#000000","high","2","The main experiment item","yes","","experiment.osexp","/Users/tom/github/sft-fraction/procedure","no","mono","no","24","no","white","no","yes","800","legacy","77","77","3","/Users/tom/github/sft-fraction/results/data/subject-5a.csv","legacy","#757575","low","3","Jazzy James","3.1.9","0","a","NA","space","space","space","a","return","403","NA","148901","11392","7534","403","15719","2","legacy","1024","2","48000","-16","experiment","5","odd","absent","1022745","1022745","NA","1084191","1312","169234","1110998","1111518","1371","150289","161699","1111518","1111935","1006958","1110982","Fraction component detection task","718","425115","726","yes","1280"
"98.8995873453","98.8995873453","585.492434663","585.492434663","#808080","no","legacy","legacy","legacy","0","uniform","1","undefined","undefined","undefined","1","l","3","3","0","726","0","0","726","726","0","0","0","726","726","3","726","Fri Apr 27 13:03:26 2018","#757575","low","6","The main experiment item","yes","","experiment.osexp","/Users/tom/github/sft-fraction/procedure","no","mono","no","24","no","white","no","yes","800","legacy","78","78","3","/Users/tom/github/sft-fraction/results/data/subject-5a.csv","legacy","#757575","low","2","Jazzy James","3.1.9","0","l","NA","space","space","space","l","return","538","NA","148901","11392","7534","538","15719","2","legacy","1024","2","48000","-16","experiment","5","odd","present","1022745","1022745","NA","1084191","1312","169234","1112016","1112534","1371","150289","161699","1112534","1113083","1006958","1112000","Fraction component detection task","719","425653","727","yes","1280"
"98.9010989011","98.9010989011","585.245879121","585.245879121","#808080","no","legacy","legacy","legacy","0","uniform","1","undefined","undefined","undefined","1","a","3","3","0","727","0","0","727","727","0","0","0","727","727","3","727","Fri Apr 27 13:03:26 2018","#000000","high","3","The main experiment item","yes","","experiment.osexp","/Users/tom/github/sft-fraction/procedure","no","mono","no","24","no","white","no","yes","800","legacy","79","79","3","/Users/tom/github/sft-fraction/results/data/subject-5a.csv","legacy","#757575","low","4","Jazzy James","3.1.9","0","a","NA","space","space","space","a","return","406","NA","148901","11392","7534","406","15719","2","legacy","1024","2","48000","-16","experiment","5","odd","absent","1022745","1022745","NA","1084191","1312","169234","1113165","1113682","1371","150289","161699","1113682","1114098","1006958","1113149","Fraction component detection task","720","426059","728","yes","1280"
"98.90260631","98.90260631","584.983539095","584.983539095","#808080","no","legacy","legacy","legacy","0","uniform","1","undefined","undefined","undefined","1","a","3","3","0","728","0","0","728","728","0","0","0","728","728","3","728","Fri Apr 27 13:03:26 2018","#000000","high","2","The main experiment item","yes","","experiment.osexp","/Users/tom/github/sft-fraction/procedure","no","mono","no","24","no","white","no","yes","800","legacy","80","80","3","/Users/tom/github/sft-fraction/results/data/subject-5a.csv","legacy","#000000","high","4","Jazzy James","3.1.9","0","a","NA","space","space","space","a","return","394","NA","148901","11392","7534","394","15719","2","legacy","1024","2","48000","-16","experiment","5","odd","absent","1022745","1022745","NA","1084191","1312","169234","1114186","1114702","1371","150289","161699","1114702","1115106","1006958","1114169","Fraction component detection task","721","426453","729","yes","1280"
"98.904109589","98.904109589","584.773972603","584.773972603","#808080","no","legacy","legacy","legacy","0","uniform","1","undefined","undefined","undefined","1","l","3","3","0","729","0","0","729","729","0","0","0","729","729","3","729","Fri Apr 27 13:03:26 2018","#000000","high","7","The main experiment item","yes","","experiment.osexp","/Users/tom/github/sft-fraction/procedure","no","mono","no","24","no","white","no","yes","800","legacy","81","81","3","/Users/tom/github/sft-fraction/results/data/subject-5a.csv","legacy","#000000","high","8","Jazzy James","3.1.9","0","l","NA","space","space","space","l","return","432","NA","148901","11392","7534","432","15719","2","legacy","1024","2","48000","-16","experiment","5","odd","present","1022745","1022745","NA","1084191","1312","169234","1115186","1115703","1371","150289","161699","1115704","1116147","1006958","1115171","Fraction component detection task","722","426885","730","yes","1280"
"98.9056087551","98.9056087551","584.584131327","584.584131327","#808080","no","legacy","legacy","legacy","0","uniform","1","undefined","undefined","undefined","1","l","3","3","0","730","0","0","730","730","0","0","0","730","730","3","730","Fri Apr 27 13:03:26 2018","#757575","low","3","The main experiment item","yes","","experiment.osexp","/Users/tom/github/sft-fraction/procedure","no","mono","no","24","no","white","no","yes","800","legacy","82","82","3","/Users/tom/github/sft-fraction/results/data/subject-5a.csv","legacy","#757575","low","7","Jazzy James","3.1.9","0","l","NA","space","space","space","l","return","446","NA","148901","11392","7534","446","15719","2","legacy","1024","2","48000","-16","experiment","5","odd","present","1022745","1022745","NA","1084191","1312","169234","1116235","1116754","1371","150289","161699","1116754","1117211","1006958","1116219","Fraction component detection task","723","427331","731","yes","1280"
"98.9071038251","98.9071038251","584.461748634","584.461748634","#808080","no","legacy","legacy","legacy","0","uniform","1","undefined","undefined","undefined","1","a","3","3","0","731","0","0","731","731","0","0","0","731","731","3","731","Fri Apr 27 13:03:26 2018","#757575","low","4","The main experiment item","yes","","experiment.osexp","/Users/tom/github/sft-fraction/procedure","no","mono","no","24","no","white","no","yes","800","legacy","83","83","3","/Users/tom/github/sft-fraction/results/data/subject-5a.csv","legacy","#000000","high","2","Jazzy James","3.1.9","0","a","NA","space","space","space","a","return","495","NA","148901","11392","7534","495","15719","2","legacy","1024","2","48000","-16","experiment","5","odd","absent","1022745","1022745","NA","1084191","1312","169234","1117292","1117809","1371","150289","161699","1117809","1118316","1006958","1117276","Fraction component detection task","724","427826","732","yes","1280"
"98.9085948158","98.9085948158","584.418826739","584.418826739","#808080","no","legacy","legacy","legacy","0","uniform","1","undefined","undefined","undefined","1","l","3","3","0","732","0","0","732","732","0","0","0","732","732","3","732","Fri Apr 27 13:03:26 2018","#000000","high","6","The main experiment item","yes","","experiment.osexp","/Users/tom/github/sft-fraction/procedure","no","mono","no","24","no","white","no","yes","800","legacy","84","84","3","/Users/tom/github/sft-fraction/results/data/subject-5a.csv","legacy","#757575","low","3","Jazzy James","3.1.9","0","l","NA","space","space","space","l","return","553","NA","148901","11392","7534","553","15719","2","legacy","1024","2","48000","-16","experiment","5","odd","present","1022745","1022745","NA","1084191","1312","169234","1118396","1118912","1371","150289","161699","1118912","1119480","1006958","1118380","Fraction component detection task","725","428379","733","yes","1280"
"98.9100817439","98.9100817439","584.277929155","584.277929155","#808080","no","legacy","legacy","legacy","0","uniform","1","undefined","undefined","undefined","1","l","3","3","0","733","0","0","733","733","0","0","0","733","733","3","733","Fri Apr 27 13:03:26 2018","#000000","high","2","The main experiment item","yes","","experiment.osexp","/Users/tom/github/sft-fraction/procedure","no","mono","no","24","no","white","no","yes","800","legacy","85","85","3","/Users/tom/github/sft-fraction/results/data/subject-5a.csv","legacy","#757575","low","6","Jazzy James","3.1.9","0","l","NA","space","space","space","l","return","481","NA","148901","11392","7534","481","15719","2","legacy","1024","2","48000","-16","experiment","5","odd","present","1022745","1022745","NA","1084191","1312","169234","1119564","1120080","1371","150289","161699","1120080","1120572","1006958","1119548","Fraction component detection task","726","428860","734","yes","1280"
"98.9115646259","98.9115646259","584.103401361","584.103401361","#808080","no","legacy","legacy","legacy","0","uniform","1","undefined","undefined","undefined","1","l","3","3","0","734","0","0","734","734","0","0","0","734","734","3","734","Fri Apr 27 13:03:26 2018","#757575","low","3","The main experiment item","yes","","experiment.osexp","/Users/tom/github/sft-fraction/procedure","no","mono","no","24","no","white","no","yes","800","legacy","86","86","3","/Users/tom/github/sft-fraction/results/data/subject-5a.csv","legacy","#000000","high","8","Jazzy James","3.1.9","0","l","NA","space","space","space","l","return","456","NA","148901","11392","7534","456","15719","2","legacy","1024","2","48000","-16","experiment","5","odd","present","1022745","1022745","NA","1084191","1312","169234","1120654","1121170","1371","150289","161699","1121170","1121639","1006958","1120638","Fraction component detection task","727","429316","735","yes","1280"
"98.9130434783","98.9130434783","583.919836957","583.919836957","#808080","no","legacy","legacy","legacy","0","uniform","1","undefined","undefined","undefined","1","a","3","3","0","735","0","0","735","735","0","0","0","735","735","3","735","Fri Apr 27 13:03:26 2018","#000000","high","3","The main experiment item","yes","","experiment.osexp","/Users/tom/github/sft-fraction/procedure","no","mono","no","24","no","white","no","yes","800","legacy","87","87","3","/Users/tom/github/sft-fraction/results/data/subject-5a.csv","legacy","#757575","low","2","Jazzy James","3.1.9","0","a","NA","space","space","space","a","return","449","NA","148901","11392","7534","449","15719","2","legacy","1024","2","48000","-16","experiment","5","odd","absent","1022745","1022745","NA","1084191","1312","169234","1121725","1122241","1371","150289","161699","1122241","1122704","1006958","1121709","Fraction component detection task","728","429765","736","yes","1280"
"98.9145183175","98.9145183175","583.702849389","583.702849389","#808080","no","legacy","legacy","legacy","0","uniform","1","undefined","undefined","undefined","1","a","3","3","0","736","0","0","736","736","0","0","0","736","736","3","736","Fri Apr 27 13:03:26 2018","#757575","low","4","The main experiment item","yes","","experiment.osexp","/Users/tom/github/sft-fraction/procedure","no","mono","no","24","no","white","no","yes","800","legacy","88","88","3","/Users/tom/github/sft-fraction/results/data/subject-5a.csv","legacy","#000000","high","2","Jazzy James","3.1.9","0","a","NA","space","space","space","a","return","424","NA","148901","11392","7534","424","15719","2","legacy","1024","2","48000","-16","experiment","5","odd","absent","1022745","1022745","NA","1084191","1312","169234","1122788","1123304","1371","150289","161699","1123305","1123741","1006958","1122772","Fraction component detection task","729","430189","737","yes","1280"
"98.9159891599","98.9159891599","583.551490515","583.551490515","#808080","no","legacy","legacy","legacy","0","uniform","1","undefined","undefined","undefined","1","l","3","3","0","737","0","0","737","737","0","0","0","737","737","3","737","Fri Apr 27 13:03:26 2018","#757575","low","2","The main experiment item","yes","","experiment.osexp","/Users/tom/github/sft-fraction/procedure","no","mono","no","24","no","white","no","yes","800","legacy","89","89","3","/Users/tom/github/sft-fraction/results/data/subject-5a.csv","legacy","#000000","high","6","Jazzy James","3.1.9","0","l","NA","space","space","space","l","return","472","NA","148901","11392","7534","472","15719","2","legacy","1024","2","48000","-16","experiment","5","odd","present","1022745","1022745","NA","1084191","1312","169234","1123820","1124337","1371","150289","161699","1124337","1124820","1006958","1123805","Fraction component detection task","730","430661","738","yes","1280"
"98.9174560217","98.9174560217","583.339648173","583.339648173","#808080","no","legacy","legacy","legacy","0","uniform","1","undefined","undefined","undefined","1","a","3","3","0","738","0","0","738","738","0","0","0","738","738","3","738","Fri Apr 27 13:03:26 2018","#757575","low","2","The main experiment item","yes","","experiment.osexp","/Users/tom/github/sft-fraction/procedure","no","mono","no","24","no","white","no","yes","800","legacy","90","90","3","/Users/tom/github/sft-fraction/results/data/subject-5a.csv","legacy","#757575","low","4","Jazzy James","3.1.9","0","a","NA","space","space","space","a","return","427","NA","148901","11392","7534","427","15719","2","legacy","1024","2","48000","-16","experiment","5","odd","absent","1022745","1022745","NA","1084191","1312","169234","1124902","1125422","1371","150289","161699","1125423","1125860","1006958","1124884","Fraction component detection task","731","431088","739","yes","1280"
"98.9189189189","98.9189189189","583.082432432","583.082432432","#808080","no","legacy","legacy","legacy","0","uniform","1","undefined","undefined","undefined","1","a","3","3","0","739","0","0","739","739","0","0","0","739","739","3","739","Fri Apr 27 13:03:26 2018","#757575","low","3","The main experiment item","yes","","experiment.osexp","/Users/tom/github/sft-fraction/procedure","no","mono","no","24","no","white","no","yes","800","legacy","91","91","3","/Users/tom/github/sft-fraction/results/data/subject-5a.csv","legacy","#757575","low","3","Jazzy James","3.1.9","0","a","NA","space","space","space","a","return","393","NA","148901","11392","7534","393","15719","2","legacy","1024","2","48000","-16","experiment","5","odd","absent","1022745","1022745","NA","1084191","1312","169234","1125948","1126465","1371","150289","161699","1126465","1126868","1006958","1125931","Fraction component detection task","732","431481","740","yes","1280"
"98.9203778677","98.9203778677","583.116059379","583.116059379","#808080","no","legacy","legacy","legacy","0","uniform","1","undefined","undefined","undefined","1","l","3","3","0","740","0","0","740","740","0","0","0","740","740","3","740","Fri Apr 27 13:03:26 2018","#757575","low","6","The main experiment item","yes","","experiment.osexp","/Users/tom/github/sft-fraction/procedure","no","mono","no","24","no","white","no","yes","800","legacy","92","92","3","/Users/tom/github/sft-fraction/results/data/subject-5a.csv","legacy","#000000","high","3","Jazzy James","3.1.9","0","l","NA","space","space","space","l","return","608","NA","148901","11392","7534","608","15719","2","legacy","1024","2","48000","-16","experiment","5","odd","present","1022745","1022745","NA","1084191","1312","169234","1126953","1127472","1371","150289","161699","1127473","1128091","1006958","1126937","Fraction component detection task","733","432089","741","yes","1280"
"98.9218328841","98.9218328841","583.0606469","583.0606469","#808080","no","legacy","legacy","legacy","0","uniform","1","undefined","undefined","undefined","1","l","3","3","0","741","0","0","741","741","0","0","0","741","741","3","741","Fri Apr 27 13:03:26 2018","#757575","low","6","The main experiment item","yes","","experiment.osexp","/Users/tom/github/sft-fraction/procedure","no","mono","no","24","no","white","no","yes","800","legacy","93","93","3","/Users/tom/github/sft-fraction/results/data/subject-5a.csv","legacy","#757575","low","7","Jazzy James","3.1.9","0","l","NA","space","space","space","l","return","542","NA","148901","11392","7534","542","15719","2","legacy","1024","2","48000","-16","experiment","5","odd","present","1022745","1022745","NA","1084191","1312","169234","1128173","1128691","1371","150289","161699","1128691","1129244","1006958","1128157","Fraction component detection task","734","432631","742","yes","1280"
"98.9232839838","98.9232839838","582.939434724","582.939434724","#808080","no","legacy","legacy","legacy","0","uniform","1","undefined","undefined","undefined","1","a","3","3","0","742","0","0","742","742","0","0","0","742","742","3","742","Fri Apr 27 13:03:26 2018","#000000","high","4","The main experiment item","yes","","experiment.osexp","/Users/tom/github/sft-fraction/procedure","no","mono","no","24","no","white","no","yes","800","legacy","94","94","3","/Users/tom/github/sft-fraction/results/data/subject-5a.csv","legacy","#000000","high","3","Jazzy James","3.1.9","0","a","NA","space","space","space","a","return","493","NA","148901","11392","7534","493","15719","2","legacy","1024","2","48000","-16","experiment","5","odd","absent","1022745","1022745","NA","1084191","1312","169234","1129328","1129844","1371","150289","161699","1129845","1130348","1006958","1129312","Fraction component detection task","735","433124","743","yes","1280"
"98.9247311828","98.9247311828","582.717741935","582.717741935","#808080","no","legacy","legacy","legacy","0","uniform","1","undefined","undefined","undefined","1","a","3","3","0","743","0","0","743","743","0","0","0","743","743","3","743","Fri Apr 27 13:03:26 2018","#757575","low","2","The main experiment item","yes","","experiment.osexp","/Users/tom/github/sft-fraction/procedure","no","mono","no","24","no","white","no","yes","800","legacy","95","95","3","/Users/tom/github/sft-fraction/results/data/subject-5a.csv","legacy","#000000","high","3","Jazzy James","3.1.9","0","a","NA","space","space","space","a","return","418","NA","148901","11392","7534","418","15719","2","legacy","1024","2","48000","-16","experiment","5","odd","absent","1022745","1022745","NA","1084191","1312","169234","1130435","1130951","1371","150289","161699","1130952","1131385","1006958","1130419","Fraction component detection task","736","433542","744","yes","1280"
"98.9261744966","98.9261744966","582.606711409","582.606711409","#808080","no","legacy","legacy","legacy","0","uniform","1","undefined","undefined","undefined","1","l","3","3","0","744","0","0","744","744","0","0","0","744","744","3","744","Fri Apr 27 13:03:26 2018","#757575","low","7","The main experiment item","yes","","experiment.osexp","/Users/tom/github/sft-fraction/procedure","no","mono","no","24","no","white","no","yes","800","legacy","96","96","3","/Users/tom/github/sft-fraction/results/data/subject-5a.csv","legacy","#757575","low","4","Jazzy James","3.1.9","0","l","NA","space","space","space","l","return","500","NA","148901","11392","7534","500","15719","2","legacy","1024","2","48000","-16","experiment","5","odd","present","1022745","1022745","NA","1084191","1312","169234","1131473","1131989","1371","150289","161699","1131990","1132502","1006958","1131452","Fraction component detection task","737","434042","745","yes","1280"
"98.927613941","98.927613941","582.473190349","582.473190349","#808080","no","legacy","legacy","legacy","0","uniform","1","undefined","undefined","undefined","1","l","3","3","0","745","0","0","745","745","0","0","0","745","745","3","745","Fri Apr 27 13:03:26 2018","#000000","high","6","The main experiment item","yes","","experiment.osexp","/Users/tom/github/sft-fraction/procedure","no","mono","no","24","no","white","no","yes","800","legacy","97","97","3","/Users/tom/github/sft-fraction/results/data/subject-5a.csv","legacy","#000000","high","6","Jazzy James","3.1.9","0","l","NA","space","space","space","l","return","483","NA","148901","11392","7534","483","15719","2","legacy","1024","2","48000","-16","experiment","5","odd","present","1022745","1022745","NA","1084191","1312","169234","1132586","1133103","1371","150289","161699","1133103","1133597","1006958","1132568","Fraction component detection task","738","434525","746","yes","1280"
"98.9290495315","98.9290495315","582.265060241","582.265060241","#808080","no","legacy","legacy","legacy","0","uniform","1","undefined","undefined","undefined","1","l","3","3","0","746","0","0","746","746","0","0","0","746","746","3","746","Fri Apr 27 13:03:26 2018","#000000","high","6","The main experiment item","yes","","experiment.osexp","/Users/tom/github/sft-fraction/procedure","no","mono","no","24","no","white","no","yes","800","legacy","98","98","3","/Users/tom/github/sft-fraction/results/data/subject-5a.csv","legacy","#757575","low","7","Jazzy James","3.1.9","0","l","NA","space","space","space","l","return","427","NA","148901","11392","7534","427","15719","2","legacy","1024","2","48000","-16","experiment","5","odd","present","1022745","1022745","NA","1084191","1312","169234","1133675","1134191","1371","150289","161699","1134191","1134629","1006958","1133660","Fraction component detection task","739","434952","747","yes","1280"
"98.9304812834","98.9304812834","582.04144385","582.04144385","#808080","no","legacy","legacy","legacy","0","uniform","1","undefined","undefined","undefined","1","l","3","3","0","747","0","0","747","747","0","0","0","747","747","3","747","Fri Apr 27 13:03:26 2018","#757575","low","4","The main experiment item","yes","","experiment.osexp","/Users/tom/github/sft-fraction/procedure","no","mono","no","24","no","white","no","yes","800","legacy","99","99","3","/Users/tom/github/sft-fraction/results/data/subject-5a.csv","legacy","#000000","high","8","Jazzy James","3.1.9","0","l","NA","space","space","space","l","return","415","NA","148901","11392","7534","415","15719","2","legacy","1024","2","48000","-16","experiment","5","odd","present","1022745","1022745","NA","1084191","1312","169234","1134710","1135227","1371","150289","161699","1135227","1135654","1006958","1134694","Fraction component detection task","740","435367","748","yes","1280"
"98.9319092123","98.9319092123","581.943925234","581.943925234","#808080","no","legacy","legacy","legacy","0","uniform","1","undefined","undefined","undefined","1","a","3","3","0","748","0","0","748","748","0","0","0","748","748","3","748","Fri Apr 27 13:03:26 2018","#000000","high","3","The main experiment item","yes","","experiment.osexp","/Users/tom/github/sft-fraction/procedure","no","mono","no","24","no","white","no","yes","800","legacy","100","100","3","/Users/tom/github/sft-fraction/results/data/subject-5a.csv","legacy","#000000","high","3","Jazzy James","3.1.9","0","a","NA","space","space","space","a","return","509","NA","148901","11392","7534","509","15719","2","legacy","1024","2","48000","-16","experiment","5","odd","absent","1022745","1022745","NA","1084191","1312","169234","1135735","1136253","1371","150289","161699","1136253","1136772","1006958","1135719","Fraction component detection task","741","435876","749","yes","1280"
"98.9333333333","98.9333333333","581.706666667","581.706666667","#808080","no","legacy","legacy","legacy","0","uniform","1","undefined","undefined","undefined","1","a","3","3","0","749","0","0","749","749","0","0","0","749","749","3","749","Fri Apr 27 13:03:26 2018","#757575","low","2","The main experiment item","yes","","experiment.osexp","/Users/tom/github/sft-fraction/procedure","no","mono","no","24","no","white","no","yes","800","legacy","101","101","3","/Users/tom/github/sft-fraction/results/data/subject-5a.csv","legacy","#757575","low","3","Jazzy James","3.1.9","0","a","NA","space","space","space","a","return","404","NA","148901","11392","7534","404","15719","2","legacy","1024","2","48000","-16","experiment","5","odd","absent","1022745","1022745","NA","1084191","1312","169234","1136856","1137373","1371","150289","161699","1137374","1137789","1006958","1136837","Fraction component detection task","742","436280","750","yes","1280"
"98.9347536618","98.9347536618","581.444740346","581.444740346","#808080","no","legacy","legacy","legacy","0","uniform","1","undefined","undefined","undefined","1","a","3","3","0","750","0","0","750","750","0","0","0","750","750","3","750","Fri Apr 27 13:03:26 2018","#757575","low","4","The main experiment item","yes","","experiment.osexp","/Users/tom/github/sft-fraction/procedure","no","mono","no","24","no","white","no","yes","800","legacy","102","102","3","/Users/tom/github/sft-fraction/results/data/subject-5a.csv","legacy","#000000","high","3","Jazzy James","3.1.9","0","a","NA","space","space","space","a","return","385","NA","148901","11392","7534","385","15719","2","legacy","1024","2","48000","-16","experiment","5","odd","absent","1022745","1022745","NA","1084191","1312","169234","1137872","1138392","1371","150289","161699","1138393","1138789","1006958","1137854","Fraction component detection task","743","436665","751","yes","1280"
"98.9361702128","98.9361702128","581.344414894","581.344414894","#808080","no","legacy","legacy","legacy","0","uniform","1","undefined","undefined","undefined","1","l","3","3","0","751","0","0","751","751","0","0","0","751","751","3","751","Fri Apr 27 13:03:26 2018","#757575","low","7","The main experiment item","yes","","experiment.osexp","/Users/tom/github/sft-fraction/procedure","no","mono","no","24","no","white","no","yes","800","legacy","103","103","3","/Users/tom/github/sft-fraction/results/data/subject-5a.csv","legacy","#757575","low","7","Jazzy James","3.1.9","0","l","NA","space","space","space","l","return","506","NA","148901","11392","7534","506","15719","2","legacy","1024","2","48000","-16","experiment","5","odd","present","1022745","1022745","NA","1084191","1312","169234","1138871","1139392","1371","150289","161699","1139392","1139909","1006958","1138853","Fraction component detection task","744","437171","752","yes","1280"
"98.9375830013","98.9375830013","581.432934927","581.432934927","#808080","no","legacy","legacy","legacy","0","uniform","1","undefined","undefined","undefined","1","l","3","3","0","752","0","0","752","752","0","0","0","752","752","3","752","Fri Apr 27 13:03:26 2018","#757575","low","4","The main experiment item","yes","","experiment.osexp","/Users/tom/github/sft-fraction/procedure","no","mono","no","24","no","white","no","yes","800","legacy","104","104","3","/Users/tom/github/sft-fraction/results/data/subject-5a.csv","legacy","#757575","low","8","Jazzy James","3.1.9","0","l","NA","space","space","space","l","return","648","NA","148901","11392","7534","648","15719","2","legacy","1024","2","48000","-16","experiment","5","odd","present","1022745","1022745","NA","1084191","1312","169234","1139995","1140513","1371","150289","161699","1140513","1141173","1006958","1139977","Fraction component detection task","745","437819","753","yes","1280"
"98.9389920424","98.9389920424","581.24668435","581.24668435","#808080","no","legacy","legacy","legacy","0","uniform","1","undefined","undefined","undefined","1","l","3","3","0","753","0","0","753","753","0","0","0","753","753","3","753","Fri Apr 27 13:03:26 2018","#000000","high","3","The main experiment item","yes","","experiment.osexp","/Users/tom/github/sft-fraction/procedure","no","mono","no","24","no","white","no","yes","800","legacy","105","105","3","/Users/tom/github/sft-fraction/results/data/subject-5a.csv","legacy","#000000","high","7","Jazzy James","3.1.9","0","l","NA","space","space","space","l","return","441","NA","148901","11392","7534","441","15719","2","legacy","1024","2","48000","-16","experiment","5","odd","present","1022745","1022745","NA","1084191","1312","169234","1141258","1141776","1371","150289","161699","1141776","1142228","1006958","1141241","Fraction component detection task","746","438260","754","yes","1280"
"98.940397351","98.940397351","580.97218543","580.97218543","#808080","no","legacy","legacy","legacy","0","uniform","1","undefined","undefined","undefined","1","a","3","3","0","754","0","0","754","754","0","0","0","754","754","3","754","Fri Apr 27 13:03:26 2018","#000000","high","2","The main experiment item","yes","","experiment.osexp","/Users/tom/github/sft-fraction/procedure","no","mono","no","24","no","white","no","yes","800","legacy","106","106","3","/Users/tom/github/sft-fraction/results/data/subject-5a.csv","legacy","#000000","high","2","Jazzy James","3.1.9","0","a","NA","space","space","space","a","return","374","NA","148901","11392","7534","374","15719","2","legacy","1024","2","48000","-16","experiment","5","odd","absent","1022745","1022745","NA","1084191","1312","169234","1142309","1142827","1371","150289","161699","1142827","1143216","1006958","1142293","Fraction component detection task","747","438634","755","yes","1280"
"98.9417989418","98.9417989418","581.010582011","581.010582011","#808080","no","legacy","legacy","legacy","0","uniform","1","undefined","undefined","undefined","1","a","3","3","0","755","0","0","755","755","0","0","0","755","755","3","755","Fri Apr 27 13:03:26 2018","#757575","low","4","The main experiment item","yes","","experiment.osexp","/Users/tom/github/sft-fraction/procedure","no","mono","no","24","no","white","no","yes","800","legacy","107","107","3","/Users/tom/github/sft-fraction/results/data/subject-5a.csv","legacy","#757575","low","3","Jazzy James","3.1.9","0","a","NA","space","space","space","a","return","610","NA","148901","11392","7534","610","15719","2","legacy","1024","2","48000","-16","experiment","5","odd","absent","1022745","1022745","NA","1084191","1312","169234","1143303","1143823","1371","150289","161699","1143824","1144445","1006958","1143285","Fraction component detection task","748","439244","756","yes","1280"
"98.9431968296","98.9431968296","580.822985469","580.822985469","#808080","no","legacy","legacy","legacy","0","uniform","1","undefined","undefined","undefined","1","a","3","3","0","756","0","0","756","756","0","0","0","756","756","3","756","Fri Apr 27 13:03:26 2018","#757575","low","4","The main experiment item","yes","","experiment.osexp","/Users/tom/github/sft-fraction/procedure","no","mono","no","24","no","white","no","yes","800","legacy","108","108","3","/Users/tom/github/sft-fraction/results/data/subject-5a.csv","legacy","#000000","high","4","Jazzy James","3.1.9","0","a","NA","space","space","space","a","return","439","NA","148901","11392","7534","439","15719","2","legacy","1024","2","48000","-16","experiment","5","odd","absent","1022745","1022745","NA","1084191","1312","169234","1144533","1145050","1371","150289","161699","1145051","1145501","1006958","1144516","Fraction component detection task","749","439683","757","yes","1280"
"98.944591029","98.944591029","580.683377309","580.683377309","#808080","no","legacy","legacy","legacy","0","uniform","1","undefined","undefined","undefined","1","a","3","3","0","757","0","0","757","757","0","0","0","757","757","3","757","Fri Apr 27 13:03:26 2018","#000000","high","3","The main experiment item","yes","","experiment.osexp","/Users/tom/github/sft-fraction/procedure","no","mono","no","24","no","white","no","yes","800","legacy","109","109","3","/Users/tom/github/sft-fraction/results/data/subject-5a.csv","legacy","#757575","low","4","Jazzy James","3.1.9","0","a","NA","space","space","space","a","return","475","NA","148901","11392","7534","475","15719","2","legacy","1024","2","48000","-16","experiment","5","odd","absent","1022745","1022745","NA","1084191","1312","169234","1145582","1146104","1371","150289","161699","1146104","1146592","1006958","1145567","Fraction component detection task","750","440158","758","yes","1280"
"98.9459815547","98.9459815547","580.52173913","580.52173913","#808080","no","legacy","legacy","legacy","0","uniform","1","undefined","undefined","undefined","1","a","3","3","0","758","0","0","758","758","0","0","0","758","758","3","758","Fri Apr 27 13:03:26 2018","#757575","low","2","The main experiment item","yes","","experiment.osexp","/Users/tom/github/sft-fraction/procedure","no","mono","no","24","no","white","no","yes","800","legacy","110","110","3","/Users/tom/github/sft-fraction/results/data/subject-5a.csv","legacy","#757575","low","2","Jazzy James","3.1.9","0","a","NA","space","space","space","a","return","458","NA","148901","11392","7534","458","15719","2","legacy","1024","2","48000","-16","experiment","5","odd","absent","1022745","1022745","NA","1084191","1312","169234","1146676","1147192","1371","150289","161699","1147192","1147662","1006958","1146661","Fraction component detection task","751","440616","759","yes","1280"
"98.9473684211","98.9473684211","580.307894737","580.307894737","#808080","no","legacy","legacy","legacy","0","uniform","1","undefined","undefined","undefined","1","l","3","3","0","759","0","0","759","759","0","0","0","759","759","3","759","Fri Apr 27 13:03:26 2018","#000000","high","2","The main experiment item","yes","","experiment.osexp","/Users/tom/github/sft-fraction/procedure","no","mono","no","24","no","white","no","yes","800","legacy","111","111","3","/Users/tom/github/sft-fraction/results/data/subject-5a.csv","legacy","#757575","low","7","Jazzy James","3.1.9","0","l","NA","space","space","space","l","return","418","NA","148901","11392","7534","418","15719","2","legacy","1024","2","48000","-16","experiment","5","odd","present","1022745","1022745","NA","1084191","1312","169234","1147740","1148257","1371","150289","161699","1148257","1148685","1006958","1147725","Fraction component detection task","752","441034","760","yes","1280"
"98.9487516426","98.9487516426","580.056504599","580.056504599","#808080","no","legacy","legacy","legacy","0","uniform","1","undefined","undefined","undefined","1","l","3","3","0","760","0","0","760","760","0","0","0","760","760","3","760","Fri Apr 27 13:03:26 2018","#000000","high","2","The main experiment item","yes","","experiment.osexp","/Users/tom/github/sft-fraction/procedure","no","mono","no","24","no","white","no","yes","800","legacy","112","112","3","/Users/tom/github/sft-fraction/results/data/subject-5a.csv","legacy","#000000","high","6","Jazzy James","3.1.9","0","l","NA","space","space","space","l","return","389","NA","148901","11392","7534","389","15719","2","legacy","1024","2","48000","-16","experiment","5","odd","present","1022745","1022745","NA","1084191","1312","169234","1148770","1149286","1371","150289","161699","1149286","1149685","1006958","1148753","Fraction component detection task","753","441423","761","yes","1280"
"98.9501312336","98.9501312336","579.843832021","579.843832021","#808080","no","legacy","legacy","legacy","0","uniform","1","undefined","undefined","undefined","1","l","3","3","0","761","0","0","761","761","0","0","0","761","761","3","761","Fri Apr 27 13:03:26 2018","#757575","low","7","The main experiment item","yes","","experiment.osexp","/Users/tom/github/sft-fraction/procedure","no","mono","no","24","no","white","no","yes","800","legacy","113","113","3","/Users/tom/github/sft-fraction/results/data/subject-5a.csv","legacy","#000000","high","6","Jazzy James","3.1.9","0","l","NA","space","space","space","l","return","418","NA","148901","11392","7534","418","15719","2","legacy","1024","2","48000","-16","experiment","5","odd","present","1022745","1022745","NA","1084191","1312","169234","1149765","1150281","1371","150289","161699","1150281","1150709","1006958","1149749","Fraction component detection task","754","441841","762","yes","1280"
"98.9515072084","98.9515072084","579.651376147","579.651376147","#808080","no","legacy","legacy","legacy","0","uniform","1","undefined","undefined","undefined","1","l","3","3","0","762","0","0","762","762","0","0","0","762","762","3","762","Fri Apr 27 13:03:26 2018","#000000","high","7","The main experiment item","yes","","experiment.osexp","/Users/tom/github/sft-fraction/procedure","no","mono","no","24","no","white","no","yes","800","legacy","114","114","3","/Users/tom/github/sft-fraction/results/data/subject-5a.csv","legacy","#757575","low","8","Jazzy James","3.1.9","0","l","NA","space","space","space","l","return","433","NA","148901","11392","7534","433","15719","2","legacy","1024","2","48000","-16","experiment","5","odd","present","1022745","1022745","NA","1084191","1312","169234","1150789","1151306","1371","150289","161699","1151306","1151749","1006958","1150773","Fraction component detection task","755","442274","763","yes","1280"
"98.9528795812","98.9528795812","579.501308901","579.501308901","#808080","no","legacy","legacy","legacy","0","uniform","1","undefined","undefined","undefined","1","l","3","3","0","763","0","0","763","763","0","0","0","763","763","3","763","Fri Apr 27 13:03:26 2018","#757575","low","6","The main experiment item","yes","","experiment.osexp","/Users/tom/github/sft-fraction/procedure","no","mono","no","24","no","white","no","yes","800","legacy","115","115","3","/Users/tom/github/sft-fraction/results/data/subject-5a.csv","legacy","#757575","low","6","Jazzy James","3.1.9","0","l","NA","space","space","space","l","return","465","NA","148901","11392","7534","465","15719","2","legacy","1024","2","48000","-16","experiment","5","odd","present","1022745","1022745","NA","1084191","1312","169234","1151836","1152354","1371","150289","161699","1152354","1152829","1006958","1151820","Fraction component detection task","756","442739","764","yes","1280"
"98.954248366","98.954248366","579.333333333","579.333333333","#808080","no","legacy","legacy","legacy","0","uniform","1","undefined","undefined","undefined","1","a","3","3","0","764","0","0","764","764","0","0","0","764","764","3","764","Fri Apr 27 13:03:26 2018","#000000","high","2","The main experiment item","yes","","experiment.osexp","/Users/tom/github/sft-fraction/procedure","no","mono","no","24","no","white","no","yes","800","legacy","116","116","3","/Users/tom/github/sft-fraction/results/data/subject-5a.csv","legacy","#757575","low","2","Jazzy James","3.1.9","0","a","NA","space","space","space","a","return","451","NA","148901","11392","7534","451","15719","2","legacy","1024","2","48000","-16","experiment","5","odd","absent","1022745","1022745","NA","1084191","1312","169234","1152914","1153432","1371","150289","161699","1153432","1153894","1006958","1152899","Fraction component detection task","757","443190","765","yes","1280"
"98.955613577","98.955613577","579.144908616","579.144908616","#808080","no","legacy","legacy","legacy","0","uniform","1","undefined","undefined","undefined","1","a","3","3","0","765","0","0","765","765","0","0","0","765","765","3","765","Fri Apr 27 13:03:26 2018","#000000","high","4","The main experiment item","yes","","experiment.osexp","/Users/tom/github/sft-fraction/procedure","no","mono","no","24","no","white","no","yes","800","legacy","117","117","3","/Users/tom/github/sft-fraction/results/data/subject-5a.csv","legacy","#757575","low","4","Jazzy James","3.1.9","0","a","NA","space","space","space","a","return","435","NA","148901","11392","7534","435","15719","2","legacy","1024","2","48000","-16","experiment","5","odd","absent","1022745","1022745","NA","1084191","1312","169234","1153979","1154496","1371","150289","161699","1154496","1154942","1006958","1153961","Fraction component detection task","758","443625","766","yes","1280"
"98.9569752282","98.9569752282","579.16166884","579.16166884","#808080","no","legacy","legacy","legacy","0","uniform","1","undefined","undefined","undefined","1","l","3","3","0","766","0","0","766","766","0","0","0","766","766","3","766","Fri Apr 27 13:03:26 2018","#757575","low","8","The main experiment item","yes","","experiment.osexp","/Users/tom/github/sft-fraction/procedure","no","mono","no","24","no","white","no","yes","800","legacy","118","118","3","/Users/tom/github/sft-fraction/results/data/subject-5a.csv","legacy","#757575","low","3","Jazzy James","3.1.9","0","l","NA","space","space","space","l","return","592","NA","148901","11392","7534","592","15719","2","legacy","1024","2","48000","-16","experiment","5","odd","present","1022745","1022745","NA","1084191","1312","169234","1155025","1155545","1371","150289","161699","1155546","1156149","1006958","1155009","Fraction component detection task","759","444217","767","yes","1280"
"98.9583333333","98.9583333333","578.984375","578.984375","#808080","no","legacy","legacy","legacy","0","uniform","1","undefined","undefined","undefined","1","l","3","3","0","767","0","0","767","767","0","0","0","767","767","3","767","Fri Apr 27 13:03:26 2018","#000000","high","2","The main experiment item","yes","","experiment.osexp","/Users/tom/github/sft-fraction/procedure","no","mono","no","24","no","white","no","yes","800","legacy","119","119","3","/Users/tom/github/sft-fraction/results/data/subject-5a.csv","legacy","#000000","high","8","Jazzy James","3.1.9","0","l","NA","space","space","space","l","return","443","NA","148901","11392","7534","443","15719","2","legacy","1024","2","48000","-16","experiment","5","odd","present","1022745","1022745","NA","1084191","1312","169234","1156233","1156751","1371","150289","161699","1156751","1157205","1006958","1156215","Fraction component detection task","760","444660","768","yes","1280"
"98.9596879064","98.9596879064","578.817945384","578.817945384","#808080","no","legacy","legacy","legacy","0","uniform","1","undefined","undefined","undefined","1","a","3","3","0","768","0","0","768","768","0","0","0","768","768","3","768","Fri Apr 27 13:03:26 2018","#000000","high","3","The main experiment item","yes","","experiment.osexp","/Users/tom/github/sft-fraction/procedure","no","mono","no","24","no","white","no","yes","800","legacy","120","120","3","/Users/tom/github/sft-fraction/results/data/subject-5a.csv","legacy","#000000","high","4","Jazzy James","3.1.9","0","a","NA","space","space","space","a","return","451","NA","148901","11392","7534","451","15719","2","legacy","1024","2","48000","-16","experiment","5","odd","absent","1022745","1022745","NA","1084191","1312","169234","1157286","1157807","1371","150289","161699","1157807","1158269","1006958","1157270","Fraction component detection task","761","445111","769","yes","1280"
"98.961038961","98.961038961","578.638961039","578.638961039","#808080","no","legacy","legacy","legacy","0","uniform","1","undefined","undefined","undefined","1","l","3","3","0","769","0","0","769","769","0","0","0","769","769","3","769","Fri Apr 27 13:03:26 2018","#000000","high","8","The main experiment item","yes","","experiment.osexp","/Users/tom/github/sft-fraction/procedure","no","mono","no","24","no","white","no","yes","800","legacy","121","121","3","/Users/tom/github/sft-fraction/results/data/subject-5a.csv","legacy","#757575","low","6","Jazzy James","3.1.9","0","l","NA","space","space","space","l","return","441","NA","148901","11392","7534","441","15719","2","legacy","1024","2","48000","-16","experiment","5","odd","present","1022745","1022745","NA","1084191","1312","169234","1158357","1158873","1371","150289","161699","1158874","1159327","1006958","1158341","Fraction component detection task","762","445552","770","yes","1280"
"98.962386511","98.962386511","578.546044099","578.546044099","#808080","no","legacy","legacy","legacy","0","uniform","1","undefined","undefined","undefined","1","l","3","3","0","770","0","0","770","770","0","0","0","770","770","3","770","Fri Apr 27 13:03:26 2018","#757575","low","8","The main experiment item","yes","","experiment.osexp","/Users/tom/github/sft-fraction/procedure","no","mono","no","24","no","white","no","yes","800","legacy","122","122","3","/Users/tom/github/sft-fraction/results/data/subject-5a.csv","legacy","#757575","low","8","Jazzy James","3.1.9","0","l","NA","space","space","space","l","return","507","NA","148901","11392","7534","507","15719","2","legacy","1024","2","48000","-16","experiment","5","odd","present","1022745","1022745","NA","1084191","1312","169234","1159414","1159935","1371","150289","161699","1159936","1160454","1006958","1159398","Fraction component detection task","763","446059","771","yes","1280"
"98.9637305699","98.9637305699","578.472797927","578.472797927","#808080","no","legacy","legacy","legacy","0","uniform","1","undefined","undefined","undefined","1","l","3","3","0","771","0","0","771","771","0","0","0","771","771","3","771","Fri Apr 27 13:03:26 2018","#000000","high","8","The main experiment item","yes","","experiment.osexp","/Users/tom/github/sft-fraction/procedure","no","mono","no","24","no","white","no","yes","800","legacy","123","123","3","/Users/tom/github/sft-fraction/results/data/subject-5a.csv","legacy","#000000","high","4","Jazzy James","3.1.9","0","l","NA","space","space","space","l","return","522","NA","148901","11392","7534","522","15719","2","legacy","1024","2","48000","-16","experiment","5","odd","present","1022745","1022745","NA","1084191","1312","169234","1160534","1161057","1371","150289","161699","1161057","1161590","1006958","1160519","Fraction component detection task","764","446581","772","yes","1280"
"98.9650711514","98.9650711514","578.522639069","578.522639069","#808080","no","legacy","legacy","legacy","0","uniform","1","undefined","undefined","undefined","1","l","3","3","0","772","0","0","772","772","0","0","0","772","772","3","772","Fri Apr 27 13:03:26 2018","#757575","low","6","The main experiment item","yes","","experiment.osexp","/Users/tom/github/sft-fraction/procedure","no","mono","no","24","no","white","no","yes","800","legacy","124","124","3","/Users/tom/github/sft-fraction/results/data/subject-5a.csv","legacy","#000000","high","2","Jazzy James","3.1.9","0","l","NA","space","space","space","l","return","617","NA","148901","11392","7534","617","15719","2","legacy","1024","2","48000","-16","experiment","5","odd","present","1022745","1022745","NA","1084191","1312","169234","1161670","1162186","1371","150289","161699","1162186","1162814","1006958","1161655","Fraction component detection task","765","447198","773","yes","1280"
"98.9664082687","98.9664082687","578.396640827","578.396640827","#808080","no","legacy","legacy","legacy","0","uniform","1","undefined","undefined","undefined","1","l","3","3","0","773","0","0","773","773","0","0","0","773","773","3","773","Fri Apr 27 13:03:26 2018","#757575","low","2","The main experiment item","yes","","experiment.osexp","/Users/tom/github/sft-fraction/procedure","no","mono","no","24","no","white","no","yes","800","legacy","125","125","3","/Users/tom/github/sft-fraction/results/data/subject-5a.csv","legacy","#757575","low","6","Jazzy James","3.1.9","0","l","NA","space","space","space","l","return","481","NA","148901","11392","7534","481","15719","2","legacy","1024","2","48000","-16","experiment","5","odd","present","1022745","1022745","NA","1084191","1312","169234","1162894","1163410","1371","150289","161699","1163410","1163902","1006958","1162878","Fraction component detection task","766","447679","774","yes","1280"
"98.9677419355","98.9677419355","578.393548387","578.393548387","#808080","no","legacy","legacy","legacy","0","uniform","1","undefined","undefined","undefined","1","l","3","3","0","774","0","0","774","774","0","0","0","774","774","3","774","Fri Apr 27 13:03:26 2018","#757575","low","7","The main experiment item","yes","","experiment.osexp","/Users/tom/github/sft-fraction/procedure","no","mono","no","24","no","white","no","yes","800","legacy","126","126","3","/Users/tom/github/sft-fraction/results/data/subject-5a.csv","legacy","#000000","high","2","Jazzy James","3.1.9","0","l","NA","space","space","space","l","return","576","NA","148901","11392","7534","576","15719","2","legacy","1024","2","48000","-16","experiment","5","odd","present","1022745","1022745","NA","1084191","1312","169234","1163988","1164505","1371","150289","161699","1164506","1165094","1006958","1163972","Fraction component detection task","767","448255","775","yes","1280"
"98.9690721649","98.9690721649","578.184278351","578.184278351","#808080","no","legacy","legacy","legacy","0","uniform","1","undefined","undefined","undefined","1","l","3","3","0","775","0","0","775","775","0","0","0","775","775","3","775","Fri Apr 27 13:03:26 2018","#000000","high","7","The main experiment item","yes","","experiment.osexp","/Users/tom/github/sft-fraction/procedure","no","mono","no","24","no","white","no","yes","800","legacy","127","127","3","/Users/tom/github/sft-fraction/results/data/subject-5a.csv","legacy","#000000","high","3","Jazzy James","3.1.9","0","l","NA","space","space","space","l","return","416","NA","148901","11392","7534","416","15719","2","legacy","1024","2","48000","-16","experiment","5","odd","present","1022745","1022745","NA","1084191","1312","169234","1165179","1165698","1371","150289","161699","1165698","1166125","1006958","1165164","Fraction component detection task","768","448671","776","yes","1280"
"98.9703989704","98.9703989704","578.061776062","578.061776062","#808080","no","legacy","legacy","legacy","0","uniform","1","undefined","undefined","undefined","1","l","3","3","0","776","0","0","776","776","0","0","0","776","776","3","776","Fri Apr 27 13:03:26 2018","#757575","low","8","The main experiment item","yes","","experiment.osexp","/Users/tom/github/sft-fraction/procedure","no","mono","no","24","no","white","no","yes","800","legacy","128","128","3","/Users/tom/github/sft-fraction/results/data/subject-5a.csv","legacy","#757575","low","6","Jazzy James","3.1.9","0","l","NA","space","space","space","l","return","483","NA","148901","11392","7534","483","15719","2","legacy","1024","2","48000","-16","experiment","5","odd","present","1022745","1022745","NA","1084191","1312","169234","1166205","1166727","1371","150289","161699","1166727","1167221","1006958","1166190","Fraction component detection task","769","449154","777","yes","1280"
"98.971722365","98.971722365","578.041131105","578.041131105","#808080","no","legacy","legacy","legacy","0","uniform","1","undefined","undefined","undefined","1","l","3","3","0","777","0","0","777","777","0","0","0","777","777","3","777","Fri Apr 27 13:03:26 2018","#757575","low","6","The main experiment item","yes","","experiment.osexp","/Users/tom/github/sft-fraction/procedure","no","mono","no","24","no","white","no","yes","800","legacy","129","129","3","/Users/tom/github/sft-fraction/results/data/subject-5a.csv","legacy","#757575","low","4","Jazzy James","3.1.9","0","l","NA","space","space","space","l","return","562","NA","148901","11392","7534","562","15719","2","legacy","1024","2","48000","-16","experiment","5","odd","present","1022745","1022745","NA","1084191","1312","169234","1167315","1167834","1371","150289","161699","1167834","1168407","1006958","1167293","Fraction component detection task","770","449716","778","yes","1280"
"98.973042362","98.973042362","577.979460847","577.979460847","#808080","no","legacy","legacy","legacy","0","uniform","1","undefined","undefined","undefined","1","l","3","3","0","778","0","0","778","778","0","0","0","778","778","3","778","Fri Apr 27 13:03:26 2018","#000000","high","8","The main experiment item","yes","","experiment.osexp","/Users/tom/github/sft-fraction/procedure","no","mono","no","24","no","white","no","yes","800","legacy","130","130","3","/Users/tom/github/sft-fraction/results/data/subject-5a.csv","legacy","#000000","high","2","Jazzy James","3.1.9","0","l","NA","space","space","space","l","return","530","NA","148901","11392","7534","530","15719","2","legacy","1024","2","48000","-16","experiment","5","odd","present","1022745","1022745","NA","1084191","1312","169234","1168492","1169008","1371","150289","161699","1169009","1169550","1006958","1168471","Fraction component detection task","771","450246","779","yes","1280"
"98.9743589744","98.9743589744","577.873076923","577.873076923","#808080","no","legacy","legacy","legacy","0","uniform","1","undefined","undefined","undefined","1","a","3","3","0","779","0","0","779","779","0","0","0","779","779","3","779","Fri Apr 27 13:03:26 2018","#757575","low","4","The main experiment item","yes","","experiment.osexp","/Users/tom/github/sft-fraction/procedure","no","mono","no","24","no","white","no","yes","800","legacy","131","131","3","/Users/tom/github/sft-fraction/results/data/subject-5a.csv","legacy","#757575","low","2","Jazzy James","3.1.9","0","a","NA","space","space","space","a","return","495","NA","148901","11392","7534","495","15719","2","legacy","1024","2","48000","-16","experiment","5","odd","absent","1022745","1022745","NA","1084191","1312","169234","1169640","1170156","1371","150289","161699","1170157","1170663","1006958","1169619","Fraction component detection task","772","450741","780","yes","1280"
"98.9756722151","98.9756722151","577.723431498","577.723431498","#808080","no","legacy","legacy","legacy","0","uniform","1","undefined","undefined","undefined","1","a","3","3","0","780","0","0","780","780","0","0","0","780","780","3","780","Fri Apr 27 13:03:26 2018","#000000","high","3","The main experiment item","yes","","experiment.osexp","/Users/tom/github/sft-fraction/procedure","no","mono","no","24","no","white","no","yes","800","legacy","132","132","3","/Users/tom/github/sft-fraction/results/data/subject-5a.csv","legacy","#000000","high","3","Jazzy James","3.1.9","0","a","NA","space","space","space","a","return","461","NA","148901","11392","7534","461","15719","2","legacy","1024","2","48000","-16","experiment","5","odd","absent","1022745","1022745","NA","1084191","1312","169234","1170742","1171263","1371","150289","161699","1171263","1171735","1006958","1170726","Fraction component detection task","773","451202","781","yes","1280"
"98.9769820972","98.9769820972","577.622762148","577.622762148","#808080","no","legacy","legacy","legacy","0","uniform","1","undefined","undefined","undefined","1","a","3","3","0","781","0","0","781","781","0","0","0","781","781","3","781","Fri Apr 27 13:03:26 2018","#757575","low","4","The main experiment item","yes","","experiment.osexp","/Users/tom/github/sft-fraction/procedure","no","mono","no","24","no","white","no","yes","800","legacy","133","133","3","/Users/tom/github/sft-fraction/results/data/subject-5a.csv","legacy","#757575","low","2","Jazzy James","3.1.9","0","a","NA","space","space","space","a","return","499","NA","148901","11392","7534","499","15719","2","legacy","1024","2","48000","-16","experiment","5","odd","absent","1022745","1022745","NA","1084191","1312","169234","1171824","1172345","1371","150289","161699","1172345","1172855","1006958","1171807","Fraction component detection task","774","451701","782","yes","1280"
"98.9782886335","98.9782886335","577.578544061","577.578544061","#808080","no","legacy","legacy","legacy","0","uniform","1","undefined","undefined","undefined","1","l","3","3","0","782","0","0","782","782","0","0","0","782","782","3","782","Fri Apr 27 13:03:26 2018","#757575","low","4","The main experiment item","yes","","experiment.osexp","/Users/tom/github/sft-fraction/procedure","no","mono","no","24","no","white","no","yes","800","legacy","134","134","3","/Users/tom/github/sft-fraction/results/data/subject-5a.csv","legacy","#757575","low","7","Jazzy James","3.1.9","0","l","NA","space","space","space","l","return","543","NA","148901","11392","7534","543","15719","2","legacy","1024","2","48000","-16","experiment","5","odd","present","1022745","1022745","NA","1084191","1312","169234","1172936","1173453","1371","150289","161699","1173453","1174007","1006958","1172920","Fraction component detection task","775","452244","783","yes","1280"
"98.9795918367","98.9795918367","577.433673469","577.433673469","#808080","no","legacy","legacy","legacy","0","uniform","1","undefined","undefined","undefined","1","l","3","3","0","783","0","0","783","783","0","0","0","783","783","3","783","Fri Apr 27 13:03:26 2018","#000000","high","6","The main experiment item","yes","","experiment.osexp","/Users/tom/github/sft-fraction/procedure","no","mono","no","24","no","white","no","yes","800","legacy","135","135","3","/Users/tom/github/sft-fraction/results/data/subject-5a.csv","legacy","#000000","high","3","Jazzy James","3.1.9","0","l","NA","space","space","space","l","return","464","NA","148901","11392","7534","464","15719","2","legacy","1024","2","48000","-16","experiment","5","odd","present","1022745","1022745","NA","1084191","1312","169234","1174093","1174610","1371","150289","161699","1174611","1175086","1006958","1174077","Fraction component detection task","776","452708","784","yes","1280"
"98.9808917197","98.9808917197","577.280254777","577.280254777","#808080","no","legacy","legacy","legacy","0","uniform","1","undefined","undefined","undefined","1","l","3","3","0","784","0","0","784","784","0","0","0","784","784","3","784","Fri Apr 27 13:03:26 2018","#757575","low","6","The main experiment item","yes","","experiment.osexp","/Users/tom/github/sft-fraction/procedure","no","mono","no","24","no","white","no","yes","800","legacy","136","136","3","/Users/tom/github/sft-fraction/results/data/subject-5a.csv","legacy","#000000","high","8","Jazzy James","3.1.9","0","l","NA","space","space","space","l","return","457","NA","148901","11392","7534","457","15719","2","legacy","1024","2","48000","-16","experiment","5","odd","present","1022745","1022745","NA","1084191","1312","169234","1175171","1175690","1371","150289","161699","1175690","1176159","1006958","1175154","Fraction component detection task","777","453165","785","yes","1280"
"98.9821882952","98.9821882952","577.136132316","577.136132316","#808080","no","legacy","legacy","legacy","0","uniform","1","undefined","undefined","undefined","1","a","3","3","0","785","0","0","785","785","0","0","0","785","785","3","785","Fri Apr 27 13:03:26 2018","#000000","high","2","The main experiment item","yes","","experiment.osexp","/Users/tom/github/sft-fraction/procedure","no","mono","no","24","no","white","no","yes","800","legacy","137","137","3","/Users/tom/github/sft-fraction/results/data/subject-5a.csv","legacy","#000000","high","2","Jazzy James","3.1.9","0","a","NA","space","space","space","a","return","464","NA","148901","11392","7534","464","15719","2","legacy","1024","2","48000","-16","experiment","5","odd","absent","1022745","1022745","NA","1084191","1312","169234","1176243","1176762","1371","150289","161699","1176763","1177242","1006958","1176225","Fraction component detection task","778","453629","786","yes","1280"
"98.9834815756","98.9834815756","576.936467598","576.936467598","#808080","no","legacy","legacy","legacy","0","uniform","1","undefined","undefined","undefined","1","l","3","3","0","786","0","0","786","786","0","0","0","786","786","3","786","Fri Apr 27 13:03:26 2018","#000000","high","3","The main experiment item","yes","","experiment.osexp","/Users/tom/github/sft-fraction/procedure","no","mono","no","24","no","white","no","yes","800","legacy","138","138","3","/Users/tom/github/sft-fraction/results/data/subject-5a.csv","legacy","#000000","high","8","Jazzy James","3.1.9","0","l","NA","space","space","space","l","return","420","NA","148901","11392","7534","420","15719","2","legacy","1024","2","48000","-16","experiment","5","odd","present","1022745","1022745","NA","1084191","1312","169234","1177322","1177839","1371","150289","161699","1177839","1178271","1006958","1177305","Fraction component detection task","779","454049","787","yes","1280"
"98.9847715736","98.9847715736","576.885786802","576.885786802","#808080","no","legacy","legacy","legacy","0","uniform","1","undefined","undefined","undefined","1","l","3","3","0","787","0","0","787","787","0","0","0","787","787","3","787","Fri Apr 27 13:03:26 2018","#000000","high","3","The main experiment item","yes","","experiment.osexp","/Users/tom/github/sft-fraction/procedure","no","mono","no","24","no","white","no","yes","800","legacy","139","139","3","/Users/tom/github/sft-fraction/results/data/subject-5a.csv","legacy","#000000","high","6","Jazzy James","3.1.9","0","l","NA","space","space","space","l","return","537","NA","148901","11392","7534","537","15719","2","legacy","1024","2","48000","-16","experiment","5","odd","present","1022745","1022745","NA","1084191","1312","169234","1178359","1178875","1371","150289","161699","1178875","1179424","1006958","1178342","Fraction component detection task","780","454586","788","yes","1280"
"98.9860583016","98.9860583016","577.177439797","577.177439797","#808080","no","legacy","legacy","legacy","0","uniform","1","undefined","undefined","undefined","1","a","3","3","0","788","0","0","788","788","0","0","0","788","788","3","788","Fri Apr 27 13:03:26 2018","#757575","low","4","The main experiment item","yes","","experiment.osexp","/Users/tom/github/sft-fraction/procedure","no","mono","no","24","no","white","no","yes","800","legacy","140","140","3","/Users/tom/github/sft-fraction/results/data/subject-5a.csv","legacy","#757575","low","3","Jazzy James","3.1.9","0","a","NA","space","space","space","a","return","807","NA","148901","11392","7534","807","15719","2","legacy","1024","2","48000","-16","experiment","5","odd","absent","1022745","1022745","NA","1084191","1312","169234","1179504","1180021","1371","150289","161699","1180021","1180839","1006958","1179489","Fraction component detection task","781","455393","789","yes","1280"
"98.9873417722","98.9873417722","577.067088608","577.067088608","#808080","no","legacy","legacy","legacy","0","uniform","1","undefined","undefined","undefined","1","a","3","3","0","789","0","0","789","789","0","0","0","789","789","3","789","Fri Apr 27 13:03:26 2018","#000000","high","4","The main experiment item","yes","","experiment.osexp","/Users/tom/github/sft-fraction/procedure","no","mono","no","24","no","white","no","yes","800","legacy","141","141","3","/Users/tom/github/sft-fraction/results/data/subject-5a.csv","legacy","#000000","high","4","Jazzy James","3.1.9","0","a","NA","space","space","space","a","return","490","NA","148901","11392","7534","490","15719","2","legacy","1024","2","48000","-16","experiment","5","odd","absent","1022745","1022745","NA","1084191","1312","169234","1180931","1181450","1371","150289","161699","1181450","1181958","1006958","1180911","Fraction component detection task","782","455883","790","yes","1280"
"98.9886219975","98.9886219975","576.983565107","576.983565107","#808080","no","legacy","legacy","legacy","0","uniform","1","undefined","undefined","undefined","1","a","3","3","0","790","0","0","790","790","0","0","0","790","790","3","790","Fri Apr 27 13:03:26 2018","#000000","high","2","The main experiment item","yes","","experiment.osexp","/Users/tom/github/sft-fraction/procedure","no","mono","no","24","no","white","no","yes","800","legacy","142","142","3","/Users/tom/github/sft-fraction/results/data/subject-5a.csv","legacy","#000000","high","3","Jazzy James","3.1.9","0","a","NA","space","space","space","a","return","511","NA","148901","11392","7534","511","15719","2","legacy","1024","2","48000","-16","experiment","5","odd","absent","1022745","1022745","NA","1084191","1312","169234","1182037","1182555","1371","150289","161699","1182556","1183083","1006958","1182021","Fraction component detection task","783","456394","791","yes","1280"
"98.9898989899","98.9898989899","576.827020202","576.827020202","#808080","no","legacy","legacy","legacy","0","uniform","1","undefined","undefined","undefined","1","a","3","3","0","791","0","0","791","791","0","0","0","791","791","3","791","Fri Apr 27 13:03:26 2018","#757575","low","3","The main experiment item","yes","","experiment.osexp","/Users/tom/github/sft-fraction/procedure","no","mono","no","24","no","white","no","yes","800","legacy","143","143","3","/Users/tom/github/sft-fraction/results/data/subject-5a.csv","legacy","#000000","high","3","Jazzy James","3.1.9","0","a","NA","space","space","space","a","return","453","NA","148901","11392","7534","453","15719","2","legacy","1024","2","48000","-16","experiment","5","odd","absent","1022745","1022745","NA","1084191","1312","169234","1183165","1183686","1371","150289","161699","1183686","1184151","1006958","1183148","Fraction component detection task","784","456847","792","yes","1280"
"98.9911727617","98.9911727617","576.612862547","576.612862547","#808080","no","legacy","legacy","legacy","0","uniform","1","undefined","undefined","undefined","1","a","3","3","0","792","0","0","792","792","0","0","0","792","792","3","792","Fri Apr 27 13:03:26 2018","#757575","low","3","The main experiment item","yes","","experiment.osexp","/Users/tom/github/sft-fraction/procedure","no","mono","no","24","no","white","no","yes","800","legacy","144","144","3","/Users/tom/github/sft-fraction/results/data/subject-5a.csv","legacy","#000000","high","3","Jazzy James","3.1.9","0","a","NA","space","space","space","a","return","407","NA","148901","11392","7534","407","15719","2","legacy","1024","2","48000","-16","experiment","5","odd","absent","1022745","1022745","NA","1084191","1312","169234","1184239","1184756","1371","150289","161699","1184756","1185175","1006958","1184223","Fraction component detection task","785","457254","793","yes","1280"
"98.9924433249","98.9924433249","576.439546599","576.439546599","#808080","no","legacy","legacy","legacy","0","uniform","1","undefined","undefined","undefined","1","a","3","3","0","793","0","0","793","793","0","0","0","793","793","3","793","Fri Apr 27 13:03:26 2018","#000000","high","2","The main experiment item","yes","","experiment.osexp","/Users/tom/github/sft-fraction/procedure","no","mono","no","24","no","white","no","yes","800","legacy","145","145","3","/Users/tom/github/sft-fraction/results/data/subject-5a.csv","legacy","#757575","low","3","Jazzy James","3.1.9","0","a","NA","space","space","space","a","return","439","NA","148901","11392","7534","439","15719","2","legacy","1024","2","48000","-16","experiment","5","odd","absent","1022745","1022745","NA","1084191","1312","169234","1185255","1185771","1371","150289","161699","1185772","1186222","1006958","1185239","Fraction component detection task","786","457693","794","yes","1280"
"98.9937106918","98.9937106918","576.271698113","576.271698113","#808080","no","legacy","legacy","legacy","0","uniform","1","undefined","undefined","undefined","1","l","3","3","0","794","0","0","794","794","0","0","0","794","794","3","794","Fri Apr 27 13:03:26 2018","#757575","low","2","The main experiment item","yes","","experiment.osexp","/Users/tom/github/sft-fraction/procedure","no","mono","no","24","no","white","no","yes","800","legacy","146","146","3","/Users/tom/github/sft-fraction/results/data/subject-5a.csv","legacy","#757575","low","7","Jazzy James","3.1.9","0","l","NA","space","space","space","l","return","443","NA","148901","11392","7534","443","15719","2","legacy","1024","2","48000","-16","experiment","5","odd","present","1022745","1022745","NA","1084191","1312","169234","1186306","1186824","1371","150289","161699","1186824","1187281","1006958","1186290","Fraction component detection task","787","458136","795","yes","1280"
"98.8693467337","98.8693467337","576.123115578","576.123115578","#808080","no","legacy","legacy","legacy","0","uniform","0","undefined","undefined","undefined","0","a","3","3","0","795","0","0","795","795","0","0","0","795","795","3","795","Fri Apr 27 13:03:26 2018","#757575","low","4","The main experiment item","yes","","experiment.osexp","/Users/tom/github/sft-fraction/procedure","no","mono","no","24","no","white","no","yes","800","legacy","147","147","3","/Users/tom/github/sft-fraction/results/data/subject-5a.csv","legacy","#757575","low","4","Jazzy James","3.1.9","0","l","NA","space","space","space","l","return","458","NA","148901","11392","7534","458","15719","2","legacy","1024","2","48000","-16","experiment","5","odd","absent","1022745","1022745","NA","1084191","1312","169234","1187364","1187881","1371","150289","161699","1187882","1188356","1006958","1187347","Fraction component detection task","787","458594","796","yes","1280"
"98.8707653701","98.8707653701","576.545796738","576.545796738","#808080","no","legacy","legacy","legacy","0","uniform","1","undefined","undefined","undefined","1","l","3","3","0","796","0","0","796","796","0","0","0","796","796","3","796","Fri Apr 27 13:03:26 2018","#000000","high","8","The main experiment item","yes","","experiment.osexp","/Users/tom/github/sft-fraction/procedure","no","mono","no","24","no","white","no","yes","800","legacy","148","148","3","/Users/tom/github/sft-fraction/results/data/subject-5a.csv","legacy","#757575","low","2","Jazzy James","3.1.9","0","l","NA","space","space","space","l","return","913","NA","148901","11392","7534","913","15719","2","legacy","1024","2","48000","-16","experiment","5","odd","present","1022745","1022745","NA","1188377","1312","169234","1189460","1189978","1371","150289","161699","1189979","1190904","1006958","1189440","Fraction component detection task","788","459507","797","yes","1280"
"98.8721804511","98.8721804511","576.55764411","576.55764411","#808080","no","legacy","legacy","legacy","0","uniform","1","undefined","undefined","undefined","1","a","3","3","0","797","0","0","797","797","0","0","0","797","797","3","797","Fri Apr 27 13:03:26 2018","#000000","high","4","The main experiment item","yes","","experiment.osexp","/Users/tom/github/sft-fraction/procedure","no","mono","no","24","no","white","no","yes","800","legacy","149","149","3","/Users/tom/github/sft-fraction/results/data/subject-5a.csv","legacy","#757575","low","2","Jazzy James","3.1.9","0","a","NA","space","space","space","a","return","586","NA","148901","11392","7534","586","15719","2","legacy","1024","2","48000","-16","experiment","5","odd","absent","1022745","1022745","NA","1188377","1312","169234","1190992","1191512","1371","150289","161699","1191513","1192111","1006958","1190975","Fraction component detection task","789","460093","798","yes","1280"
"98.87359199","98.87359199","576.409261577","576.409261577","#808080","no","legacy","legacy","legacy","0","uniform","1","undefined","undefined","undefined","1","a","3","3","0","798","0","0","798","798","0","0","0","798","798","3","798","Fri Apr 27 13:03:26 2018","#757575","low","2","The main experiment item","yes","","experiment.osexp","/Users/tom/github/sft-fraction/procedure","no","mono","no","24","no","white","no","yes","800","legacy","150","150","3","/Users/tom/github/sft-fraction/results/data/subject-5a.csv","legacy","#000000","high","2","Jazzy James","3.1.9","0","a","NA","space","space","space","a","return","458","NA","148901","11392","7534","458","15719","2","legacy","1024","2","48000","-16","experiment","5","odd","absent","1022745","1022745","NA","1188377","1312","169234","1192197","1192714","1371","150289","161699","1192714","1193183","1006958","1192181","Fraction component detection task","790","460551","799","yes","1280"
"98.875","98.875","576.15","576.15","#808080","no","legacy","legacy","legacy","0","uniform","1","undefined","undefined","undefined","1","a","3","3","0","799","0","0","799","799","0","0","0","799","799","3","799","Fri Apr 27 13:03:26 2018","#000000","high","2","The main experiment item","yes","","experiment.osexp","/Users/tom/github/sft-fraction/procedure","no","mono","no","24","no","white","no","yes","800","legacy","151","151","3","/Users/tom/github/sft-fraction/results/data/subject-5a.csv","legacy","#000000","high","4","Jazzy James","3.1.9","0","a","NA","space","space","space","a","return","369","NA","148901","11392","7534","369","15719","2","legacy","1024","2","48000","-16","experiment","5","odd","absent","1022745","1022745","NA","1188377","1312","169234","1193269","1193786","1371","150289","161699","1193787","1194171","1006958","1193248","Fraction component detection task","791","460920","800","yes","1280"
"98.8764044944","98.8764044944","576.073657928","576.073657928","#808080","no","legacy","legacy","legacy","0","uniform","1","undefined","undefined","undefined","1","l","3","3","0","800","0","0","800","800","0","0","0","800","800","3","800","Fri Apr 27 13:03:26 2018","#000000","high","6","The main experiment item","yes","","experiment.osexp","/Users/tom/github/sft-fraction/procedure","no","mono","no","24","no","white","no","yes","800","legacy","152","152","3","/Users/tom/github/sft-fraction/results/data/subject-5a.csv","legacy","#000000","high","2","Jazzy James","3.1.9","0","l","NA","space","space","space","l","return","515","NA","148901","11392","7534","515","15719","2","legacy","1024","2","48000","-16","experiment","5","odd","present","1022745","1022745","NA","1188377","1312","169234","1194257","1194777","1371","150289","161699","1194777","1195304","1006958","1194240","Fraction component detection task","792","461435","801","yes","1280"
"98.8778054863","98.8778054863","576","576","#808080","no","legacy","legacy","legacy","0","uniform","1","undefined","undefined","undefined","1","l","3","3","0","801","0","0","801","801","0","0","0","801","801","3","801","Fri Apr 27 13:03:26 2018","#000000","high","7","The main experiment item","yes","","experiment.osexp","/Users/tom/github/sft-fraction/procedure","no","mono","no","24","no","white","no","yes","800","legacy","153","153","3","/Users/tom/github/sft-fraction/results/data/subject-5a.csv","legacy","#757575","low","2","Jazzy James","3.1.9","0","l","NA","space","space","space","l","return","517","NA","148901","11392","7534","517","15719","2","legacy","1024","2","48000","-16","experiment","5","odd","present","1022745","1022745","NA","1188377","1312","169234","1195394","1195912","1371","150289","161699","1195912","1196440","1006958","1195375","Fraction component detection task","793","461952","802","yes","1280"
"98.8792029888","98.8792029888","576.271481943","576.271481943","#808080","no","legacy","legacy","legacy","0","uniform","1","undefined","undefined","undefined","1","a","3","3","0","802","0","0","802","802","0","0","0","802","802","3","802","Fri Apr 27 13:03:26 2018","#757575","low","3","The main experiment item","yes","","experiment.osexp","/Users/tom/github/sft-fraction/procedure","no","mono","no","24","no","white","no","yes","800","legacy","154","154","3","/Users/tom/github/sft-fraction/results/data/subject-5a.csv","legacy","#000000","high","3","Jazzy James","3.1.9","0","a","NA","space","space","space","a","return","794","NA","148901","11392","7534","794","15719","2","legacy","1024","2","48000","-16","experiment","5","odd","absent","1022745","1022745","NA","1188377","1312","169234","1196526","1197043","1371","150289","161699","1197043","1197848","1006958","1196507","Fraction component detection task","794","462746","803","yes","1280"
"98.8805970149","98.8805970149","576.246268657","576.246268657","#808080","no","legacy","legacy","legacy","0","uniform","1","undefined","undefined","undefined","1","l","3","3","0","803","0","0","803","803","0","0","0","803","803","3","803","Fri Apr 27 13:03:26 2018","#757575","low","4","The main experiment item","yes","","experiment.osexp","/Users/tom/github/sft-fraction/procedure","no","mono","no","24","no","white","no","yes","800","legacy","155","155","3","/Users/tom/github/sft-fraction/results/data/subject-5a.csv","legacy","#757575","low","6","Jazzy James","3.1.9","0","l","NA","space","space","space","l","return","556","NA","148901","11392","7534","556","15719","2","legacy","1024","2","48000","-16","experiment","5","odd","present","1022745","1022745","NA","1188377","1312","169234","1197932","1198448","1371","150289","161699","1198448","1199015","1006958","1197916","Fraction component detection task","795","463302","804","yes","1280"
"98.8819875776","98.8819875776","576.21242236","576.21242236","#808080","no","legacy","legacy","legacy","0","uniform","1","undefined","undefined","undefined","1","a","3","3","0","804","0","0","804","804","0","0","0","804","804","3","804","Fri Apr 27 13:03:26 2018","#757575","low","3","The main experiment item","yes","","experiment.osexp","/Users/tom/github/sft-fraction/procedure","no","mono","no","24","no","white","no","yes","800","legacy","156","156","3","/Users/tom/github/sft-fraction/results/data/subject-5a.csv","legacy","#000000","high","4","Jazzy James","3.1.9","0","a","NA","space","space","space","a","return","549","NA","148901","11392","7534","549","15719","2","legacy","1024","2","48000","-16","experiment","5","odd","absent","1022745","1022745","NA","1188377","1312","169234","1199102","1199623","1371","150289","161699","1199623","1200184","1006958","1199086","Fraction component detection task","796","463851","805","yes","1280"
"98.8833746898","98.8833746898","576.400744417","576.400744417","#808080","no","legacy","legacy","legacy","0","uniform","1","undefined","undefined","undefined","1","l","3","3","0","805","0","0","805","805","0","0","0","805","805","3","805","Fri Apr 27 13:03:26 2018","#757575","low","7","The main experiment item","yes","","experiment.osexp","/Users/tom/github/sft-fraction/procedure","no","mono","no","24","no","white","no","yes","800","legacy","157","157","3","/Users/tom/github/sft-fraction/results/data/subject-5a.csv","legacy","#000000","high","3","Jazzy James","3.1.9","0","l","NA","space","space","space","l","return","728","NA","148901","11392","7534","728","15719","2","legacy","1024","2","48000","-16","experiment","5","odd","present","1022745","1022745","NA","1188377","1312","169234","1200264","1200781","1371","150289","161699","1200781","1201524","1006958","1200248","Fraction component detection task","797","464579","806","yes","1280"
"98.8847583643","98.8847583643","576.365551425","576.365551425","#808080","no","legacy","legacy","legacy","0","uniform","1","undefined","undefined","undefined","1","a","3","3","0","806","0","0","806","806","0","0","0","806","806","3","806","Fri Apr 27 13:03:26 2018","#757575","low","2","The main experiment item","yes","","experiment.osexp","/Users/tom/github/sft-fraction/procedure","no","mono","no","24","no","white","no","yes","800","legacy","158","158","3","/Users/tom/github/sft-fraction/results/data/subject-5a.csv","legacy","#757575","low","3","Jazzy James","3.1.9","0","a","NA","space","space","space","a","return","548","NA","148901","11392","7534","548","15719","2","legacy","1024","2","48000","-16","experiment","5","odd","absent","1022745","1022745","NA","1188377","1312","169234","1201608","1202128","1371","150289","161699","1202129","1202690","1006958","1201592","Fraction component detection task","798","465127","807","yes","1280"
"98.8861386139","98.8861386139","576.217821782","576.217821782","#808080","no","legacy","legacy","legacy","0","uniform","1","undefined","undefined","undefined","1","a","3","3","0","807","0","0","807","807","0","0","0","807","807","3","807","Fri Apr 27 13:03:26 2018","#000000","high","3","The main experiment item","yes","","experiment.osexp","/Users/tom/github/sft-fraction/procedure","no","mono","no","24","no","white","no","yes","800","legacy","159","159","3","/Users/tom/github/sft-fraction/results/data/subject-5a.csv","legacy","#000000","high","2","Jazzy James","3.1.9","0","a","NA","space","space","space","a","return","457","NA","148901","11392","7534","457","15719","2","legacy","1024","2","48000","-16","experiment","5","odd","absent","1022745","1022745","NA","1188377","1312","169234","1202770","1203292","1371","150289","161699","1203292","1203761","1006958","1202755","Fraction component detection task","799","465584","808","yes","1280"
"98.8875154512","98.8875154512","576.112484549","576.112484549","#808080","no","legacy","legacy","legacy","0","uniform","1","undefined","undefined","undefined","1","a","3","3","0","808","0","0","808","808","0","0","0","808","808","3","808","Fri Apr 27 13:03:26 2018","#000000","high","4","The main experiment item","yes","","experiment.osexp","/Users/tom/github/sft-fraction/procedure","no","mono","no","24","no","white","no","yes","800","legacy","160","160","3","/Users/tom/github/sft-fraction/results/data/subject-5a.csv","legacy","#757575","low","3","Jazzy James","3.1.9","0","a","NA","space","space","space","a","return","491","NA","148901","11392","7534","491","15719","2","legacy","1024","2","48000","-16","experiment","5","odd","absent","1022745","1022745","NA","1188377","1312","169234","1203852","1204369","1371","150289","161699","1204370","1204877","1006958","1203833","Fraction component detection task","800","466075","809","yes","1280"
"98.8888888889","98.8888888889","576.116049383","576.116049383","#808080","no","legacy","legacy","legacy","0","uniform","1","undefined","undefined","undefined","1","l","3","3","0","809","0","0","809","809","0","0","0","809","809","3","809","Fri Apr 27 13:03:26 2018","#757575","low","8","The main experiment item","yes","","experiment.osexp","/Users/tom/github/sft-fraction/procedure","no","mono","no","24","no","white","no","yes","800","legacy","161","161","3","/Users/tom/github/sft-fraction/results/data/subject-5a.csv","legacy","#000000","high","3","Jazzy James","3.1.9","0","l","NA","space","space","space","l","return","579","NA","148901","11392","7534","579","15719","2","legacy","1024","2","48000","-16","experiment","5","odd","present","1022745","1022745","NA","1188377","1312","169234","1204959","1205480","1371","150289","161699","1205481","1206072","1006958","1204943","Fraction component detection task","801","466654","810","yes","1280"
"98.8902589396","98.8902589396","575.969173859","575.969173859","#808080","no","legacy","legacy","legacy","0","uniform","1","undefined","undefined","undefined","1","l","3","3","0","810","0","0","810","810","0","0","0","810","810","3","810","Fri Apr 27 13:03:26 2018","#757575","low","6","The main experiment item","yes","","experiment.osexp","/Users/tom/github/sft-fraction/procedure","no","mono","no","24","no","white","no","yes","800","legacy","162","162","3","/Users/tom/github/sft-fraction/results/data/subject-5a.csv","legacy","#000000","high","7","Jazzy James","3.1.9","0","l","NA","space","space","space","l","return","457","NA","148901","11392","7534","457","15719","2","legacy","1024","2","48000","-16","experiment","5","odd","present","1022745","1022745","NA","1188377","1312","169234","1206158","1206675","1371","150289","161699","1206675","1207143","1006958","1206142","Fraction component detection task","802","467111","811","yes","1280"
"98.8916256158","98.8916256158","575.839901478","575.839901478","#808080","no","legacy","legacy","legacy","0","uniform","1","undefined","undefined","undefined","1","l","3","3","0","811","0","0","811","811","0","0","0","811","811","3","811","Fri Apr 27 13:03:26 2018","#000000","high","2","The main experiment item","yes","","experiment.osexp","/Users/tom/github/sft-fraction/procedure","no","mono","no","24","no","white","no","yes","800","legacy","163","163","3","/Users/tom/github/sft-fraction/results/data/subject-5a.csv","legacy","#757575","low","8","Jazzy James","3.1.9","0","l","NA","space","space","space","l","return","471","NA","148901","11392","7534","471","15719","2","legacy","1024","2","48000","-16","experiment","5","odd","present","1022745","1022745","NA","1188377","1312","169234","1207231","1207748","1371","150289","161699","1207749","1208234","1006958","1207215","Fraction component detection task","803","467582","812","yes","1280"
"98.8929889299","98.8929889299","575.667896679","575.667896679","#808080","no","legacy","legacy","legacy","0","uniform","1","undefined","undefined","undefined","1","l","3","3","0","812","0","0","812","812","0","0","0","812","812","3","812","Fri Apr 27 13:03:26 2018","#000000","high","7","The main experiment item","yes","","experiment.osexp","/Users/tom/github/sft-fraction/procedure","no","mono","no","24","no","white","no","yes","800","legacy","164","164","3","/Users/tom/github/sft-fraction/results/data/subject-5a.csv","legacy","#000000","high","6","Jazzy James","3.1.9","0","l","NA","space","space","space","l","return","436","NA","148901","11392","7534","436","15719","2","legacy","1024","2","48000","-16","experiment","5","odd","present","1022745","1022745","NA","1188377","1312","169234","1208321","1208840","1371","150289","161699","1208840","1209288","1006958","1208304","Fraction component detection task","804","468018","813","yes","1280"
"98.8943488943","98.8943488943","575.637592138","575.637592138","#808080","no","legacy","legacy","legacy","0","uniform","1","undefined","undefined","undefined","1","a","3","3","0","813","0","0","813","813","0","0","0","813","813","3","813","Fri Apr 27 13:03:26 2018","#000000","high","2","The main experiment item","yes","","experiment.osexp","/Users/tom/github/sft-fraction/procedure","no","mono","no","24","no","white","no","yes","800","legacy","165","165","3","/Users/tom/github/sft-fraction/results/data/subject-5a.csv","legacy","#000000","high","3","Jazzy James","3.1.9","0","a","NA","space","space","space","a","return","551","NA","148901","11392","7534","551","15719","2","legacy","1024","2","48000","-16","experiment","5","odd","absent","1022745","1022745","NA","1188377","1312","169234","1209369","1209886","1371","150289","161699","1209886","1210449","1006958","1209353","Fraction component detection task","805","468569","814","yes","1280"
"98.8957055215","98.8957055215","575.460122699","575.460122699","#808080","no","legacy","legacy","legacy","0","uniform","1","undefined","undefined","undefined","1","a","3","3","0","814","0","0","814","814","0","0","0","814","814","3","814","Fri Apr 27 13:03:26 2018","#757575","low","3","The main experiment item","yes","","experiment.osexp","/Users/tom/github/sft-fraction/procedure","no","mono","no","24","no","white","no","yes","800","legacy","166","166","3","/Users/tom/github/sft-fraction/results/data/subject-5a.csv","legacy","#757575","low","2","Jazzy James","3.1.9","0","a","NA","space","space","space","a","return","431","NA","148901","11392","7534","431","15719","2","legacy","1024","2","48000","-16","experiment","5","odd","absent","1022745","1022745","NA","1188377","1312","169234","1210529","1211046","1371","150289","161699","1211046","1211489","1006958","1210512","Fraction component detection task","806","469000","815","yes","1280"
"98.8970588235","98.8970588235","575.354166667","575.354166667","#808080","no","legacy","legacy","legacy","0","uniform","1","undefined","undefined","undefined","1","a","3","3","0","815","0","0","815","815","0","0","0","815","815","3","815","Fri Apr 27 13:03:26 2018","#000000","high","3","The main experiment item","yes","","experiment.osexp","/Users/tom/github/sft-fraction/procedure","no","mono","no","24","no","white","no","yes","800","legacy","167","167","3","/Users/tom/github/sft-fraction/results/data/subject-5a.csv","legacy","#000000","high","2","Jazzy James","3.1.9","0","a","NA","space","space","space","a","return","489","NA","148901","11392","7534","489","15719","2","legacy","1024","2","48000","-16","experiment","5","odd","absent","1022745","1022745","NA","1188377","1312","169234","1211577","1212093","1371","150289","161699","1212093","1212594","1006958","1211561","Fraction component detection task","807","469489","816","yes","1280"
"98.8984088127","98.8984088127","575.255813953","575.255813953","#808080","no","legacy","legacy","legacy","0","uniform","1","undefined","undefined","undefined","1","l","3","3","0","816","0","0","816","816","0","0","0","816","816","3","816","Fri Apr 27 13:03:26 2018","#757575","low","3","The main experiment item","yes","","experiment.osexp","/Users/tom/github/sft-fraction/procedure","no","mono","no","24","no","white","no","yes","800","legacy","168","168","3","/Users/tom/github/sft-fraction/results/data/subject-5a.csv","legacy","#757575","low","8","Jazzy James","3.1.9","0","l","NA","space","space","space","l","return","495","NA","148901","11392","7534","495","15719","2","legacy","1024","2","48000","-16","experiment","5","odd","present","1022745","1022745","NA","1188377","1312","169234","1212674","1213191","1371","150289","161699","1213191","1213697","1006958","1212659","Fraction component detection task","808","469984","817","yes","1280"
"98.8997555012","98.8997555012","575.227383863","575.227383863","#808080","no","legacy","legacy","legacy","0","uniform","1","undefined","undefined","undefined","1","a","3","3","0","817","0","0","817","817","0","0","0","817","817","3","817","Fri Apr 27 13:03:26 2018","#000000","high","2","The main experiment item","yes","","experiment.osexp","/Users/tom/github/sft-fraction/procedure","no","mono","no","24","no","white","no","yes","800","legacy","169","169","3","/Users/tom/github/sft-fraction/results/data/subject-5a.csv","legacy","#757575","low","4","Jazzy James","3.1.9","0","a","NA","space","space","space","a","return","552","NA","148901","11392","7534","552","15719","2","legacy","1024","2","48000","-16","experiment","5","odd","absent","1022745","1022745","NA","1188377","1312","169234","1213785","1214302","1371","150289","161699","1214302","1214865","1006958","1213765","Fraction component detection task","809","470536","818","yes","1280"
"98.9010989011","98.9010989011","575.094017094","575.094017094","#808080","no","legacy","legacy","legacy","0","uniform","1","undefined","undefined","undefined","1","l","3","3","0","818","0","0","818","818","0","0","0","818","818","3","818","Fri Apr 27 13:03:26 2018","#757575","low","8","The main experiment item","yes","","experiment.osexp","/Users/tom/github/sft-fraction/procedure","no","mono","no","24","no","white","no","yes","800","legacy","170","170","3","/Users/tom/github/sft-fraction/results/data/subject-5a.csv","legacy","#000000","high","8","Jazzy James","3.1.9","0","l","NA","space","space","space","l","return","466","NA","148901","11392","7534","466","15719","2","legacy","1024","2","48000","-16","experiment","5","odd","present","1022745","1022745","NA","1188377","1312","169234","1214949","1215468","1371","150289","161699","1215468","1215947","1006958","1214932","Fraction component detection task","810","471002","819","yes","1280"
"98.9024390244","98.9024390244","574.964634146","574.964634146","#808080","no","legacy","legacy","legacy","0","uniform","1","undefined","undefined","undefined","1","l","3","3","0","819","0","0","819","819","0","0","0","819","819","3","819","Fri Apr 27 13:03:26 2018","#000000","high","3","The main experiment item","yes","","experiment.osexp","/Users/tom/github/sft-fraction/procedure","no","mono","no","24","no","white","no","yes","800","legacy","171","171","3","/Users/tom/github/sft-fraction/results/data/subject-5a.csv","legacy","#757575","low","8","Jazzy James","3.1.9","0","l","NA","space","space","space","l","return","469","NA","148901","11392","7534","469","15719","2","legacy","1024","2","48000","-16","experiment","5","odd","present","1022745","1022745","NA","1188377","1312","169234","1216027","1216544","1371","150289","161699","1216544","1217024","1006958","1216011","Fraction component detection task","811","471471","820","yes","1280"
"98.9037758831","98.9037758831","574.919610231","574.919610231","#808080","no","legacy","legacy","legacy","0","uniform","1","undefined","undefined","undefined","1","a","3","3","0","820","0","0","820","820","0","0","0","820","820","3","820","Fri Apr 27 13:03:26 2018","#757575","low","2","The main experiment item","yes","","experiment.osexp","/Users/tom/github/sft-fraction/procedure","no","mono","no","24","no","white","no","yes","800","legacy","172","172","3","/Users/tom/github/sft-fraction/results/data/subject-5a.csv","legacy","#000000","high","2","Jazzy James","3.1.9","0","a","NA","space","space","space","a","return","538","NA","148901","11392","7534","538","15719","2","legacy","1024","2","48000","-16","experiment","5","odd","absent","1022745","1022745","NA","1188377","1312","169234","1217108","1217627","1371","150289","161699","1217627","1218176","1006958","1217092","Fraction component detection task","812","472009","821","yes","1280"
"98.9051094891","98.9051094891","574.813868613","574.813868613","#808080","no","legacy","legacy","legacy","0","uniform","1","undefined","undefined","undefined","1","l","3","3","0","821","0","0","821","821","0","0","0","821","821","3","821","Fri Apr 27 13:03:26 2018","#000000","high","7","The main experiment item","yes","","experiment.osexp","/Users/tom/github/sft-fraction/procedure","no","mono","no","24","no","white","no","yes","800","legacy","173","173","3","/Users/tom/github/sft-fraction/results/data/subject-5a.csv","legacy","#757575","low","6","Jazzy James","3.1.9","0","l","NA","space","space","space","l","return","488","NA","148901","11392","7534","488","15719","2","legacy","1024","2","48000","-16","experiment","5","odd","present","1022745","1022745","NA","1188377","1312","169234","1218256","1218773","1371","150289","161699","1218773","1219273","1006958","1218240","Fraction component detection task","813","472497","822","yes","1280"
"98.9064398542","98.9064398542","574.682867558","574.682867558","#808080","no","legacy","legacy","legacy","0","uniform","1","undefined","undefined","undefined","1","a","3","3","0","822","0","0","822","822","0","0","0","822","822","3","822","Fri Apr 27 13:03:26 2018","#757575","low","2","The main experiment item","yes","","experiment.osexp","/Users/tom/github/sft-fraction/procedure","no","mono","no","24","no","white","no","yes","800","legacy","174","174","3","/Users/tom/github/sft-fraction/results/data/subject-5a.csv","legacy","#757575","low","4","Jazzy James","3.1.9","0","a","NA","space","space","space","a","return","467","NA","148901","11392","7534","467","15719","2","legacy","1024","2","48000","-16","experiment","5","odd","absent","1022745","1022745","NA","1188377","1312","169234","1219354","1219875","1371","150289","161699","1219875","1220354","1006958","1219338","Fraction component detection task","814","472964","823","yes","1280"
"98.9077669903","98.9077669903","574.675970874","574.675970874","#808080","no","legacy","legacy","legacy","0","uniform","1","undefined","undefined","undefined","1","l","3","3","0","823","0","0","823","823","0","0","0","823","823","3","823","Fri Apr 27 13:03:26 2018","#757575","low","2","The main experiment item","yes","","experiment.osexp","/Users/tom/github/sft-fraction/procedure","no","mono","no","24","no","white","no","yes","800","legacy","175","175","3","/Users/tom/github/sft-fraction/results/data/subject-5a.csv","legacy","#000000","high","8","Jazzy James","3.1.9","0","l","NA","space","space","space","l","return","569","NA","148901","11392","7534","569","15719","2","legacy","1024","2","48000","-16","experiment","5","odd","present","1022745","1022745","NA","1188377","1312","169234","1220440","1220957","1371","150289","161699","1220957","1221537","1006958","1220423","Fraction component detection task","815","473533","824","yes","1280"
"98.9090909091","98.9090909091","574.683636364","574.683636364","#808080","no","legacy","legacy","legacy","0","uniform","1","undefined","undefined","undefined","1","l","3","3","0","824","0","0","824","824","0","0","0","824","824","3","824","Fri Apr 27 13:03:26 2018","#000000","high","8","The main experiment item","yes","","experiment.osexp","/Users/tom/github/sft-fraction/procedure","no","mono","no","24","no","white","no","yes","800","legacy","176","176","3","/Users/tom/github/sft-fraction/results/data/subject-5a.csv","legacy","#757575","low","4","Jazzy James","3.1.9","0","l","NA","space","space","space","l","return","581","NA","148901","11392","7534","581","15719","2","legacy","1024","2","48000","-16","experiment","5","odd","present","1022745","1022745","NA","1188377","1312","169234","1221627","1222144","1371","150289","161699","1222145","1222739","1006958","1221609","Fraction component detection task","816","474114","825","yes","1280"
"98.9104116223","98.9104116223","574.48062954","574.48062954","#808080","no","legacy","legacy","legacy","0","uniform","1","undefined","undefined","undefined","1","a","3","3","0","825","0","0","825","825","0","0","0","825","825","3","825","Fri Apr 27 13:03:26 2018","#000000","high","2","The main experiment item","yes","","experiment.osexp","/Users/tom/github/sft-fraction/procedure","no","mono","no","24","no","white","no","yes","800","legacy","177","177","3","/Users/tom/github/sft-fraction/results/data/subject-5a.csv","legacy","#000000","high","2","Jazzy James","3.1.9","0","a","NA","space","space","space","a","return","407","NA","148901","11392","7534","407","15719","2","legacy","1024","2","48000","-16","experiment","5","odd","absent","1022745","1022745","NA","1188377","1312","169234","1222827","1223343","1371","150289","161699","1223343","1223762","1006958","1222809","Fraction component detection task","817","474521","826","yes","1280"
"98.9117291415","98.9117291415","574.493349456","574.493349456","#808080","no","legacy","legacy","legacy","0","uniform","1","undefined","undefined","undefined","1","l","3","3","0","826","0","0","826","826","0","0","0","826","826","3","826","Fri Apr 27 13:03:26 2018","#757575","low","7","The main experiment item","yes","","experiment.osexp","/Users/tom/github/sft-fraction/procedure","no","mono","no","24","no","white","no","yes","800","legacy","178","178","3","/Users/tom/github/sft-fraction/results/data/subject-5a.csv","legacy","#757575","low","2","Jazzy James","3.1.9","0","l","NA","space","space","space","l","return","585","NA","148901","11392","7534","585","15719","2","legacy","1024","2","48000","-16","experiment","5","odd","present","1022745","1022745","NA","1188377","1312","169234","1223846","1224365","1371","150289","161699","1224365","1224962","1006958","1223830","Fraction component detection task","818","475106","827","yes","1280"
"98.9130434783","98.9130434783","574.699275362","574.699275362","#808080","no","legacy","legacy","legacy","0","uniform","1","undefined","undefined","undefined","1","a","3","3","0","827","0","0","827","827","0","0","0","827","827","3","827","Fri Apr 27 13:03:26 2018","#757575","low","2","The main experiment item","yes","","experiment.osexp","/Users/tom/github/sft-fraction/procedure","no","mono","no","24","no","white","no","yes","800","legacy","179","179","3","/Users/tom/github/sft-fraction/results/data/subject-5a.csv","legacy","#000000","high","2","Jazzy James","3.1.9","0","a","NA","space","space","space","a","return","745","NA","148901","11392","7534","745","15719","2","legacy","1024","2","48000","-16","experiment","5","odd","absent","1022745","1022745","NA","1188377","1312","169234","1225041","1225564","1371","150289","161699","1225564","1226322","1006958","1225025","Fraction component detection task","819","475851","828","yes","1280"
"98.9143546441","98.9143546441","574.563329312","574.563329312","#808080","no","legacy","legacy","legacy","0","uniform","1","undefined","undefined","undefined","1","a","3","3","0","828","0","0","828","828","0","0","0","828","828","3","828","Fri Apr 27 13:03:26 2018","#000000","high","3","The main experiment item","yes","","experiment.osexp","/Users/tom/github/sft-fraction/procedure","no","mono","no","24","no","white","no","yes","800","legacy","180","180","3","/Users/tom/github/sft-fraction/results/data/subject-5a.csv","legacy","#000000","high","3","Jazzy James","3.1.9","0","a","NA","space","space","space","a","return","462","NA","148901","11392","7534","462","15719","2","legacy","1024","2","48000","-16","experiment","5","odd","absent","1022745","1022745","NA","1188377","1312","169234","1226407","1226927","1371","150289","161699","1226928","1227402","1006958","1226390","Fraction component detection task","820","476313","829","yes","1280"
"98.9156626506","98.9156626506","574.451807229","574.451807229","#808080","no","legacy","legacy","legacy","0","uniform","1","undefined","undefined","undefined","1","a","3","3","0","829","0","0","829","829","0","0","0","829","829","3","829","Fri Apr 27 13:03:26 2018","#000000","high","3","The main experiment item","yes","","experiment.osexp","/Users/tom/github/sft-fraction/procedure","no","mono","no","24","no","white","no","yes","800","legacy","181","181","3","/Users/tom/github/sft-fraction/results/data/subject-5a.csv","legacy","#757575","low","2","Jazzy James","3.1.9","0","a","NA","space","space","space","a","return","482","NA","148901","11392","7534","482","15719","2","legacy","1024","2","48000","-16","experiment","5","odd","absent","1022745","1022745","NA","1188377","1312","169234","1227487","1228004","1371","150289","161699","1228004","1228498","1006958","1227471","Fraction component detection task","821","476795","830","yes","1280"
"98.916967509","98.916967509","574.374247894","574.374247894","#808080","no","legacy","legacy","legacy","0","uniform","1","undefined","undefined","undefined","1","l","3","3","0","830","0","0","830","830","0","0","0","830","830","3","830","Fri Apr 27 13:03:26 2018","#757575","low","8","The main experiment item","yes","","experiment.osexp","/Users/tom/github/sft-fraction/procedure","no","mono","no","24","no","white","no","yes","800","legacy","182","182","3","/Users/tom/github/sft-fraction/results/data/subject-5a.csv","legacy","#000000","high","7","Jazzy James","3.1.9","0","l","NA","space","space","space","l","return","510","NA","148901","11392","7534","510","15719","2","legacy","1024","2","48000","-16","experiment","5","odd","present","1022745","1022745","NA","1188377","1312","169234","1228580","1229096","1371","150289","161699","1229096","1229619","1006958","1228562","Fraction component detection task","822","477305","831","yes","1280"
"98.9182692308","98.9182692308","574.418269231","574.418269231","#808080","no","legacy","legacy","legacy","0","uniform","1","undefined","undefined","undefined","1","a","3","3","0","831","0","0","831","831","0","0","0","831","831","3","831","Fri Apr 27 13:03:26 2018","#757575","low","2","The main experiment item","yes","","experiment.osexp","/Users/tom/github/sft-fraction/procedure","no","mono","no","24","no","white","no","yes","800","legacy","183","183","3","/Users/tom/github/sft-fraction/results/data/subject-5a.csv","legacy","#757575","low","4","Jazzy James","3.1.9","0","a","NA","space","space","space","a","return","611","NA","148901","11392","7534","611","15719","2","legacy","1024","2","48000","-16","experiment","5","odd","absent","1022745","1022745","NA","1188377","1312","169234","1229699","1230219","1371","150289","161699","1230219","1230842","1006958","1229684","Fraction component detection task","823","477916","832","yes","1280"
"98.9195678271","98.9195678271","574.315726291","574.315726291","#808080","no","legacy","legacy","legacy","0","uniform","1","undefined","undefined","undefined","1","l","3","3","0","832","0","0","832","832","0","0","0","832","832","3","832","Fri Apr 27 13:03:26 2018","#757575","low","8","The main experiment item","yes","","experiment.osexp","/Users/tom/github/sft-fraction/procedure","no","mono","no","24","no","white","no","yes","800","legacy","184","184","3","/Users/tom/github/sft-fraction/results/data/subject-5a.csv","legacy","#000000","high","6","Jazzy James","3.1.9","0","l","NA","space","space","space","l","return","489","NA","148901","11392","7534","489","15719","2","legacy","1024","2","48000","-16","experiment","5","odd","present","1022745","1022745","NA","1188377","1312","169234","1230924","1231445","1371","150289","161699","1231445","1231946","1006958","1230908","Fraction component detection task","824","478405","833","yes","1280"
"98.9208633094","98.9208633094","574.286570743","574.286570743","#808080","no","legacy","legacy","legacy","0","uniform","1","undefined","undefined","undefined","1","a","3","3","0","833","0","0","833","833","0","0","0","833","833","3","833","Fri Apr 27 13:03:26 2018","#000000","high","2","The main experiment item","yes","","experiment.osexp","/Users/tom/github/sft-fraction/procedure","no","mono","no","24","no","white","no","yes","800","legacy","185","185","3","/Users/tom/github/sft-fraction/results/data/subject-5a.csv","legacy","#000000","high","3","Jazzy James","3.1.9","0","a","NA","space","space","space","a","return","550","NA","148901","11392","7534","550","15719","2","legacy","1024","2","48000","-16","experiment","5","odd","absent","1022745","1022745","NA","1188377","1312","169234","1232027","1232543","1371","150289","161699","1232544","1233108","1006958","1232011","Fraction component detection task","825","478955","834","yes","1280"
"98.9221556886","98.9221556886","574.225149701","574.225149701","#808080","no","legacy","legacy","legacy","0","uniform","1","undefined","undefined","undefined","1","a","3","3","0","834","0","0","834","834","0","0","0","834","834","3","834","Fri Apr 27 13:03:26 2018","#000000","high","4","The main experiment item","yes","","experiment.osexp","/Users/tom/github/sft-fraction/procedure","no","mono","no","24","no","white","no","yes","800","legacy","186","186","3","/Users/tom/github/sft-fraction/results/data/subject-5a.csv","legacy","#000000","high","3","Jazzy James","3.1.9","0","a","NA","space","space","space","a","return","523","NA","148901","11392","7534","523","15719","2","legacy","1024","2","48000","-16","experiment","5","odd","absent","1022745","1022745","NA","1188377","1312","169234","1233196","1233714","1371","150289","161699","1233714","1234249","1006958","1233175","Fraction component detection task","826","479478","835","yes","1280"
"98.9234449761","98.9234449761","574.624401914","574.624401914","#808080","no","legacy","legacy","legacy","0","uniform","1","undefined","undefined","undefined","1","a","3","3","0","835","0","0","835","835","0","0","0","835","835","3","835","Fri Apr 27 13:03:26 2018","#757575","low","2","The main experiment item","yes","","experiment.osexp","/Users/tom/github/sft-fraction/procedure","no","mono","no","24","no","white","no","yes","800","legacy","187","187","3","/Users/tom/github/sft-fraction/results/data/subject-5a.csv","legacy","#000000","high","4","Jazzy James","3.1.9","0","a","NA","space","space","space","a","return","908","NA","148901","11392","7534","908","15719","2","legacy","1024","2","48000","-16","experiment","5","odd","absent","1022745","1022745","NA","1188377","1312","169234","1234335","1234851","1371","150289","161699","1234851","1235776","1006958","1234314","Fraction component detection task","827","480386","836","yes","1280"
"98.9247311828","98.9247311828","574.487455197","574.487455197","#808080","no","legacy","legacy","legacy","0","uniform","1","undefined","undefined","undefined","1","l","3","3","0","836","0","0","836","836","0","0","0","836","836","3","836","Fri Apr 27 13:03:26 2018","#757575","low","7","The main experiment item","yes","","experiment.osexp","/Users/tom/github/sft-fraction/procedure","no","mono","no","24","no","white","no","yes","800","legacy","188","188","3","/Users/tom/github/sft-fraction/results/data/subject-5a.csv","legacy","#757575","low","3","Jazzy James","3.1.9","0","l","NA","space","space","space","l","return","460","NA","148901","11392","7534","460","15719","2","legacy","1024","2","48000","-16","experiment","5","odd","present","1022745","1022745","NA","1188377","1312","169234","1235862","1236379","1371","150289","161699","1236379","1236851","1006958","1235845","Fraction component detection task","828","480846","837","yes","1280"
"98.9260143198","98.9260143198","574.408114558","574.408114558","#808080","no","legacy","legacy","legacy","0","uniform","1","undefined","undefined","undefined","1","l","3","3","0","837","0","0","837","837","0","0","0","837","837","3","837","Fri Apr 27 13:03:26 2018","#757575","low","6","The main experiment item","yes","","experiment.osexp","/Users/tom/github/sft-fraction/procedure","no","mono","no","24","no","white","no","yes","800","legacy","189","189","3","/Users/tom/github/sft-fraction/results/data/subject-5a.csv","legacy","#757575","low","8","Jazzy James","3.1.9","0","l","NA","space","space","space","l","return","508","NA","148901","11392","7534","508","15719","2","legacy","1024","2","48000","-16","experiment","5","odd","present","1022745","1022745","NA","1188377","1312","169234","1236931","1237451","1371","150289","161699","1237451","1237970","1006958","1236916","Fraction component detection task","829","481354","838","yes","1280"
"98.9272943981","98.9272943981","574.436233611","574.436233611","#808080","no","legacy","legacy","legacy","0","uniform","1","undefined","undefined","undefined","1","l","3","3","0","838","0","0","838","838","0","0","0","838","838","3","838","Fri Apr 27 13:03:26 2018","#757575","low","8","The main experiment item","yes","","experiment.osexp","/Users/tom/github/sft-fraction/procedure","no","mono","no","24","no","white","no","yes","800","legacy","190","190","3","/Users/tom/github/sft-fraction/results/data/subject-5a.csv","legacy","#757575","low","2","Jazzy James","3.1.9","0","l","NA","space","space","space","l","return","598","NA","148901","11392","7534","598","15719","2","legacy","1024","2","48000","-16","experiment","5","odd","present","1022745","1022745","NA","1188377","1312","169234","1238056","1238576","1371","150289","161699","1238576","1239186","1006958","1238039","Fraction component detection task","830","481952","839","yes","1280"
"98.9285714286","98.9285714286","574.461904762","574.461904762","#808080","no","legacy","legacy","legacy","0","uniform","1","undefined","undefined","undefined","1","a","3","3","0","839","0","0","839","839","0","0","0","839","839","3","839","Fri Apr 27 13:03:26 2018","#000000","high","3","The main experiment item","yes","","experiment.osexp","/Users/tom/github/sft-fraction/procedure","no","mono","no","24","no","white","no","yes","800","legacy","191","191","3","/Users/tom/github/sft-fraction/results/data/subject-5a.csv","legacy","#757575","low","3","Jazzy James","3.1.9","0","a","NA","space","space","space","a","return","596","NA","148901","11392","7534","596","15719","2","legacy","1024","2","48000","-16","experiment","5","odd","absent","1022745","1022745","NA","1188377","1312","169234","1239267","1239787","1371","150289","161699","1239787","1240395","1006958","1239251","Fraction component detection task","831","482548","840","yes","1280"
"98.9298454221","98.9298454221","574.302021403","574.302021403","#808080","no","legacy","legacy","legacy","0","uniform","1","undefined","undefined","undefined","1","a","3","3","0","840","0","0","840","840","0","0","0","840","840","3","840","Fri Apr 27 13:03:26 2018","#000000","high","2","The main experiment item","yes","","experiment.osexp","/Users/tom/github/sft-fraction/procedure","no","mono","no","24","no","white","no","yes","800","legacy","192","192","3","/Users/tom/github/sft-fraction/results/data/subject-5a.csv","legacy","#000000","high","4","Jazzy James","3.1.9","0","a","NA","space","space","space","a","return","440","NA","148901","11392","7534","440","15719","2","legacy","1024","2","48000","-16","experiment","5","odd","absent","1022745","1022745","NA","1188377","1312","169234","1240480","1240999","1371","150289","161699","1240999","1241451","1006958","1240465","Fraction component detection task","832","482988","841","yes","1280"
"98.9311163895","98.9311163895","574.26128266","574.26128266","#808080","no","legacy","legacy","legacy","0","uniform","1","undefined","undefined","undefined","1","l","3","3","0","841","0","0","841","841","0","0","0","841","841","3","841","Fri Apr 27 13:03:26 2018","#000000","high","3","The main experiment item","yes","","experiment.osexp","/Users/tom/github/sft-fraction/procedure","no","mono","no","24","no","white","no","yes","800","legacy","193","193","3","/Users/tom/github/sft-fraction/results/data/subject-5a.csv","legacy","#757575","low","7","Jazzy James","3.1.9","0","l","NA","space","space","space","l","return","540","NA","148901","11392","7534","540","15719","2","legacy","1024","2","48000","-16","experiment","5","odd","present","1022745","1022745","NA","1188377","1312","169234","1241535","1242051","1371","150289","161699","1242051","1242603","1006958","1241516","Fraction component detection task","833","483528","842","yes","1280"
"98.9323843416","98.9323843416","574.232502966","574.232502966","#808080","no","legacy","legacy","legacy","0","uniform","1","undefined","undefined","undefined","1","l","3","3","0","842","0","0","842","842","0","0","0","842","842","3","842","Fri Apr 27 13:03:26 2018","#000000","high","8","The main experiment item","yes","","experiment.osexp","/Users/tom/github/sft-fraction/procedure","no","mono","no","24","no","white","no","yes","800","legacy","194","194","3","/Users/tom/github/sft-fraction/results/data/subject-5a.csv","legacy","#757575","low","3","Jazzy James","3.1.9","0","l","NA","space","space","space","l","return","550","NA","148901","11392","7534","550","15719","2","legacy","1024","2","48000","-16","experiment","5","odd","present","1022745","1022745","NA","1188377","1312","169234","1242692","1243209","1371","150289","161699","1243209","1243771","1006958","1242671","Fraction component detection task","834","484078","843","yes","1280"
"98.9336492891","98.9336492891","574.072274882","574.072274882","#808080","no","legacy","legacy","legacy","0","uniform","1","undefined","undefined","undefined","1","l","3","3","0","843","0","0","843","843","0","0","0","843","843","3","843","Fri Apr 27 13:03:26 2018","#000000","high","2","The main experiment item","yes","","experiment.osexp","/Users/tom/github/sft-fraction/procedure","no","mono","no","24","no","white","no","yes","800","legacy","195","195","3","/Users/tom/github/sft-fraction/results/data/subject-5a.csv","legacy","#000000","high","7","Jazzy James","3.1.9","0","l","NA","space","space","space","l","return","439","NA","148901","11392","7534","439","15719","2","legacy","1024","2","48000","-16","experiment","5","odd","present","1022745","1022745","NA","1188377","1312","169234","1243857","1244375","1371","150289","161699","1244376","1244831","1006958","1243841","Fraction component detection task","835","484517","844","yes","1280"
"98.9349112426","98.9349112426","573.905325444","573.905325444","#808080","no","legacy","legacy","legacy","0","uniform","1","undefined","undefined","undefined","1","l","3","3","0","844","0","0","844","844","0","0","0","844","844","3","844","Fri Apr 27 13:03:26 2018","#757575","low","4","The main experiment item","yes","","experiment.osexp","/Users/tom/github/sft-fraction/procedure","no","mono","no","24","no","white","no","yes","800","legacy","196","196","3","/Users/tom/github/sft-fraction/results/data/subject-5a.csv","legacy","#000000","high","7","Jazzy James","3.1.9","0","l","NA","space","space","space","l","return","433","NA","148901","11392","7534","433","15719","2","legacy","1024","2","48000","-16","experiment","5","odd","present","1022745","1022745","NA","1188377","1312","169234","1244914","1245430","1371","150289","161699","1245430","1245875","1006958","1244898","Fraction component detection task","836","484950","845","yes","1280"
"98.9361702128","98.9361702128","573.842789598","573.842789598","#808080","no","legacy","legacy","legacy","0","uniform","1","undefined","undefined","undefined","1","a","3","3","0","845","0","0","845","845","0","0","0","845","845","3","845","Fri Apr 27 13:03:26 2018","#757575","low","3","The main experiment item","yes","","experiment.osexp","/Users/tom/github/sft-fraction/procedure","no","mono","no","24","no","white","no","yes","800","legacy","197","197","3","/Users/tom/github/sft-fraction/results/data/subject-5a.csv","legacy","#757575","low","2","Jazzy James","3.1.9","0","a","NA","space","space","space","a","return","521","NA","148901","11392","7534","521","15719","2","legacy","1024","2","48000","-16","experiment","5","odd","absent","1022745","1022745","NA","1188377","1312","169234","1245957","1246478","1371","150289","161699","1246478","1247010","1006958","1245941","Fraction component detection task","837","485471","846","yes","1280"
"98.9374262102","98.9374262102","573.659976387","573.659976387","#808080","no","legacy","legacy","legacy","0","uniform","1","undefined","undefined","undefined","1","a","3","3","0","846","0","0","846","846","0","0","0","846","846","3","846","Fri Apr 27 13:03:26 2018","#000000","high","3","The main experiment item","yes","","experiment.osexp","/Users/tom/github/sft-fraction/procedure","no","mono","no","24","no","white","no","yes","800","legacy","198","198","3","/Users/tom/github/sft-fraction/results/data/subject-5a.csv","legacy","#000000","high","4","Jazzy James","3.1.9","0","a","NA","space","space","space","a","return","419","NA","148901","11392","7534","419","15719","2","legacy","1024","2","48000","-16","experiment","5","odd","absent","1022745","1022745","NA","1188377","1312","169234","1247094","1247611","1371","150289","161699","1247611","1248042","1006958","1247078","Fraction component detection task","838","485890","847","yes","1280"
"98.9386792453","98.9386792453","573.601415094","573.601415094","#808080","no","legacy","legacy","legacy","0","uniform","1","undefined","undefined","undefined","1","l","3","3","0","847","0","0","847","847","0","0","0","847","847","3","847","Fri Apr 27 13:03:26 2018","#757575","low","3","The main experiment item","yes","","experiment.osexp","/Users/tom/github/sft-fraction/procedure","no","mono","no","24","no","white","no","yes","800","legacy","199","199","3","/Users/tom/github/sft-fraction/results/data/subject-5a.csv","legacy","#000000","high","7","Jazzy James","3.1.9","0","l","NA","space","space","space","l","return","524","NA","148901","11392","7534","524","15719","2","legacy","1024","2","48000","-16","experiment","5","odd","present","1022745","1022745","NA","1188377","1312","169234","1248136","1248657","1371","150289","161699","1248658","1249194","1006958","1248114","Fraction component detection task","839","486414","848","yes","1280"
"98.9399293286","98.9399293286","573.404004711","573.404004711","#808080","no","legacy","legacy","legacy","0","uniform","1","undefined","undefined","undefined","1","a","3","3","0","848","0","0","848","848","0","0","0","848","848","3","848","Fri Apr 27 13:03:26 2018","#000000","high","3","The main experiment item","yes","","experiment.osexp","/Users/tom/github/sft-fraction/procedure","no","mono","no","24","no","white","no","yes","800","legacy","200","200","3","/Users/tom/github/sft-fraction/results/data/subject-5a.csv","legacy","#757575","low","4","Jazzy James","3.1.9","0","a","NA","space","space","space","a","return","406","NA","148901","11392","7534","406","15719","2","legacy","1024","2","48000","-16","experiment","5","odd","absent","1022745","1022745","NA","1188377","1312","169234","1249279","1249799","1371","150289","161699","1249800","1250219","1006958","1249259","Fraction component detection task","840","486820","849","yes","1280"
"98.9411764706","98.9411764706","573.352941176","573.352941176","#808080","no","legacy","legacy","legacy","0","uniform","1","undefined","undefined","undefined","1","l","3","3","0","849","0","0","849","849","0","0","0","849","849","3","849","Fri Apr 27 13:03:26 2018","#000000","high","4","The main experiment item","yes","","experiment.osexp","/Users/tom/github/sft-fraction/procedure","no","mono","no","24","no","white","no","yes","800","legacy","201","201","3","/Users/tom/github/sft-fraction/results/data/subject-5a.csv","legacy","#000000","high","8","Jazzy James","3.1.9","0","l","NA","space","space","space","l","return","530","NA","148901","11392","7534","530","15719","2","legacy","1024","2","48000","-16","experiment","5","odd","present","1022745","1022745","NA","1188377","1312","169234","1250311","1250829","1371","150289","161699","1250829","1251373","1006958","1250292","Fraction component detection task","841","487350","850","yes","1280"
"98.9424206816","98.9424206816","573.238542891","573.238542891","#808080","no","legacy","legacy","legacy","0","uniform","1","undefined","undefined","undefined","1","a","3","3","0","850","0","0","850","850","0","0","0","850","850","3","850","Fri Apr 27 13:03:26 2018","#000000","high","3","The main experiment item","yes","","experiment.osexp","/Users/tom/github/sft-fraction/procedure","no","mono","no","24","no","white","no","yes","800","legacy","202","202","3","/Users/tom/github/sft-fraction/results/data/subject-5a.csv","legacy","#000000","high","4","Jazzy James","3.1.9","0","a","NA","space","space","space","a","return","476","NA","148901","11392","7534","476","15719","2","legacy","1024","2","48000","-16","experiment","5","odd","absent","1022745","1022745","NA","1188377","1312","169234","1251454","1251971","1371","150289","161699","1251971","1252459","1006958","1251438","Fraction component detection task","842","487826","851","yes","1280"
"98.9436619718","98.9436619718","573.069248826","573.069248826","#808080","no","legacy","legacy","legacy","0","uniform","1","undefined","undefined","undefined","1","l","3","3","0","851","0","0","851","851","0","0","0","851","851","3","851","Fri Apr 27 13:03:26 2018","#757575","low","4","The main experiment item","yes","","experiment.osexp","/Users/tom/github/sft-fraction/procedure","no","mono","no","24","no","white","no","yes","800","legacy","203","203","3","/Users/tom/github/sft-fraction/results/data/subject-5a.csv","legacy","#000000","high","6","Jazzy James","3.1.9","0","l","NA","space","space","space","l","return","429","NA","148901","11392","7534","429","15719","2","legacy","1024","2","48000","-16","experiment","5","odd","present","1022745","1022745","NA","1188377","1312","169234","1252541","1253057","1371","150289","161699","1253058","1253499","1006958","1252525","Fraction component detection task","843","488255","852","yes","1280"
"98.9449003517","98.9449003517","572.958968347","572.958968347","#808080","no","legacy","legacy","legacy","0","uniform","1","undefined","undefined","undefined","1","l","3","3","0","852","0","0","852","852","0","0","0","852","852","3","852","Fri Apr 27 13:03:26 2018","#000000","high","7","The main experiment item","yes","","experiment.osexp","/Users/tom/github/sft-fraction/procedure","no","mono","no","24","no","white","no","yes","800","legacy","204","204","3","/Users/tom/github/sft-fraction/results/data/subject-5a.csv","legacy","#000000","high","7","Jazzy James","3.1.9","0","l","NA","space","space","space","l","return","479","NA","148901","11392","7534","479","15719","2","legacy","1024","2","48000","-16","experiment","5","odd","present","1022745","1022745","NA","1188377","1312","169234","1253579","1254095","1371","150289","161699","1254096","1254587","1006958","1253563","Fraction component detection task","844","488734","853","yes","1280"
"98.8290398126","98.8290398126","572.793911007","572.793911007","#808080","no","legacy","legacy","legacy","0","uniform","0","undefined","undefined","undefined","0","l","3","3","0","853","0","0","853","853","0","0","0","853","853","3","853","Fri Apr 27 13:03:26 2018","#000000","high","6","The main experiment item","yes","","experiment.osexp","/Users/tom/github/sft-fraction/procedure","no","mono","no","24","no","white","no","yes","800","legacy","205","205","3","/Users/tom/github/sft-fraction/results/data/subject-5a.csv","legacy","#757575","low","2","Jazzy James","3.1.9","0","a","NA","space","space","space","a","return","432","NA","148901","11392","7534","432","15719","2","legacy","1024","2","48000","-16","experiment","5","odd","present","1022745","1022745","NA","1188377","1312","169234","1254674","1255191","1371","150289","161699","1255192","1255639","1006958","1254658","Fraction component detection task","844","489166","854","yes","1280"
"98.8304093567","98.8304093567","572.735672515","572.735672515","#808080","no","legacy","legacy","legacy","0","uniform","1","undefined","undefined","undefined","1","a","3","3","0","854","0","0","854","854","0","0","0","854","854","3","854","Fri Apr 27 13:03:26 2018","#000000","high","4","The main experiment item","yes","","experiment.osexp","/Users/tom/github/sft-fraction/procedure","no","mono","no","24","no","white","no","yes","800","legacy","206","206","3","/Users/tom/github/sft-fraction/results/data/subject-5a.csv","legacy","#757575","low","4","Jazzy James","3.1.9","0","a","NA","space","space","space","a","return","523","NA","148901","11392","7534","523","15719","2","legacy","1024","2","48000","-16","experiment","5","odd","absent","1022745","1022745","NA","1255661","1312","169234","1256741","1257260","1371","150289","161699","1257260","1257796","1006958","1256723","Fraction component detection task","845","489689","855","yes","1280"
"98.8317757009","98.8317757009","573.102803738","573.102803738","#808080","no","legacy","legacy","legacy","0","uniform","1","undefined","undefined","undefined","1","l","3","3","0","855","0","0","855","855","0","0","0","855","855","3","855","Fri Apr 27 13:03:26 2018","#000000","high","6","The main experiment item","yes","","experiment.osexp","/Users/tom/github/sft-fraction/procedure","no","mono","no","24","no","white","no","yes","800","legacy","207","207","3","/Users/tom/github/sft-fraction/results/data/subject-5a.csv","legacy","#000000","high","7","Jazzy James","3.1.9","0","l","NA","space","space","space","l","return","887","NA","148901","11392","7534","887","15719","2","legacy","1024","2","48000","-16","experiment","5","odd","present","1022745","1022745","NA","1255661","1312","169234","1257876","1258392","1371","150289","161699","1258392","1259290","1006958","1257859","Fraction component detection task","846","490576","856","yes","1280"
"98.8331388565","98.8331388565","572.996499417","572.996499417","#808080","no","legacy","legacy","legacy","0","uniform","1","undefined","undefined","undefined","1","l","3","3","0","856","0","0","856","856","0","0","0","856","856","3","856","Fri Apr 27 13:03:26 2018","#000000","high","6","The main experiment item","yes","","experiment.osexp","/Users/tom/github/sft-fraction/procedure","no","mono","no","24","no","white","no","yes","800","legacy","208","208","3","/Users/tom/github/sft-fraction/results/data/subject-5a.csv","legacy","#757575","low","8","Jazzy James","3.1.9","0","l","NA","space","space","space","l","return","482","NA","148901","11392","7534","482","15719","2","legacy","1024","2","48000","-16","experiment","5","odd","present","1022745","1022745","NA","1255661","1312","169234","1259381","1259901","1371","150289","161699","1259902","1260398","1006958","1259362","Fraction component detection task","847","491058","857","yes","1280"
"98.8344988345","98.8344988345","572.824009324","572.824009324","#808080","no","legacy","legacy","legacy","0","uniform","1","undefined","undefined","undefined","1","a","3","3","0","857","0","0","857","857","0","0","0","857","857","3","857","Fri Apr 27 13:03:26 2018","#757575","low","2","The main experiment item","yes","","experiment.osexp","/Users/tom/github/sft-fraction/procedure","no","mono","no","24","no","white","no","yes","800","legacy","209","209","3","/Users/tom/github/sft-fraction/results/data/subject-5a.csv","legacy","#757575","low","2","Jazzy James","3.1.9","0","a","NA","space","space","space","a","return","425","NA","148901","11392","7534","425","15719","2","legacy","1024","2","48000","-16","experiment","5","odd","absent","1022745","1022745","NA","1255661","1312","169234","1260479","1260999","1371","150289","161699","1260999","1261435","1006958","1260463","Fraction component detection task","848","491483","858","yes","1280"
"98.8358556461","98.8358556461","572.869615832","572.869615832","#808080","no","legacy","legacy","legacy","0","uniform","1","undefined","undefined","undefined","1","l","3","3","0","858","0","0","858","858","0","0","0","858","858","3","858","Fri Apr 27 13:03:26 2018","#000000","high","7","The main experiment item","yes","","experiment.osexp","/Users/tom/github/sft-fraction/procedure","no","mono","no","24","no","white","no","yes","800","legacy","210","210","3","/Users/tom/github/sft-fraction/results/data/subject-5a.csv","legacy","#757575","low","4","Jazzy James","3.1.9","0","l","NA","space","space","space","l","return","612","NA","148901","11392","7534","612","15719","2","legacy","1024","2","48000","-16","experiment","5","odd","present","1022745","1022745","NA","1255661","1312","169234","1261520","1262036","1371","150289","161699","1262036","1262661","1006958","1261502","Fraction component detection task","849","492095","859","yes","1280"
"98.8372093023","98.8372093023","572.793023256","572.793023256","#808080","no","legacy","legacy","legacy","0","uniform","1","undefined","undefined","undefined","1","a","3","3","0","859","0","0","859","859","0","0","0","859","859","3","859","Fri Apr 27 13:03:26 2018","#000000","high","2","The main experiment item","yes","","experiment.osexp","/Users/tom/github/sft-fraction/procedure","no","mono","no","24","no","white","no","yes","800","legacy","211","211","3","/Users/tom/github/sft-fraction/results/data/subject-5a.csv","legacy","#757575","low","2","Jazzy James","3.1.9","0","a","NA","space","space","space","a","return","507","NA","148901","11392","7534","507","15719","2","legacy","1024","2","48000","-16","experiment","5","odd","absent","1022745","1022745","NA","1255661","1312","169234","1262745","1263261","1371","150289","161699","1263261","1263780","1006958","1262729","Fraction component detection task","850","492602","860","yes","1280"
"98.8385598142","98.8385598142","572.680603949","572.680603949","#808080","no","legacy","legacy","legacy","0","uniform","1","undefined","undefined","undefined","1","l","3","3","0","860","0","0","860","860","0","0","0","860","860","3","860","Fri Apr 27 13:03:26 2018","#757575","low","2","The main experiment item","yes","","experiment.osexp","/Users/tom/github/sft-fraction/procedure","no","mono","no","24","no","white","no","yes","800","legacy","212","212","3","/Users/tom/github/sft-fraction/results/data/subject-5a.csv","legacy","#000000","high","7","Jazzy James","3.1.9","0","l","NA","space","space","space","l","return","476","NA","148901","11392","7534","476","15719","2","legacy","1024","2","48000","-16","experiment","5","odd","present","1022745","1022745","NA","1255661","1312","169234","1263869","1264387","1371","150289","161699","1264388","1264876","1006958","1263848","Fraction component detection task","851","493078","861","yes","1280"
"98.8399071926","98.8399071926","572.549883991","572.549883991","#808080","no","legacy","legacy","legacy","0","uniform","1","undefined","undefined","undefined","1","a","3","3","0","861","0","0","861","861","0","0","0","861","861","3","861","Fri Apr 27 13:03:26 2018","#757575","low","2","The main experiment item","yes","","experiment.osexp","/Users/tom/github/sft-fraction/procedure","no","mono","no","24","no","white","no","yes","800","legacy","213","213","3","/Users/tom/github/sft-fraction/results/data/subject-5a.csv","legacy","#000000","high","3","Jazzy James","3.1.9","0","a","NA","space","space","space","a","return","460","NA","148901","11392","7534","460","15719","2","legacy","1024","2","48000","-16","experiment","5","odd","absent","1022745","1022745","NA","1255661","1312","169234","1264964","1265484","1371","150289","161699","1265484","1265956","1006958","1264949","Fraction component detection task","852","493538","862","yes","1280"
"98.8412514484","98.8412514484","572.464658169","572.464658169","#808080","no","legacy","legacy","legacy","0","uniform","1","undefined","undefined","undefined","1","l","3","3","0","862","0","0","862","862","0","0","0","862","862","3","862","Fri Apr 27 13:03:26 2018","#757575","low","3","The main experiment item","yes","","experiment.osexp","/Users/tom/github/sft-fraction/procedure","no","mono","no","24","no","white","no","yes","800","legacy","214","214","3","/Users/tom/github/sft-fraction/results/data/subject-5a.csv","legacy","#000000","high","6","Jazzy James","3.1.9","0","l","NA","space","space","space","l","return","499","NA","148901","11392","7534","499","15719","2","legacy","1024","2","48000","-16","experiment","5","odd","present","1022745","1022745","NA","1255661","1312","169234","1266037","1266556","1371","150289","161699","1266556","1267067","1006958","1266022","Fraction component detection task","853","494037","863","yes","1280"
"98.8425925926","98.8425925926","572.33912037","572.33912037","#808080","no","legacy","legacy","legacy","0","uniform","1","undefined","undefined","undefined","1","a","3","3","0","863","0","0","863","863","0","0","0","863","863","3","863","Fri Apr 27 13:03:26 2018","#757575","low","4","The main experiment item","yes","","experiment.osexp","/Users/tom/github/sft-fraction/procedure","no","mono","no","24","no","white","no","yes","800","legacy","215","215","3","/Users/tom/github/sft-fraction/results/data/subject-5a.csv","legacy","#000000","high","3","Jazzy James","3.1.9","0","a","NA","space","space","space","a","return","464","NA","148901","11392","7534","464","15719","2","legacy","1024","2","48000","-16","experiment","5","odd","absent","1022745","1022745","NA","1255661","1312","169234","1267154","1267671","1371","150289","161699","1267671","1268147","1006958","1267135","Fraction component detection task","854","494501","864","yes","1280"
"98.8439306358","98.8439306358","572.384971098","572.384971098","#808080","no","legacy","legacy","legacy","0","uniform","1","undefined","undefined","undefined","1","a","4","4","0","864","0","0","864","864","0","0","0","864","864","4","864","Fri Apr 27 13:03:26 2018","#757575","low","2","The main experiment item","yes","","experiment.osexp","/Users/tom/github/sft-fraction/procedure","no","mono","no","24","no","white","no","yes","800","legacy","0","0","4","/Users/tom/github/sft-fraction/results/data/subject-5a.csv","legacy","#000000","high","3","Jazzy James","3.1.9","0","a","NA","space","space","space","a","return","612","NA","148901","11392","7534","612","40236","2","legacy","1024","2","48000","-16","experiment","5","odd","absent","1308521","1308521","NA","1255661","1312","169234","1308567","1309086","1371","150289","161699","1309086","1309710","1268214","1308548","Fraction component detection task","855","495113","865","yes","1280"
"98.8452655889","98.8452655889","572.195150115","572.195150115","#808080","no","legacy","legacy","legacy","0","uniform","1","undefined","undefined","undefined","1","a","4","4","0","865","0","0","865","865","0","0","0","865","865","4","865","Fri Apr 27 13:03:26 2018","#000000","high","2","The main experiment item","yes","","experiment.osexp","/Users/tom/github/sft-fraction/procedure","no","mono","no","24","no","white","no","yes","800","legacy","1","1","4","/Users/tom/github/sft-fraction/results/data/subject-5a.csv","legacy","#000000","high","2","Jazzy James","3.1.9","0","a","NA","space","space","space","a","return","408","NA","148901","11392","7534","408","40236","2","legacy","1024","2","48000","-16","experiment","5","odd","absent","1308521","1308521","NA","1255661","1312","169234","1309796","1310314","1371","150289","161699","1310314","1310735","1268214","1309780","Fraction component detection task","856","495521","866","yes","1280"
"98.8465974625","98.8465974625","572.139561707","572.139561707","#808080","no","legacy","legacy","legacy","0","uniform","1","undefined","undefined","undefined","1","l","4","4","0","866","0","0","866","866","0","0","0","866","866","4","866","Fri Apr 27 13:03:26 2018","#000000","high","3","The main experiment item","yes","","experiment.osexp","/Users/tom/github/sft-fraction/procedure","no","mono","no","24","no","white","no","yes","800","legacy","2","2","4","/Users/tom/github/sft-fraction/results/data/subject-5a.csv","legacy","#000000","high","7","Jazzy James","3.1.9","0","l","NA","space","space","space","l","return","524","NA","148901","11392","7534","524","40236","2","legacy","1024","2","48000","-16","experiment","5","odd","present","1308521","1308521","NA","1255661","1312","169234","1310816","1311334","1371","150289","161699","1311334","1311870","1268214","1310801","Fraction component detection task","857","496045","867","yes","1280"
"98.8479262673","98.8479262673","572.031105991","572.031105991","#808080","no","legacy","legacy","legacy","0","uniform","1","undefined","undefined","undefined","1","l","4","4","0","867","0","0","867","867","0","0","0","867","867","4","867","Fri Apr 27 13:03:26 2018","#000000","high","6","The main experiment item","yes","","experiment.osexp","/Users/tom/github/sft-fraction/procedure","no","mono","no","24","no","white","no","yes","800","legacy","3","3","4","/Users/tom/github/sft-fraction/results/data/subject-5a.csv","legacy","#000000","high","2","Jazzy James","3.1.9","0","l","NA","space","space","space","l","return","478","NA","148901","11392","7534","478","40236","2","legacy","1024","2","48000","-16","experiment","5","odd","present","1308521","1308521","NA","1255661","1312","169234","1311959","1312476","1371","150289","161699","1312476","1312966","1268214","1311939","Fraction component detection task","858","496523","868","yes","1280"
"98.8492520138","98.8492520138","571.953970081","571.953970081","#808080","no","legacy","legacy","legacy","0","uniform","1","undefined","undefined","undefined","1","a","4","4","0","868","0","0","868","868","0","0","0","868","868","4","868","Fri Apr 27 13:03:26 2018","#757575","low","2","The main experiment item","yes","","experiment.osexp","/Users/tom/github/sft-fraction/procedure","no","mono","no","24","no","white","no","yes","800","legacy","4","4","4","/Users/tom/github/sft-fraction/results/data/subject-5a.csv","legacy","#757575","low","4","Jazzy James","3.1.9","0","a","NA","space","space","space","a","return","505","NA","148901","11392","7534","505","40236","2","legacy","1024","2","48000","-16","experiment","5","odd","absent","1308521","1308521","NA","1255661","1312","169234","1313050","1313568","1371","150289","161699","1313568","1314085","1268214","1313034","Fraction component detection task","859","497028","869","yes","1280"
"98.8505747126","98.8505747126","571.824137931","571.824137931","#808080","no","legacy","legacy","legacy","0","uniform","1","undefined","undefined","undefined","1","l","4","4","0","869","0","0","869","869","0","0","0","869","869","4","869","Fri Apr 27 13:03:26 2018","#757575","low","6","The main experiment item","yes","","experiment.osexp","/Users/tom/github/sft-fraction/procedure","no","mono","no","24","no","white","no","yes","800","legacy","5","5","4","/Users/tom/github/sft-fraction/results/data/subject-5a.csv","legacy","#757575","low","7","Jazzy James","3.1.9","0","l","NA","space","space","space","l","return","459","NA","148901","11392","7534","459","40236","2","legacy","1024","2","48000","-16","experiment","5","odd","present","1308521","1308521","NA","1255661","1312","169234","1314167","1314686","1371","150289","161699","1314686","1315157","1268214","1314151","Fraction component detection task","860","497487","870","yes","1280"
"98.8518943743","98.8518943743","571.855338691","571.855338691","#808080","no","legacy","legacy","legacy","0","uniform","1","undefined","undefined","undefined","1","l","4","4","0","870","0","0","870","870","0","0","0","870","870","4","870","Fri Apr 27 13:03:26 2018","#000000","high","6","The main experiment item","yes","","experiment.osexp","/Users/tom/github/sft-fraction/procedure","no","mono","no","24","no","white","no","yes","800","legacy","6","6","4","/Users/tom/github/sft-fraction/results/data/subject-5a.csv","legacy","#757575","low","2","Jazzy James","3.1.9","0","l","NA","space","space","space","l","return","599","NA","148901","11392","7534","599","40236","2","legacy","1024","2","48000","-16","experiment","5","odd","present","1308521","1308521","NA","1255661","1312","169234","1315246","1315763","1371","150289","161699","1315763","1316374","1268214","1315227","Fraction component detection task","861","498086","871","yes","1280"
"98.8532110092","98.8532110092","571.735091743","571.735091743","#808080","no","legacy","legacy","legacy","0","uniform","1","undefined","undefined","undefined","1","a","4","4","0","871","0","0","871","871","0","0","0","871","871","4","871","Fri Apr 27 13:03:26 2018","#757575","low","3","The main experiment item","yes","","experiment.osexp","/Users/tom/github/sft-fraction/procedure","no","mono","no","24","no","white","no","yes","800","legacy","7","7","4","/Users/tom/github/sft-fraction/results/data/subject-5a.csv","legacy","#000000","high","2","Jazzy James","3.1.9","0","a","NA","space","space","space","a","return","467","NA","148901","11392","7534","467","40236","2","legacy","1024","2","48000","-16","experiment","5","odd","absent","1308521","1308521","NA","1255661","1312","169234","1316462","1316983","1371","150289","161699","1316983","1317463","1268214","1316446","Fraction component detection task","862","498553","872","yes","1280"
"98.8545246277","98.8545246277","571.632302405","571.632302405","#808080","no","legacy","legacy","legacy","0","uniform","1","undefined","undefined","undefined","1","l","4","4","0","872","0","0","872","872","0","0","0","872","872","4","872","Fri Apr 27 13:03:26 2018","#000000","high","6","The main experiment item","yes","","experiment.osexp","/Users/tom/github/sft-fraction/procedure","no","mono","no","24","no","white","no","yes","800","legacy","8","8","4","/Users/tom/github/sft-fraction/results/data/subject-5a.csv","legacy","#757575","low","6","Jazzy James","3.1.9","0","l","NA","space","space","space","l","return","482","NA","148901","11392","7534","482","40236","2","legacy","1024","2","48000","-16","experiment","5","odd","present","1308521","1308521","NA","1255661","1312","169234","1317542","1318063","1371","150289","161699","1318064","1318558","1268214","1317526","Fraction component detection task","863","499035","873","yes","1280"
"98.8558352403","98.8558352403","571.417620137","571.417620137","#808080","no","legacy","legacy","legacy","0","uniform","1","undefined","undefined","undefined","1","a","4","4","0","873","0","0","873","873","0","0","0","873","873","4","873","Fri Apr 27 13:03:26 2018","#757575","low","3","The main experiment item","yes","","experiment.osexp","/Users/tom/github/sft-fraction/procedure","no","mono","no","24","no","white","no","yes","800","legacy","9","9","4","/Users/tom/github/sft-fraction/results/data/subject-5a.csv","legacy","#757575","low","4","Jazzy James","3.1.9","0","a","NA","space","space","space","a","return","384","NA","148901","11392","7534","384","40236","2","legacy","1024","2","48000","-16","experiment","5","odd","absent","1308521","1308521","NA","1255661","1312","169234","1318645","1319162","1371","150289","161699","1319162","1319559","1268214","1318629","Fraction component detection task","864","499419","874","yes","1280"
"98.8571428571","98.8571428571","571.401142857","571.401142857","#808080","no","legacy","legacy","legacy","0","uniform","1","undefined","undefined","undefined","1","l","4","4","0","874","0","0","874","874","0","0","0","874","874","4","874","Fri Apr 27 13:03:26 2018","#757575","low","7","The main experiment item","yes","","experiment.osexp","/Users/tom/github/sft-fraction/procedure","no","mono","no","24","no","white","no","yes","800","legacy","10","10","4","/Users/tom/github/sft-fraction/results/data/subject-5a.csv","legacy","#000000","high","2","Jazzy James","3.1.9","0","l","NA","space","space","space","l","return","557","NA","148901","11392","7534","557","40236","2","legacy","1024","2","48000","-16","experiment","5","odd","present","1308521","1308521","NA","1255661","1312","169234","1319641","1320157","1371","150289","161699","1320157","1320727","1268214","1319625","Fraction component detection task","865","499976","875","yes","1280"
"98.8584474886","98.8584474886","571.304794521","571.304794521","#808080","no","legacy","legacy","legacy","0","uniform","1","undefined","undefined","undefined","1","l","4","4","0","875","0","0","875","875","0","0","0","875","875","4","875","Fri Apr 27 13:03:26 2018","#757575","low","6","The main experiment item","yes","","experiment.osexp","/Users/tom/github/sft-fraction/procedure","no","mono","no","24","no","white","no","yes","800","legacy","11","11","4","/Users/tom/github/sft-fraction/results/data/subject-5a.csv","legacy","#000000","high","2","Jazzy James","3.1.9","0","l","NA","space","space","space","l","return","487","NA","148901","11392","7534","487","40236","2","legacy","1024","2","48000","-16","experiment","5","odd","present","1308521","1308521","NA","1255661","1312","169234","1320814","1321331","1371","150289","161699","1321331","1321831","1268214","1320797","Fraction component detection task","866","500463","876","yes","1280"
"98.8597491448","98.8597491448","571.172177879","571.172177879","#808080","no","legacy","legacy","legacy","0","uniform","1","undefined","undefined","undefined","1","a","4","4","0","876","0","0","876","876","0","0","0","876","876","4","876","Fri Apr 27 13:03:26 2018","#757575","low","3","The main experiment item","yes","","experiment.osexp","/Users/tom/github/sft-fraction/procedure","no","mono","no","24","no","white","no","yes","800","legacy","12","12","4","/Users/tom/github/sft-fraction/results/data/subject-5a.csv","legacy","#000000","high","2","Jazzy James","3.1.9","0","a","NA","space","space","space","a","return","455","NA","148901","11392","7534","455","40236","2","legacy","1024","2","48000","-16","experiment","5","odd","absent","1308521","1308521","NA","1255661","1312","169234","1321910","1322427","1371","150289","161699","1322427","1322895","1268214","1321895","Fraction component detection task","867","500918","877","yes","1280"
"98.861047836","98.861047836","571.150341686","571.150341686","#808080","no","legacy","legacy","legacy","0","uniform","1","undefined","undefined","undefined","1","a","4","4","0","877","0","0","877","877","0","0","0","877","877","4","877","Fri Apr 27 13:03:26 2018","#757575","low","4","The main experiment item","yes","","experiment.osexp","/Users/tom/github/sft-fraction/procedure","no","mono","no","24","no","white","no","yes","800","legacy","13","13","4","/Users/tom/github/sft-fraction/results/data/subject-5a.csv","legacy","#000000","high","3","Jazzy James","3.1.9","0","a","NA","space","space","space","a","return","552","NA","148901","11392","7534","552","40236","2","legacy","1024","2","48000","-16","experiment","5","odd","absent","1308521","1308521","NA","1255661","1312","169234","1322978","1323497","1371","150289","161699","1323498","1324062","1268214","1322962","Fraction component detection task","868","501470","878","yes","1280"
"98.8623435722","98.8623435722","570.986348123","570.986348123","#808080","no","legacy","legacy","legacy","0","uniform","1","undefined","undefined","undefined","1","l","4","4","0","878","0","0","878","878","0","0","0","878","878","4","878","Fri Apr 27 13:03:26 2018","#757575","low","3","The main experiment item","yes","","experiment.osexp","/Users/tom/github/sft-fraction/procedure","no","mono","no","24","no","white","no","yes","800","legacy","14","14","4","/Users/tom/github/sft-fraction/results/data/subject-5a.csv","legacy","#000000","high","6","Jazzy James","3.1.9","0","l","NA","space","space","space","l","return","427","NA","148901","11392","7534","427","40236","2","legacy","1024","2","48000","-16","experiment","5","odd","present","1308521","1308521","NA","1255661","1312","169234","1324146","1324662","1371","150289","161699","1324663","1325104","1268214","1324127","Fraction component detection task","869","501897","879","yes","1280"
"98.8636363636","98.8636363636","570.970454545","570.970454545","#808080","no","legacy","legacy","legacy","0","uniform","1","undefined","undefined","undefined","1","a","4","4","0","879","0","0","879","879","0","0","0","879","879","4","879","Fri Apr 27 13:03:26 2018","#757575","low","4","The main experiment item","yes","","experiment.osexp","/Users/tom/github/sft-fraction/procedure","no","mono","no","24","no","white","no","yes","800","legacy","15","15","4","/Users/tom/github/sft-fraction/results/data/subject-5a.csv","legacy","#757575","low","2","Jazzy James","3.1.9","0","a","NA","space","space","space","a","return","557","NA","148901","11392","7534","557","40236","2","legacy","1024","2","48000","-16","experiment","5","odd","absent","1308521","1308521","NA","1255661","1312","169234","1325184","1325701","1371","150289","161699","1325701","1326270","1268214","1325169","Fraction component detection task","870","502454","880","yes","1280"
"98.8649262202","98.8649262202","570.86492622","570.86492622","#808080","no","legacy","legacy","legacy","0","uniform","1","undefined","undefined","undefined","1","a","4","4","0","880","0","0","880","880","0","0","0","880","880","4","880","Fri Apr 27 13:03:26 2018","#000000","high","2","The main experiment item","yes","","experiment.osexp","/Users/tom/github/sft-fraction/procedure","no","mono","no","24","no","white","no","yes","800","legacy","16","16","4","/Users/tom/github/sft-fraction/results/data/subject-5a.csv","legacy","#757575","low","4","Jazzy James","3.1.9","0","a","NA","space","space","space","a","return","478","NA","148901","11392","7534","478","40236","2","legacy","1024","2","48000","-16","experiment","5","odd","absent","1308521","1308521","NA","1255661","1312","169234","1326352","1326868","1371","150289","161699","1326869","1327359","1268214","1326337","Fraction component detection task","871","502932","881","yes","1280"
"98.8662131519","98.8662131519","570.693877551","570.693877551","#808080","no","legacy","legacy","legacy","0","uniform","1","undefined","undefined","undefined","1","a","4","4","0","881","0","0","881","881","0","0","0","881","881","4","881","Fri Apr 27 13:03:26 2018","#757575","low","3","The main experiment item","yes","","experiment.osexp","/Users/tom/github/sft-fraction/procedure","no","mono","no","24","no","white","no","yes","800","legacy","17","17","4","/Users/tom/github/sft-fraction/results/data/subject-5a.csv","legacy","#757575","low","2","Jazzy James","3.1.9","0","a","NA","space","space","space","a","return","420","NA","148901","11392","7534","420","40236","2","legacy","1024","2","48000","-16","experiment","5","odd","absent","1308521","1308521","NA","1255661","1312","169234","1327443","1327959","1371","150289","161699","1327959","1328391","1268214","1327427","Fraction component detection task","872","503352","882","yes","1280"
"98.8674971687","98.8674971687","570.531143828","570.531143828","#808080","no","legacy","legacy","legacy","0","uniform","1","undefined","undefined","undefined","1","a","4","4","0","882","0","0","882","882","0","0","0","882","882","4","882","Fri Apr 27 13:03:26 2018","#000000","high","2","The main experiment item","yes","","experiment.osexp","/Users/tom/github/sft-fraction/procedure","no","mono","no","24","no","white","no","yes","800","legacy","18","18","4","/Users/tom/github/sft-fraction/results/data/subject-5a.csv","legacy","#000000","high","4","Jazzy James","3.1.9","0","a","NA","space","space","space","a","return","427","NA","148901","11392","7534","427","40236","2","legacy","1024","2","48000","-16","experiment","5","odd","absent","1308521","1308521","NA","1255661","1312","169234","1328473","1328992","1371","150289","161699","1328992","1329431","1268214","1328457","Fraction component detection task","873","503779","883","yes","1280"
"98.8687782805","98.8687782805","570.391402715","570.391402715","#808080","no","legacy","legacy","legacy","0","uniform","1","undefined","undefined","undefined","1","l","4","4","0","883","0","0","883","883","0","0","0","883","883","4","883","Fri Apr 27 13:03:26 2018","#000000","high","6","The main experiment item","yes","","experiment.osexp","/Users/tom/github/sft-fraction/procedure","no","mono","no","24","no","white","no","yes","800","legacy","19","19","4","/Users/tom/github/sft-fraction/results/data/subject-5a.csv","legacy","#000000","high","8","Jazzy James","3.1.9","0","l","NA","space","space","space","l","return","447","NA","148901","11392","7534","447","40236","2","legacy","1024","2","48000","-16","experiment","5","odd","present","1308521","1308521","NA","1255661","1312","169234","1329518","1330036","1371","150289","161699","1330036","1330495","1268214","1329499","Fraction component detection task","874","504226","884","yes","1280"
"98.8700564972","98.8700564972","570.274576271","570.274576271","#808080","no","legacy","legacy","legacy","0","uniform","1","undefined","undefined","undefined","1","l","4","4","0","884","0","0","884","884","0","0","0","884","884","4","884","Fri Apr 27 13:03:26 2018","#000000","high","8","The main experiment item","yes","","experiment.osexp","/Users/tom/github/sft-fraction/procedure","no","mono","no","24","no","white","no","yes","800","legacy","20","20","4","/Users/tom/github/sft-fraction/results/data/subject-5a.csv","legacy","#757575","low","3","Jazzy James","3.1.9","0","l","NA","space","space","space","l","return","467","NA","148901","11392","7534","467","40236","2","legacy","1024","2","48000","-16","experiment","5","odd","present","1308521","1308521","NA","1255661","1312","169234","1330580","1331096","1371","150289","161699","1331096","1331576","1268214","1330563","Fraction component detection task","875","504693","885","yes","1280"
"98.8713318284","98.8713318284","570.202031603","570.202031603","#808080","no","legacy","legacy","legacy","0","uniform","1","undefined","undefined","undefined","1","a","4","4","0","885","0","0","885","885","0","0","0","885","885","4","885","Fri Apr 27 13:03:26 2018","#757575","low","2","The main experiment item","yes","","experiment.osexp","/Users/tom/github/sft-fraction/procedure","no","mono","no","24","no","white","no","yes","800","legacy","21","21","4","/Users/tom/github/sft-fraction/results/data/subject-5a.csv","legacy","#757575","low","3","Jazzy James","3.1.9","0","a","NA","space","space","space","a","return","506","NA","148901","11392","7534","506","40236","2","legacy","1024","2","48000","-16","experiment","5","odd","absent","1308521","1308521","NA","1255661","1312","169234","1331661","1332177","1371","150289","161699","1332177","1332699","1268214","1331645","Fraction component detection task","876","505199","886","yes","1280"
"98.8726042841","98.8726042841","570.103720406","570.103720406","#808080","no","legacy","legacy","legacy","0","uniform","1","undefined","undefined","undefined","1","l","4","4","0","886","0","0","886","886","0","0","0","886","886","4","886","Fri Apr 27 13:03:26 2018","#757575","low","4","The main experiment item","yes","","experiment.osexp","/Users/tom/github/sft-fraction/procedure","no","mono","no","24","no","white","no","yes","800","legacy","22","22","4","/Users/tom/github/sft-fraction/results/data/subject-5a.csv","legacy","#000000","high","6","Jazzy James","3.1.9","0","l","NA","space","space","space","l","return","483","NA","148901","11392","7534","483","40236","2","legacy","1024","2","48000","-16","experiment","5","odd","present","1308521","1308521","NA","1255661","1312","169234","1332788","1333304","1371","150289","161699","1333304","1333800","1268214","1332768","Fraction component detection task","877","505682","887","yes","1280"
"98.8738738739","98.8738738739","569.949324324","569.949324324","#808080","no","legacy","legacy","legacy","0","uniform","1","undefined","undefined","undefined","1","l","4","4","0","887","0","0","887","887","0","0","0","887","887","4","887","Fri Apr 27 13:03:26 2018","#000000","high","4","The main experiment item","yes","","experiment.osexp","/Users/tom/github/sft-fraction/procedure","no","mono","no","24","no","white","no","yes","800","legacy","23","23","4","/Users/tom/github/sft-fraction/results/data/subject-5a.csv","legacy","#000000","high","6","Jazzy James","3.1.9","0","l","NA","space","space","space","l","return","433","NA","148901","11392","7534","433","40236","2","legacy","1024","2","48000","-16","experiment","5","odd","present","1308521","1308521","NA","1255661","1312","169234","1333884","1334402","1371","150289","161699","1334402","1334849","1268214","1333868","Fraction component detection task","878","506115","888","yes","1280"
"98.8751406074","98.8751406074","569.820022497","569.820022497","#808080","no","legacy","legacy","legacy","0","uniform","1","undefined","undefined","undefined","1","l","4","4","0","888","0","0","888","888","0","0","0","888","888","4","888","Fri Apr 27 13:03:26 2018","#000000","high","7","The main experiment item","yes","","experiment.osexp","/Users/tom/github/sft-fraction/procedure","no","mono","no","24","no","white","no","yes","800","legacy","24","24","4","/Users/tom/github/sft-fraction/results/data/subject-5a.csv","legacy","#757575","low","2","Jazzy James","3.1.9","0","l","NA","space","space","space","l","return","455","NA","148901","11392","7534","455","40236","2","legacy","1024","2","48000","-16","experiment","5","odd","present","1308521","1308521","NA","1255661","1312","169234","1334936","1335452","1371","150289","161699","1335452","1335920","1268214","1334920","Fraction component detection task","879","506570","889","yes","1280"
"98.8764044944","98.8764044944","569.835955056","569.835955056","#808080","no","legacy","legacy","legacy","0","uniform","1","undefined","undefined","undefined","1","a","4","4","0","889","0","0","889","889","0","0","0","889","889","4","889","Fri Apr 27 13:03:26 2018","#757575","low","3","The main experiment item","yes","","experiment.osexp","/Users/tom/github/sft-fraction/procedure","no","mono","no","24","no","white","no","yes","800","legacy","25","25","4","/Users/tom/github/sft-fraction/results/data/subject-5a.csv","legacy","#000000","high","4","Jazzy James","3.1.9","0","a","NA","space","space","space","a","return","584","NA","148901","11392","7534","584","40236","2","legacy","1024","2","48000","-16","experiment","5","odd","absent","1308521","1308521","NA","1255661","1312","169234","1336004","1336522","1371","150289","161699","1336522","1337123","1268214","1335988","Fraction component detection task","880","507154","890","yes","1280"
"98.8776655443","98.8776655443","569.759820426","569.759820426","#808080","no","legacy","legacy","legacy","0","uniform","1","undefined","undefined","undefined","1","a","4","4","0","890","0","0","890","890","0","0","0","890","890","4","890","Fri Apr 27 13:03:26 2018","#757575","low","4","The main experiment item","yes","","experiment.osexp","/Users/tom/github/sft-fraction/procedure","no","mono","no","24","no","white","no","yes","800","legacy","26","26","4","/Users/tom/github/sft-fraction/results/data/subject-5a.csv","legacy","#000000","high","3","Jazzy James","3.1.9","0","a","NA","space","space","space","a","return","502","NA","148901","11392","7534","502","40236","2","legacy","1024","2","48000","-16","experiment","5","odd","absent","1308521","1308521","NA","1255661","1312","169234","1337207","1337723","1371","150289","161699","1337724","1338241","1268214","1337190","Fraction component detection task","881","507656","891","yes","1280"
"98.8789237668","98.8789237668","569.554932735","569.554932735","#808080","no","legacy","legacy","legacy","0","uniform","1","undefined","undefined","undefined","1","l","4","4","0","891","0","0","891","891","0","0","0","891","891","4","891","Fri Apr 27 13:03:26 2018","#000000","high","7","The main experiment item","yes","","experiment.osexp","/Users/tom/github/sft-fraction/procedure","no","mono","no","24","no","white","no","yes","800","legacy","27","27","4","/Users/tom/github/sft-fraction/results/data/subject-5a.csv","legacy","#000000","high","7","Jazzy James","3.1.9","0","l","NA","space","space","space","l","return","387","NA","148901","11392","7534","387","40236","2","legacy","1024","2","48000","-16","experiment","5","odd","present","1308521","1308521","NA","1255661","1312","169234","1338323","1338839","1371","150289","161699","1338839","1339239","1268214","1338306","Fraction component detection task","882","508043","892","yes","1280"
"98.8801791713","98.8801791713","569.403135498","569.403135498","#808080","no","legacy","legacy","legacy","0","uniform","1","undefined","undefined","undefined","1","l","4","4","0","892","0","0","892","892","0","0","0","892","892","4","892","Fri Apr 27 13:03:26 2018","#757575","low","6","The main experiment item","yes","","experiment.osexp","/Users/tom/github/sft-fraction/procedure","no","mono","no","24","no","white","no","yes","800","legacy","28","28","4","/Users/tom/github/sft-fraction/results/data/subject-5a.csv","legacy","#000000","high","7","Jazzy James","3.1.9","0","l","NA","space","space","space","l","return","434","NA","148901","11392","7534","434","40236","2","legacy","1024","2","48000","-16","experiment","5","odd","present","1308521","1308521","NA","1255661","1312","169234","1339322","1339840","1371","150289","161699","1339840","1340287","1268214","1339305","Fraction component detection task","883","508477","893","yes","1280"
"98.8814317673","98.8814317673","569.598434004","569.598434004","#808080","no","legacy","legacy","legacy","0","uniform","1","undefined","undefined","undefined","1","l","4","4","0","893","0","0","893","893","0","0","0","893","893","4","893","Fri Apr 27 13:03:26 2018","#000000","high","3","The main experiment item","yes","","experiment.osexp","/Users/tom/github/sft-fraction/procedure","no","mono","no","24","no","white","no","yes","800","legacy","29","29","4","/Users/tom/github/sft-fraction/results/data/subject-5a.csv","legacy","#757575","low","6","Jazzy James","3.1.9","0","l","NA","space","space","space","l","return","744","NA","148901","11392","7534","744","40236","2","legacy","1024","2","48000","-16","experiment","5","odd","present","1308521","1308521","NA","1255661","1312","169234","1340383","1340899","1371","150289","161699","1340899","1341656","1268214","1340362","Fraction component detection task","884","509221","894","yes","1280"
"98.8826815642","98.8826815642","569.554189944","569.554189944","#808080","no","legacy","legacy","legacy","0","uniform","1","undefined","undefined","undefined","1","l","4","4","0","894","0","0","894","894","0","0","0","894","894","4","894","Fri Apr 27 13:03:26 2018","#000000","high","2","The main experiment item","yes","","experiment.osexp","/Users/tom/github/sft-fraction/procedure","no","mono","no","24","no","white","no","yes","800","legacy","30","30","4","/Users/tom/github/sft-fraction/results/data/subject-5a.csv","legacy","#757575","low","8","Jazzy James","3.1.9","0","l","NA","space","space","space","l","return","530","NA","148901","11392","7534","530","40236","2","legacy","1024","2","48000","-16","experiment","5","odd","present","1308521","1308521","NA","1255661","1312","169234","1341737","1342257","1371","150289","161699","1342257","1342800","1268214","1341721","Fraction component detection task","885","509751","895","yes","1280"
"98.8839285714","98.8839285714","569.4921875","569.4921875","#808080","no","legacy","legacy","legacy","0","uniform","1","undefined","undefined","undefined","1","a","4","4","0","895","0","0","895","895","0","0","0","895","895","4","895","Fri Apr 27 13:03:26 2018","#757575","low","3","The main experiment item","yes","","experiment.osexp","/Users/tom/github/sft-fraction/procedure","no","mono","no","24","no","white","no","yes","800","legacy","31","31","4","/Users/tom/github/sft-fraction/results/data/subject-5a.csv","legacy","#757575","low","3","Jazzy James","3.1.9","0","a","NA","space","space","space","a","return","514","NA","148901","11392","7534","514","40236","2","legacy","1024","2","48000","-16","experiment","5","odd","absent","1308521","1308521","NA","1255661","1312","169234","1342885","1343401","1371","150289","161699","1343401","1343929","1268214","1342869","Fraction component detection task","886","510265","896","yes","1280"
"98.8851727982","98.8851727982","569.457079153","569.457079153","#808080","no","legacy","legacy","legacy","0","uniform","1","undefined","undefined","undefined","1","l","4","4","0","896","0","0","896","896","0","0","0","896","896","4","896","Fri Apr 27 13:03:26 2018","#000000","high","2","The main experiment item","yes","","experiment.osexp","/Users/tom/github/sft-fraction/procedure","no","mono","no","24","no","white","no","yes","800","legacy","32","32","4","/Users/tom/github/sft-fraction/results/data/subject-5a.csv","legacy","#000000","high","8","Jazzy James","3.1.9","0","l","NA","space","space","space","l","return","538","NA","148901","11392","7534","538","40236","2","legacy","1024","2","48000","-16","experiment","5","odd","present","1308521","1308521","NA","1255661","1312","169234","1344009","1344528","1371","150289","161699","1344529","1345079","1268214","1343994","Fraction component detection task","887","510803","897","yes","1280"
"98.8864142539","98.8864142539","569.422048998","569.422048998","#808080","no","legacy","legacy","legacy","0","uniform","1","undefined","undefined","undefined","1","a","4","4","0","897","0","0","897","897","0","0","0","897","897","4","897","Fri Apr 27 13:03:26 2018","#000000","high","4","The main experiment item","yes","","experiment.osexp","/Users/tom/github/sft-fraction/procedure","no","mono","no","24","no","white","no","yes","800","legacy","33","33","4","/Users/tom/github/sft-fraction/results/data/subject-5a.csv","legacy","#757575","low","2","Jazzy James","3.1.9","0","a","NA","space","space","space","a","return","538","NA","148901","11392","7534","538","40236","2","legacy","1024","2","48000","-16","experiment","5","odd","absent","1308521","1308521","NA","1255661","1312","169234","1345163","1345681","1371","150289","161699","1345681","1346231","1268214","1345146","Fraction component detection task","888","511341","898","yes","1280"
"98.8876529477","98.8876529477","569.42269188","569.42269188","#808080","no","legacy","legacy","legacy","0","uniform","1","undefined","undefined","undefined","1","l","4","4","0","898","0","0","898","898","0","0","0","898","898","4","898","Fri Apr 27 13:03:26 2018","#757575","low","7","The main experiment item","yes","","experiment.osexp","/Users/tom/github/sft-fraction/procedure","no","mono","no","24","no","white","no","yes","800","legacy","34","34","4","/Users/tom/github/sft-fraction/results/data/subject-5a.csv","legacy","#757575","low","3","Jazzy James","3.1.9","0","l","NA","space","space","space","l","return","570","NA","148901","11392","7534","570","40236","2","legacy","1024","2","48000","-16","experiment","5","odd","present","1308521","1308521","NA","1255661","1312","169234","1346317","1346833","1371","150289","161699","1346834","1347416","1268214","1346300","Fraction component detection task","889","511911","899","yes","1280"
"98.8888888889","98.8888888889","569.357777778","569.357777778","#808080","no","legacy","legacy","legacy","0","uniform","1","undefined","undefined","undefined","1","l","4","4","0","899","0","0","899","899","0","0","0","899","899","4","899","Fri Apr 27 13:03:26 2018","#757575","low","7","The main experiment item","yes","","experiment.osexp","/Users/tom/github/sft-fraction/procedure","no","mono","no","24","no","white","no","yes","800","legacy","35","35","4","/Users/tom/github/sft-fraction/results/data/subject-5a.csv","legacy","#757575","low","7","Jazzy James","3.1.9","0","l","NA","space","space","space","l","return","511","NA","148901","11392","7534","511","40236","2","legacy","1024","2","48000","-16","experiment","5","odd","present","1308521","1308521","NA","1255661","1312","169234","1347504","1348021","1371","150289","161699","1348021","1348544","1268214","1347487","Fraction component detection task","890","512422","900","yes","1280"
"98.8901220866","98.8901220866","569.22863485","569.22863485","#808080","no","legacy","legacy","legacy","0","uniform","1","undefined","undefined","undefined","1","l","4","4","0","900","0","0","900","900","0","0","0","900","900","4","900","Fri Apr 27 13:03:26 2018","#757575","low","7","The main experiment item","yes","","experiment.osexp","/Users/tom/github/sft-fraction/procedure","no","mono","no","24","no","white","no","yes","800","legacy","36","36","4","/Users/tom/github/sft-fraction/results/data/subject-5a.csv","legacy","#000000","high","8","Jazzy James","3.1.9","0","l","NA","space","space","space","l","return","453","NA","148901","11392","7534","453","40236","2","legacy","1024","2","48000","-16","experiment","5","odd","present","1308521","1308521","NA","1255661","1312","169234","1348634","1349151","1371","150289","161699","1349151","1349616","1268214","1348616","Fraction component detection task","891","512875","901","yes","1280"
"98.8913525499","98.8913525499","569.10421286","569.10421286","#808080","no","legacy","legacy","legacy","0","uniform","1","undefined","undefined","undefined","1","l","4","4","0","901","0","0","901","901","0","0","0","901","901","4","901","Fri Apr 27 13:03:26 2018","#757575","low","4","The main experiment item","yes","","experiment.osexp","/Users/tom/github/sft-fraction/procedure","no","mono","no","24","no","white","no","yes","800","legacy","37","37","4","/Users/tom/github/sft-fraction/results/data/subject-5a.csv","legacy","#757575","low","8","Jazzy James","3.1.9","0","l","NA","space","space","space","l","return","457","NA","148901","11392","7534","457","40236","2","legacy","1024","2","48000","-16","experiment","5","odd","present","1308521","1308521","NA","1255661","1312","169234","1349702","1350219","1371","150289","161699","1350219","1350688","1268214","1349682","Fraction component detection task","892","513332","902","yes","1280"
"98.8925802879","98.8925802879","569.097452935","569.097452935","#808080","no","legacy","legacy","legacy","0","uniform","1","undefined","undefined","undefined","1","a","4","4","0","902","0","0","902","902","0","0","0","902","902","4","902","Fri Apr 27 13:03:26 2018","#757575","low","3","The main experiment item","yes","","experiment.osexp","/Users/tom/github/sft-fraction/procedure","no","mono","no","24","no","white","no","yes","800","legacy","38","38","4","/Users/tom/github/sft-fraction/results/data/subject-5a.csv","legacy","#000000","high","4","Jazzy James","3.1.9","0","a","NA","space","space","space","a","return","563","NA","148901","11392","7534","563","40236","2","legacy","1024","2","48000","-16","experiment","5","odd","absent","1308521","1308521","NA","1255661","1312","169234","1350780","1351297","1371","150289","161699","1351297","1351874","1268214","1350761","Fraction component detection task","893","513895","903","yes","1280"
"98.8938053097","98.8938053097","569.082964602","569.082964602","#808080","no","legacy","legacy","legacy","0","uniform","1","undefined","undefined","undefined","1","l","4","4","0","903","0","0","903","903","0","0","0","903","903","4","903","Fri Apr 27 13:03:26 2018","#757575","low","6","The main experiment item","yes","","experiment.osexp","/Users/tom/github/sft-fraction/procedure","no","mono","no","24","no","white","no","yes","800","legacy","39","39","4","/Users/tom/github/sft-fraction/results/data/subject-5a.csv","legacy","#757575","low","8","Jazzy James","3.1.9","0","l","NA","space","space","space","l","return","556","NA","148901","11392","7534","556","40236","2","legacy","1024","2","48000","-16","experiment","5","odd","present","1308521","1308521","NA","1255661","1312","169234","1351957","1352478","1371","150289","161699","1352479","1353047","1268214","1351942","Fraction component detection task","894","514451","904","yes","1280"
"98.8950276243","98.8950276243","569.299447514","569.299447514","#808080","no","legacy","legacy","legacy","0","uniform","1","undefined","undefined","undefined","1","l","4","4","0","904","0","0","904","904","0","0","0","904","904","4","904","Fri Apr 27 13:03:26 2018","#757575","low","6","The main experiment item","yes","","experiment.osexp","/Users/tom/github/sft-fraction/procedure","no","mono","no","24","no","white","no","yes","800","legacy","40","40","4","/Users/tom/github/sft-fraction/results/data/subject-5a.csv","legacy","#757575","low","3","Jazzy James","3.1.9","0","l","NA","space","space","space","l","return","765","NA","148901","11392","7534","765","40236","2","legacy","1024","2","48000","-16","experiment","5","odd","present","1308521","1308521","NA","1255661","1312","169234","1353129","1353647","1371","150289","161699","1353647","1354425","1268214","1353113","Fraction component detection task","895","515216","905","yes","1280"
"98.8962472406","98.8962472406","569.178807947","569.178807947","#808080","no","legacy","legacy","legacy","0","uniform","1","undefined","undefined","undefined","1","a","4","4","0","905","0","0","905","905","0","0","0","905","905","4","905","Fri Apr 27 13:03:26 2018","#757575","low","2","The main experiment item","yes","","experiment.osexp","/Users/tom/github/sft-fraction/procedure","no","mono","no","24","no","white","no","yes","800","legacy","41","41","4","/Users/tom/github/sft-fraction/results/data/subject-5a.csv","legacy","#757575","low","2","Jazzy James","3.1.9","0","a","NA","space","space","space","a","return","460","NA","148901","11392","7534","460","40236","2","legacy","1024","2","48000","-16","experiment","5","odd","absent","1308521","1308521","NA","1255661","1312","169234","1354515","1355032","1371","150289","161699","1355032","1355509","1268214","1354499","Fraction component detection task","896","515676","906","yes","1280"
"98.7872105843","98.7872105843","569.155457552","569.155457552","#808080","no","legacy","legacy","legacy","0","uniform","0","undefined","undefined","undefined","0","a","4","4","0","906","0","0","906","906","0","0","0","906","906","4","906","Fri Apr 27 13:03:26 2018","#000000","high","3","The main experiment item","yes","","experiment.osexp","/Users/tom/github/sft-fraction/procedure","no","mono","no","24","no","white","no","yes","800","legacy","42","42","4","/Users/tom/github/sft-fraction/results/data/subject-5a.csv","legacy","#757575","low","3","Jazzy James","3.1.9","0","l","NA","space","space","space","l","return","548","NA","148901","11392","7534","548","40236","2","legacy","1024","2","48000","-16","experiment","5","odd","absent","1308521","1308521","NA","1255661","1312","169234","1355592","1356112","1371","150289","161699","1356112","1356673","1268214","1355575","Fraction component detection task","896","516224","907","yes","1280"
"98.7885462555","98.7885462555","569.593612335","569.593612335","#808080","no","legacy","legacy","legacy","0","uniform","1","undefined","undefined","undefined","1","l","4","4","0","907","0","0","907","907","0","0","0","907","907","4","907","Fri Apr 27 13:03:26 2018","#000000","high","6","The main experiment item","yes","","experiment.osexp","/Users/tom/github/sft-fraction/procedure","no","mono","no","24","no","white","no","yes","800","legacy","43","43","4","/Users/tom/github/sft-fraction/results/data/subject-5a.csv","legacy","#000000","high","7","Jazzy James","3.1.9","0","l","NA","space","space","space","l","return","967","NA","148901","11392","7534","967","40236","2","legacy","1024","2","48000","-16","experiment","5","odd","present","1308521","1308521","NA","1356693","1312","169234","1357776","1358291","1371","150289","161699","1358292","1359272","1268214","1357755","Fraction component detection task","897","517191","908","yes","1280"
"98.7898789879","98.7898789879","569.583058306","569.583058306","#808080","no","legacy","legacy","legacy","0","uniform","1","undefined","undefined","undefined","1","a","4","4","0","908","0","0","908","908","0","0","0","908","908","4","908","Fri Apr 27 13:03:26 2018","#000000","high","3","The main experiment item","yes","","experiment.osexp","/Users/tom/github/sft-fraction/procedure","no","mono","no","24","no","white","no","yes","800","legacy","44","44","4","/Users/tom/github/sft-fraction/results/data/subject-5a.csv","legacy","#000000","high","4","Jazzy James","3.1.9","0","a","NA","space","space","space","a","return","560","NA","148901","11392","7534","560","40236","2","legacy","1024","2","48000","-16","experiment","5","odd","absent","1308521","1308521","NA","1356693","1312","169234","1359360","1359876","1371","150289","161699","1359876","1360449","1268214","1359344","Fraction component detection task","898","517751","909","yes","1280"
"98.7912087912","98.7912087912","569.465934066","569.465934066","#808080","no","legacy","legacy","legacy","0","uniform","1","undefined","undefined","undefined","1","a","4","4","0","909","0","0","909","909","0","0","0","909","909","4","909","Fri Apr 27 13:03:26 2018","#000000","high","4","The main experiment item","yes","","experiment.osexp","/Users/tom/github/sft-fraction/procedure","no","mono","no","24","no","white","no","yes","800","legacy","45","45","4","/Users/tom/github/sft-fraction/results/data/subject-5a.csv","legacy","#757575","low","4","Jazzy James","3.1.9","0","a","NA","space","space","space","a","return","463","NA","148901","11392","7534","463","40236","2","legacy","1024","2","48000","-16","experiment","5","odd","absent","1308521","1308521","NA","1356693","1312","169234","1360535","1361052","1371","150289","161699","1361053","1361529","1268214","1360516","Fraction component detection task","899","518214","910","yes","1280"
"98.7925356751","98.7925356751","569.503841932","569.503841932","#808080","no","legacy","legacy","legacy","0","uniform","1","undefined","undefined","undefined","1","l","4","4","0","910","0","0","910","910","0","0","0","910","910","4","910","Fri Apr 27 13:03:26 2018","#757575","low","8","The main experiment item","yes","","experiment.osexp","/Users/tom/github/sft-fraction/procedure","no","mono","no","24","no","white","no","yes","800","legacy","46","46","4","/Users/tom/github/sft-fraction/results/data/subject-5a.csv","legacy","#000000","high","4","Jazzy James","3.1.9","0","l","NA","space","space","space","l","return","604","NA","148901","11392","7534","604","40236","2","legacy","1024","2","48000","-16","experiment","5","odd","present","1308521","1308521","NA","1356693","1312","169234","1361610","1362127","1371","150289","161699","1362128","1362745","1268214","1361595","Fraction component detection task","900","518818","911","yes","1280"
"98.7938596491","98.7938596491","569.490131579","569.490131579","#808080","no","legacy","legacy","legacy","0","uniform","1","undefined","undefined","undefined","1","a","4","4","0","911","0","0","911","911","0","0","0","911","911","4","911","Fri Apr 27 13:03:26 2018","#757575","low","4","The main experiment item","yes","","experiment.osexp","/Users/tom/github/sft-fraction/procedure","no","mono","no","24","no","white","no","yes","800","legacy","47","47","4","/Users/tom/github/sft-fraction/results/data/subject-5a.csv","legacy","#757575","low","4","Jazzy James","3.1.9","0","a","NA","space","space","space","a","return","557","NA","148901","11392","7534","557","40236","2","legacy","1024","2","48000","-16","experiment","5","odd","absent","1308521","1308521","NA","1356693","1312","169234","1362834","1363350","1371","150289","161699","1363351","1363921","1268214","1362815","Fraction component detection task","901","519375","912","yes","1280"
"98.7951807229","98.7951807229","569.384446878","569.384446878","#808080","no","legacy","legacy","legacy","0","uniform","1","undefined","undefined","undefined","1","a","4","4","0","912","0","0","912","912","0","0","0","912","912","4","912","Fri Apr 27 13:03:26 2018","#000000","high","4","The main experiment item","yes","","experiment.osexp","/Users/tom/github/sft-fraction/procedure","no","mono","no","24","no","white","no","yes","800","legacy","48","48","4","/Users/tom/github/sft-fraction/results/data/subject-5a.csv","legacy","#000000","high","4","Jazzy James","3.1.9","0","a","NA","space","space","space","a","return","473","NA","148901","11392","7534","473","40236","2","legacy","1024","2","48000","-16","experiment","5","odd","absent","1308521","1308521","NA","1356693","1312","169234","1364003","1364522","1371","150289","161699","1364523","1365008","1268214","1363989","Fraction component detection task","902","519848","913","yes","1280"
"98.7964989059","98.7964989059","569.423413567","569.423413567","#808080","no","legacy","legacy","legacy","0","uniform","1","undefined","undefined","undefined","1","l","4","4","0","913","0","0","913","913","0","0","0","913","913","4","913","Fri Apr 27 13:03:26 2018","#757575","low","7","The main experiment item","yes","","experiment.osexp","/Users/tom/github/sft-fraction/procedure","no","mono","no","24","no","white","no","yes","800","legacy","49","49","4","/Users/tom/github/sft-fraction/results/data/subject-5a.csv","legacy","#000000","high","4","Jazzy James","3.1.9","0","l","NA","space","space","space","l","return","605","NA","148901","11392","7534","605","40236","2","legacy","1024","2","48000","-16","experiment","5","odd","present","1308521","1308521","NA","1356693","1312","169234","1365098","1365615","1371","150289","161699","1365615","1366233","1268214","1365080","Fraction component detection task","903","520453","914","yes","1280"
"98.7978142077","98.7978142077","569.301639344","569.301639344","#808080","no","legacy","legacy","legacy","0","uniform","1","undefined","undefined","undefined","1","l","4","4","0","914","0","0","914","914","0","0","0","914","914","4","914","Fri Apr 27 13:03:26 2018","#000000","high","8","The main experiment item","yes","","experiment.osexp","/Users/tom/github/sft-fraction/procedure","no","mono","no","24","no","white","no","yes","800","legacy","50","50","4","/Users/tom/github/sft-fraction/results/data/subject-5a.csv","legacy","#000000","high","7","Jazzy James","3.1.9","0","l","NA","space","space","space","l","return","458","NA","148901","11392","7534","458","40236","2","legacy","1024","2","48000","-16","experiment","5","odd","present","1308521","1308521","NA","1356693","1312","169234","1366315","1366834","1371","150289","161699","1366834","1367305","1268214","1366299","Fraction component detection task","904","520911","915","yes","1280"
"98.7991266376","98.7991266376","569.252183406","569.252183406","#808080","no","legacy","legacy","legacy","0","uniform","1","undefined","undefined","undefined","1","l","4","4","0","915","0","0","915","915","0","0","0","915","915","4","915","Fri Apr 27 13:03:26 2018","#000000","high","6","The main experiment item","yes","","experiment.osexp","/Users/tom/github/sft-fraction/procedure","no","mono","no","24","no","white","no","yes","800","legacy","51","51","4","/Users/tom/github/sft-fraction/results/data/subject-5a.csv","legacy","#757575","low","4","Jazzy James","3.1.9","0","l","NA","space","space","space","l","return","524","NA","148901","11392","7534","524","40236","2","legacy","1024","2","48000","-16","experiment","5","odd","present","1308521","1308521","NA","1356693","1312","169234","1367397","1367913","1371","150289","161699","1367913","1368449","1268214","1367377","Fraction component detection task","905","521435","916","yes","1280"
"98.800436205","98.800436205","569.170119956","569.170119956","#808080","no","legacy","legacy","legacy","0","uniform","1","undefined","undefined","undefined","1","l","4","4","0","916","0","0","916","916","0","0","0","916","916","4","916","Fri Apr 27 13:03:26 2018","#757575","low","7","The main experiment item","yes","","experiment.osexp","/Users/tom/github/sft-fraction/procedure","no","mono","no","24","no","white","no","yes","800","legacy","52","52","4","/Users/tom/github/sft-fraction/results/data/subject-5a.csv","legacy","#000000","high","3","Jazzy James","3.1.9","0","l","NA","space","space","space","l","return","494","NA","148901","11392","7534","494","40236","2","legacy","1024","2","48000","-16","experiment","5","odd","present","1308521","1308521","NA","1356693","1312","169234","1368537","1369055","1371","150289","161699","1369055","1369561","1268214","1368522","Fraction component detection task","906","521929","917","yes","1280"
"98.8017429194","98.8017429194","569.104575163","569.104575163","#808080","no","legacy","legacy","legacy","0","uniform","1","undefined","undefined","undefined","1","l","4","4","0","917","0","0","917","917","0","0","0","917","917","4","917","Fri Apr 27 13:03:26 2018","#757575","low","8","The main experiment item","yes","","experiment.osexp","/Users/tom/github/sft-fraction/procedure","no","mono","no","24","no","white","no","yes","800","legacy","53","53","4","/Users/tom/github/sft-fraction/results/data/subject-5a.csv","legacy","#757575","low","3","Jazzy James","3.1.9","0","l","NA","space","space","space","l","return","509","NA","148901","11392","7534","509","40236","2","legacy","1024","2","48000","-16","experiment","5","odd","present","1308521","1308521","NA","1356693","1312","169234","1369642","1370159","1371","150289","161699","1370160","1370682","1268214","1369627","Fraction component detection task","907","522438","918","yes","1280"
"98.80304679","98.80304679","568.921653972","568.921653972","#808080","no","legacy","legacy","legacy","0","uniform","1","undefined","undefined","undefined","1","l","4","4","0","918","0","0","918","918","0","0","0","918","918","4","918","Fri Apr 27 13:03:26 2018","#000000","high","6","The main experiment item","yes","","experiment.osexp","/Users/tom/github/sft-fraction/procedure","no","mono","no","24","no","white","no","yes","800","legacy","54","54","4","/Users/tom/github/sft-fraction/results/data/subject-5a.csv","legacy","#757575","low","7","Jazzy James","3.1.9","0","l","NA","space","space","space","l","return","401","NA","148901","11392","7534","401","40236","2","legacy","1024","2","48000","-16","experiment","5","odd","present","1308521","1308521","NA","1356693","1312","169234","1370768","1371284","1371","150289","161699","1371284","1371698","1268214","1370752","Fraction component detection task","908","522839","919","yes","1280"
"98.8043478261","98.8043478261","568.963043478","568.963043478","#808080","no","legacy","legacy","legacy","0","uniform","1","undefined","undefined","undefined","1","l","4","4","0","919","0","0","919","919","0","0","0","919","919","4","919","Fri Apr 27 13:03:26 2018","#757575","low","6","The main experiment item","yes","","experiment.osexp","/Users/tom/github/sft-fraction/procedure","no","mono","no","24","no","white","no","yes","800","legacy","55","55","4","/Users/tom/github/sft-fraction/results/data/subject-5a.csv","legacy","#000000","high","4","Jazzy James","3.1.9","0","l","NA","space","space","space","l","return","607","NA","148901","11392","7534","607","40236","2","legacy","1024","2","48000","-16","experiment","5","odd","present","1308521","1308521","NA","1356693","1312","169234","1371785","1372301","1371","150289","161699","1372302","1372923","1268214","1371767","Fraction component detection task","909","523446","920","yes","1280"
"98.8056460369","98.8056460369","568.973941368","568.973941368","#808080","no","legacy","legacy","legacy","0","uniform","1","undefined","undefined","undefined","1","l","4","4","0","920","0","0","920","920","0","0","0","920","920","4","920","Fri Apr 27 13:03:26 2018","#000000","high","2","The main experiment item","yes","","experiment.osexp","/Users/tom/github/sft-fraction/procedure","no","mono","no","24","no","white","no","yes","800","legacy","56","56","4","/Users/tom/github/sft-fraction/results/data/subject-5a.csv","legacy","#000000","high","6","Jazzy James","3.1.9","0","l","NA","space","space","space","l","return","579","NA","148901","11392","7534","579","40236","2","legacy","1024","2","48000","-16","experiment","5","odd","present","1308521","1308521","NA","1356693","1312","169234","1373009","1373529","1371","150289","161699","1373529","1374121","1268214","1372994","Fraction component detection task","910","524025","921","yes","1280"
"98.8069414317","98.8069414317","568.927331887","568.927331887","#808080","no","legacy","legacy","legacy","0","uniform","1","undefined","undefined","undefined","1","a","4","4","0","921","0","0","921","921","0","0","0","921","921","4","921","Fri Apr 27 13:03:26 2018","#757575","low","2","The main experiment item","yes","","experiment.osexp","/Users/tom/github/sft-fraction/procedure","no","mono","no","24","no","white","no","yes","800","legacy","57","57","4","/Users/tom/github/sft-fraction/results/data/subject-5a.csv","legacy","#000000","high","4","Jazzy James","3.1.9","0","a","NA","space","space","space","a","return","526","NA","148901","11392","7534","526","40236","2","legacy","1024","2","48000","-16","experiment","5","odd","absent","1308521","1308521","NA","1356693","1312","169234","1374208","1374726","1371","150289","161699","1374726","1375265","1268214","1374192","Fraction component detection task","911","524551","922","yes","1280"
"98.8082340195","98.8082340195","569.095341278","569.095341278","#808080","no","legacy","legacy","legacy","0","uniform","1","undefined","undefined","undefined","1","l","4","4","0","922","0","0","922","922","0","0","0","922","922","4","922","Fri Apr 27 13:03:26 2018","#757575","low","7","The main experiment item","yes","","experiment.osexp","/Users/tom/github/sft-fraction/procedure","no","mono","no","24","no","white","no","yes","800","legacy","58","58","4","/Users/tom/github/sft-fraction/results/data/subject-5a.csv","legacy","#000000","high","7","Jazzy James","3.1.9","0","l","NA","space","space","space","l","return","724","NA","148901","11392","7534","724","40236","2","legacy","1024","2","48000","-16","experiment","5","odd","present","1308521","1308521","NA","1356693","1312","169234","1375350","1375873","1371","150289","161699","1375873","1376616","1268214","1375329","Fraction component detection task","912","525275","923","yes","1280"
"98.8095238095","98.8095238095","569.008658009","569.008658009","#808080","no","legacy","legacy","legacy","0","uniform","1","undefined","undefined","undefined","1","l","4","4","0","923","0","0","923","923","0","0","0","923","923","4","923","Fri Apr 27 13:03:26 2018","#000000","high","3","The main experiment item","yes","","experiment.osexp","/Users/tom/github/sft-fraction/procedure","no","mono","no","24","no","white","no","yes","800","legacy","59","59","4","/Users/tom/github/sft-fraction/results/data/subject-5a.csv","legacy","#757575","low","7","Jazzy James","3.1.9","0","l","NA","space","space","space","l","return","489","NA","148901","11392","7534","489","40236","2","legacy","1024","2","48000","-16","experiment","5","odd","present","1308521","1308521","NA","1356693","1312","169234","1376707","1377227","1371","150289","161699","1377228","1377730","1268214","1376688","Fraction component detection task","913","525764","924","yes","1280"
"98.8108108108","98.8108108108","569.059459459","569.059459459","#808080","no","legacy","legacy","legacy","0","uniform","1","undefined","undefined","undefined","1","a","4","4","0","924","0","0","924","924","0","0","0","924","924","4","924","Fri Apr 27 13:03:26 2018","#757575","low","4","The main experiment item","yes","","experiment.osexp","/Users/tom/github/sft-fraction/procedure","no","mono","no","24","no","white","no","yes","800","legacy","60","60","4","/Users/tom/github/sft-fraction/results/data/subject-5a.csv","legacy","#757575","low","4","Jazzy James","3.1.9","0","a","NA","space","space","space","a","return","616","NA","148901","11392","7534","616","40236","2","legacy","1024","2","48000","-16","experiment","5","odd","absent","1308521","1308521","NA","1356693","1312","169234","1377817","1378333","1371","150289","161699","1378333","1378962","1268214","1377798","Fraction component detection task","914","526380","925","yes","1280"
"98.8120950324","98.8120950324","569.06587473","569.06587473","#808080","no","legacy","legacy","legacy","0","uniform","1","undefined","undefined","undefined","1","l","4","4","0","925","0","0","925","925","0","0","0","925","925","4","925","Fri Apr 27 13:03:26 2018","#757575","low","3","The main experiment item","yes","","experiment.osexp","/Users/tom/github/sft-fraction/procedure","no","mono","no","24","no","white","no","yes","800","legacy","61","61","4","/Users/tom/github/sft-fraction/results/data/subject-5a.csv","legacy","#757575","low","6","Jazzy James","3.1.9","0","l","NA","space","space","space","l","return","575","NA","148901","11392","7534","575","40236","2","legacy","1024","2","48000","-16","experiment","5","odd","present","1308521","1308521","NA","1356693","1312","169234","1379048","1379565","1371","150289","161699","1379565","1380154","1268214","1379032","Fraction component detection task","915","526955","926","yes","1280"
"98.8133764833","98.8133764833","569.002157497","569.002157497","#808080","no","legacy","legacy","legacy","0","uniform","1","undefined","undefined","undefined","1","a","4","4","0","926","0","0","926","926","0","0","0","926","926","4","926","Fri Apr 27 13:03:26 2018","#000000","high","4","The main experiment item","yes","","experiment.osexp","/Users/tom/github/sft-fraction/procedure","no","mono","no","24","no","white","no","yes","800","legacy","62","62","4","/Users/tom/github/sft-fraction/results/data/subject-5a.csv","legacy","#757575","low","3","Jazzy James","3.1.9","0","a","NA","space","space","space","a","return","510","NA","148901","11392","7534","510","40236","2","legacy","1024","2","48000","-16","experiment","5","odd","absent","1308521","1308521","NA","1356693","1312","169234","1380234","1380750","1371","150289","161699","1380750","1381274","1268214","1380218","Fraction component detection task","916","527465","927","yes","1280"
"98.8146551724","98.8146551724","568.895474138","568.895474138","#808080","no","legacy","legacy","legacy","0","uniform","1","undefined","undefined","undefined","1","l","4","4","0","927","0","0","927","927","0","0","0","927","927","4","927","Fri Apr 27 13:03:26 2018","#000000","high","8","The main experiment item","yes","","experiment.osexp","/Users/tom/github/sft-fraction/procedure","no","mono","no","24","no","white","no","yes","800","legacy","63","63","4","/Users/tom/github/sft-fraction/results/data/subject-5a.csv","legacy","#000000","high","6","Jazzy James","3.1.9","0","l","NA","space","space","space","l","return","470","NA","148901","11392","7534","470","40236","2","legacy","1024","2","48000","-16","experiment","5","odd","present","1308521","1308521","NA","1356693","1312","169234","1381362","1381879","1371","150289","161699","1381879","1382365","1268214","1381346","Fraction component detection task","917","527935","928","yes","1280"
"98.8159311087","98.8159311087","568.880516685","568.880516685","#808080","no","legacy","legacy","legacy","0","uniform","1","undefined","undefined","undefined","1","l","4","4","0","928","0","0","928","928","0","0","0","928","928","4","928","Fri Apr 27 13:03:26 2018","#000000","high","8","The main experiment item","yes","","experiment.osexp","/Users/tom/github/sft-fraction/procedure","no","mono","no","24","no","white","no","yes","800","legacy","64","64","4","/Users/tom/github/sft-fraction/results/data/subject-5a.csv","legacy","#757575","low","2","Jazzy James","3.1.9","0","l","NA","space","space","space","l","return","555","NA","148901","11392","7534","555","40236","2","legacy","1024","2","48000","-16","experiment","5","odd","present","1308521","1308521","NA","1356693","1312","169234","1382453","1382969","1371","150289","161699","1382970","1383538","1268214","1382438","Fraction component detection task","918","528490","929","yes","1280"
"98.8172043011","98.8172043011","568.708602151","568.708602151","#808080","no","legacy","legacy","legacy","0","uniform","1","undefined","undefined","undefined","1","l","4","4","0","929","0","0","929","929","0","0","0","929","929","4","929","Fri Apr 27 13:03:26 2018","#757575","low","4","The main experiment item","yes","","experiment.osexp","/Users/tom/github/sft-fraction/procedure","no","mono","no","24","no","white","no","yes","800","legacy","65","65","4","/Users/tom/github/sft-fraction/results/data/subject-5a.csv","legacy","#000000","high","8","Jazzy James","3.1.9","0","l","NA","space","space","space","l","return","409","NA","148901","11392","7534","409","40236","2","legacy","1024","2","48000","-16","experiment","5","odd","present","1308521","1308521","NA","1356693","1312","169234","1383623","1384139","1371","150289","161699","1384140","1384562","1268214","1383605","Fraction component detection task","919","528899","930","yes","1280"
"98.8184747583","98.8184747583","568.635875403","568.635875403","#808080","no","legacy","legacy","legacy","0","uniform","1","undefined","undefined","undefined","1","a","4","4","0","930","0","0","930","930","0","0","0","930","930","4","930","Fri Apr 27 13:03:26 2018","#000000","high","4","The main experiment item","yes","","experiment.osexp","/Users/tom/github/sft-fraction/procedure","no","mono","no","24","no","white","no","yes","800","legacy","66","66","4","/Users/tom/github/sft-fraction/results/data/subject-5a.csv","legacy","#757575","low","2","Jazzy James","3.1.9","0","a","NA","space","space","space","a","return","501","NA","148901","11392","7534","501","40236","2","legacy","1024","2","48000","-16","experiment","5","odd","absent","1308521","1308521","NA","1356693","1312","169234","1384647","1385168","1371","150289","161699","1385168","1385682","1268214","1384631","Fraction component detection task","920","529400","931","yes","1280"
"98.8197424893","98.8197424893","568.567596567","568.567596567","#808080","no","legacy","legacy","legacy","0","uniform","1","undefined","undefined","undefined","1","a","4","4","0","931","0","0","931","931","0","0","0","931","931","4","931","Fri Apr 27 13:03:26 2018","#757575","low","2","The main experiment item","yes","","experiment.osexp","/Users/tom/github/sft-fraction/procedure","no","mono","no","24","no","white","no","yes","800","legacy","67","67","4","/Users/tom/github/sft-fraction/results/data/subject-5a.csv","legacy","#000000","high","2","Jazzy James","3.1.9","0","a","NA","space","space","space","a","return","505","NA","148901","11392","7534","505","40236","2","legacy","1024","2","48000","-16","experiment","5","odd","absent","1308521","1308521","NA","1356693","1312","169234","1385767","1386283","1371","150289","161699","1386284","1386802","1268214","1385747","Fraction component detection task","921","529905","932","yes","1280"
"98.8210075027","98.8210075027","568.448017149","568.448017149","#808080","no","legacy","legacy","legacy","0","uniform","1","undefined","undefined","undefined","1","a","4","4","0","932","0","0","932","932","0","0","0","932","932","4","932","Fri Apr 27 13:03:26 2018","#000000","high","2","The main experiment item","yes","","experiment.osexp","/Users/tom/github/sft-fraction/procedure","no","mono","no","24","no","white","no","yes","800","legacy","68","68","4","/Users/tom/github/sft-fraction/results/data/subject-5a.csv","legacy","#000000","high","2","Jazzy James","3.1.9","0","a","NA","space","space","space","a","return","457","NA","148901","11392","7534","457","40236","2","legacy","1024","2","48000","-16","experiment","5","odd","absent","1308521","1308521","NA","1356693","1312","169234","1386887","1387405","1371","150289","161699","1387405","1387875","1268214","1386870","Fraction component detection task","922","530362","933","yes","1280"
"98.8222698073","98.8222698073","568.423982869","568.423982869","#808080","no","legacy","legacy","legacy","0","uniform","1","undefined","undefined","undefined","1","l","4","4","0","933","0","0","933","933","0","0","0","933","933","4","933","Fri Apr 27 13:03:26 2018","#000000","high","7","The main experiment item","yes","","experiment.osexp","/Users/tom/github/sft-fraction/procedure","no","mono","no","24","no","white","no","yes","800","legacy","69","69","4","/Users/tom/github/sft-fraction/results/data/subject-5a.csv","legacy","#757575","low","3","Jazzy James","3.1.9","0","l","NA","space","space","space","l","return","546","NA","148901","11392","7534","546","40236","2","legacy","1024","2","48000","-16","experiment","5","odd","present","1308521","1308521","NA","1356693","1312","169234","1387962","1388482","1371","150289","161699","1388483","1389043","1268214","1387946","Fraction component detection task","923","530908","934","yes","1280"
"98.8235294118","98.8235294118","568.395721925","568.395721925","#808080","no","legacy","legacy","legacy","0","uniform","1","undefined","undefined","undefined","1","a","4","4","0","934","0","0","934","934","0","0","0","934","934","4","934","Fri Apr 27 13:03:26 2018","#000000","high","4","The main experiment item","yes","","experiment.osexp","/Users/tom/github/sft-fraction/procedure","no","mono","no","24","no","white","no","yes","800","legacy","70","70","4","/Users/tom/github/sft-fraction/results/data/subject-5a.csv","legacy","#000000","high","4","Jazzy James","3.1.9","0","a","NA","space","space","space","a","return","542","NA","148901","11392","7534","542","40236","2","legacy","1024","2","48000","-16","experiment","5","odd","absent","1308521","1308521","NA","1356693","1312","169234","1389131","1389647","1371","150289","161699","1389647","1390202","1268214","1389114","Fraction component detection task","924","531450","935","yes","1280"
"98.8247863248","98.8247863248","568.541666667","568.541666667","#808080","no","legacy","legacy","legacy","0","uniform","1","undefined","undefined","undefined","1","l","4","4","0","935","0","0","935","935","0","0","0","935","935","4","935","Fri Apr 27 13:03:26 2018","#000000","high","7","The main experiment item","yes","","experiment.osexp","/Users/tom/github/sft-fraction/procedure","no","mono","no","24","no","white","no","yes","800","legacy","71","71","4","/Users/tom/github/sft-fraction/results/data/subject-5a.csv","legacy","#000000","high","6","Jazzy James","3.1.9","0","l","NA","space","space","space","l","return","705","NA","148901","11392","7534","705","40236","2","legacy","1024","2","48000","-16","experiment","5","odd","present","1308521","1308521","NA","1356693","1312","169234","1390288","1390805","1371","150289","161699","1390805","1391523","1268214","1390270","Fraction component detection task","925","532155","936","yes","1280"
"98.826040555","98.826040555","568.435432231","568.435432231","#808080","no","legacy","legacy","legacy","0","uniform","1","undefined","undefined","undefined","1","a","4","4","0","936","0","0","936","936","0","0","0","936","936","4","936","Fri Apr 27 13:03:26 2018","#000000","high","4","The main experiment item","yes","","experiment.osexp","/Users/tom/github/sft-fraction/procedure","no","mono","no","24","no","white","no","yes","800","legacy","72","72","4","/Users/tom/github/sft-fraction/results/data/subject-5a.csv","legacy","#757575","low","3","Jazzy James","3.1.9","0","a","NA","space","space","space","a","return","469","NA","148901","11392","7534","469","40236","2","legacy","1024","2","48000","-16","experiment","5","odd","absent","1308521","1308521","NA","1356693","1312","169234","1391612","1392129","1371","150289","161699","1392129","1392611","1268214","1391592","Fraction component detection task","926","532624","937","yes","1280"
"98.8272921109","98.8272921109","568.352878465","568.352878465","#808080","no","legacy","legacy","legacy","0","uniform","1","undefined","undefined","undefined","1","l","4","4","0","937","0","0","937","937","0","0","0","937","937","4","937","Fri Apr 27 13:03:26 2018","#000000","high","4","The main experiment item","yes","","experiment.osexp","/Users/tom/github/sft-fraction/procedure","no","mono","no","24","no","white","no","yes","800","legacy","73","73","4","/Users/tom/github/sft-fraction/results/data/subject-5a.csv","legacy","#757575","low","7","Jazzy James","3.1.9","0","l","NA","space","space","space","l","return","491","NA","148901","11392","7534","491","40236","2","legacy","1024","2","48000","-16","experiment","5","odd","present","1308521","1308521","NA","1356693","1312","169234","1392698","1393219","1371","150289","161699","1393219","1393727","1268214","1392682","Fraction component detection task","927","533115","938","yes","1280"
"98.8285410011","98.8285410011","568.267305644","568.267305644","#808080","no","legacy","legacy","legacy","0","uniform","1","undefined","undefined","undefined","1","l","4","4","0","938","0","0","938","938","0","0","0","938","938","4","938","Fri Apr 27 13:03:26 2018","#000000","high","2","The main experiment item","yes","","experiment.osexp","/Users/tom/github/sft-fraction/procedure","no","mono","no","24","no","white","no","yes","800","legacy","74","74","4","/Users/tom/github/sft-fraction/results/data/subject-5a.csv","legacy","#757575","low","6","Jazzy James","3.1.9","0","l","NA","space","space","space","l","return","488","NA","148901","11392","7534","488","40236","2","legacy","1024","2","48000","-16","experiment","5","odd","present","1308521","1308521","NA","1356693","1312","169234","1393808","1394326","1371","150289","161699","1394326","1394827","1268214","1393792","Fraction component detection task","928","533603","939","yes","1280"
"98.829787234","98.829787234","568.140425532","568.140425532","#808080","no","legacy","legacy","legacy","0","uniform","1","undefined","undefined","undefined","1","l","4","4","0","939","0","0","939","939","0","0","0","939","939","4","939","Fri Apr 27 13:03:26 2018","#757575","low","4","The main experiment item","yes","","experiment.osexp","/Users/tom/github/sft-fraction/procedure","no","mono","no","24","no","white","no","yes","800","legacy","75","75","4","/Users/tom/github/sft-fraction/results/data/subject-5a.csv","legacy","#757575","low","6","Jazzy James","3.1.9","0","l","NA","space","space","space","l","return","449","NA","148901","11392","7534","449","40236","2","legacy","1024","2","48000","-16","experiment","5","odd","present","1308521","1308521","NA","1356693","1312","169234","1394913","1395429","1371","150289","161699","1395429","1395891","1268214","1394896","Fraction component detection task","929","534052","940","yes","1280"
"98.8310308183","98.8310308183","567.969181722","567.969181722","#808080","no","legacy","legacy","legacy","0","uniform","1","undefined","undefined","undefined","1","l","4","4","0","940","0","0","940","940","0","0","0","940","940","4","940","Fri Apr 27 13:03:26 2018","#000000","high","8","The main experiment item","yes","","experiment.osexp","/Users/tom/github/sft-fraction/procedure","no","mono","no","24","no","white","no","yes","800","legacy","76","76","4","/Users/tom/github/sft-fraction/results/data/subject-5a.csv","legacy","#757575","low","6","Jazzy James","3.1.9","0","l","NA","space","space","space","l","return","407","NA","148901","11392","7534","407","40236","2","legacy","1024","2","48000","-16","experiment","5","odd","present","1308521","1308521","NA","1356693","1312","169234","1395977","1396495","1371","150289","161699","1396495","1396915","1268214","1395961","Fraction component detection task","930","534459","941","yes","1280"
"98.8322717622","98.8322717622","567.847133758","567.847133758","#808080","no","legacy","legacy","legacy","0","uniform","1","undefined","undefined","undefined","1","a","4","4","0","941","0","0","941","941","0","0","0","941","941","4","941","Fri Apr 27 13:03:26 2018","#757575","low","2","The main experiment item","yes","","experiment.osexp","/Users/tom/github/sft-fraction/procedure","no","mono","no","24","no","white","no","yes","800","legacy","77","77","4","/Users/tom/github/sft-fraction/results/data/subject-5a.csv","legacy","#757575","low","2","Jazzy James","3.1.9","0","a","NA","space","space","space","a","return","453","NA","148901","11392","7534","453","40236","2","legacy","1024","2","48000","-16","experiment","5","odd","absent","1308521","1308521","NA","1356693","1312","169234","1397004","1397521","1371","150289","161699","1397521","1397987","1268214","1396986","Fraction component detection task","931","534912","942","yes","1280"
"98.8335100742","98.8335100742","567.758218452","567.758218452","#808080","no","legacy","legacy","legacy","0","uniform","1","undefined","undefined","undefined","1","l","4","4","0","942","0","0","942","942","0","0","0","942","942","4","942","Fri Apr 27 13:03:26 2018","#757575","low","2","The main experiment item","yes","","experiment.osexp","/Users/tom/github/sft-fraction/procedure","no","mono","no","24","no","white","no","yes","800","legacy","78","78","4","/Users/tom/github/sft-fraction/results/data/subject-5a.csv","legacy","#000000","high","7","Jazzy James","3.1.9","0","l","NA","space","space","space","l","return","484","NA","148901","11392","7534","484","40236","2","legacy","1024","2","48000","-16","experiment","5","odd","present","1308521","1308521","NA","1356693","1312","169234","1398072","1398593","1371","150289","161699","1398593","1399096","1268214","1398055","Fraction component detection task","932","535396","943","yes","1280"
"98.8347457627","98.8347457627","567.629237288","567.629237288","#808080","no","legacy","legacy","legacy","0","uniform","1","undefined","undefined","undefined","1","a","4","4","0","943","0","0","943","943","0","0","0","943","943","4","943","Fri Apr 27 13:03:26 2018","#757575","low","3","The main experiment item","yes","","experiment.osexp","/Users/tom/github/sft-fraction/procedure","no","mono","no","24","no","white","no","yes","800","legacy","79","79","4","/Users/tom/github/sft-fraction/results/data/subject-5a.csv","legacy","#000000","high","3","Jazzy James","3.1.9","0","a","NA","space","space","space","a","return","446","NA","148901","11392","7534","446","40236","2","legacy","1024","2","48000","-16","experiment","5","odd","absent","1308521","1308521","NA","1356693","1312","169234","1399182","1399702","1371","150289","161699","1399703","1400162","1268214","1399161","Fraction component detection task","933","535842","944","yes","1280"
"98.7301587302","98.7301587302","567.456084656","567.456084656","#808080","no","legacy","legacy","legacy","0","uniform","0","undefined","undefined","undefined","0","a","4","4","0","944","0","0","944","944","0","0","0","944","944","4","944","Fri Apr 27 13:03:26 2018","#757575","low","4","The main experiment item","yes","","experiment.osexp","/Users/tom/github/sft-fraction/procedure","no","mono","no","24","no","white","no","yes","800","legacy","80","80","4","/Users/tom/github/sft-fraction/results/data/subject-5a.csv","legacy","#000000","high","4","Jazzy James","3.1.9","0","l","NA","space","space","space","l","return","404","NA","148901","11392","7534","404","40236","2","legacy","1024","2","48000","-16","experiment","5","odd","absent","1308521","1308521","NA","1356693","1312","169234","1400242","1400761","1371","150289","161699","1400761","1401178","1268214","1400227","Fraction component detection task","933","536246","945","yes","1280"
"98.7315010571","98.7315010571","567.4397463","567.4397463","#808080","no","legacy","legacy","legacy","0","uniform","1","undefined","undefined","undefined","1","l","4","4","0","945","0","0","945","945","0","0","0","945","945","4","945","Fri Apr 27 13:03:26 2018","#757575","low","4","The main experiment item","yes","","experiment.osexp","/Users/tom/github/sft-fraction/procedure","no","mono","no","24","no","white","no","yes","800","legacy","81","81","4","/Users/tom/github/sft-fraction/results/data/subject-5a.csv","legacy","#757575","low","7","Jazzy James","3.1.9","0","l","NA","space","space","space","l","return","552","NA","148901","11392","7534","552","40236","2","legacy","1024","2","48000","-16","experiment","5","odd","present","1308521","1308521","NA","1401198","1312","169234","1402277","1402798","1371","150289","161699","1402798","1403363","1268214","1402262","Fraction component detection task","934","536798","946","yes","1280"
"98.7328405491","98.7328405491","567.424498416","567.424498416","#808080","no","legacy","legacy","legacy","0","uniform","1","undefined","undefined","undefined","1","l","4","4","0","946","0","0","946","946","0","0","0","946","946","4","946","Fri Apr 27 13:03:26 2018","#757575","low","6","The main experiment item","yes","","experiment.osexp","/Users/tom/github/sft-fraction/procedure","no","mono","no","24","no","white","no","yes","800","legacy","82","82","4","/Users/tom/github/sft-fraction/results/data/subject-5a.csv","legacy","#000000","high","8","Jazzy James","3.1.9","0","l","NA","space","space","space","l","return","553","NA","148901","11392","7534","553","40236","2","legacy","1024","2","48000","-16","experiment","5","odd","present","1308521","1308521","NA","1401198","1312","169234","1403454","1403973","1371","150289","161699","1403973","1404540","1268214","1403434","Fraction component detection task","935","537351","947","yes","1280"
"98.6286919831","98.6286919831","567.425105485","567.425105485","#808080","no","legacy","legacy","legacy","0","uniform","0","undefined","undefined","undefined","0","a","4","4","0","947","0","0","947","947","0","0","0","947","947","4","947","Fri Apr 27 13:03:26 2018","#757575","low","2","The main experiment item","yes","","experiment.osexp","/Users/tom/github/sft-fraction/procedure","no","mono","no","24","no","white","no","yes","800","legacy","83","83","4","/Users/tom/github/sft-fraction/results/data/subject-5a.csv","legacy","#000000","high","2","Jazzy James","3.1.9","0","l","NA","space","space","space","l","return","568","NA","148901","11392","7534","568","40236","2","legacy","1024","2","48000","-16","experiment","5","odd","absent","1308521","1308521","NA","1401198","1312","169234","1404627","1405143","1371","150289","161699","1405143","1405725","1268214","1404611","Fraction component detection task","935","537919","948","yes","1280"
"98.6301369863","98.6301369863","567.505795574","567.505795574","#808080","no","legacy","legacy","legacy","0","uniform","1","undefined","undefined","undefined","1","a","4","4","0","948","0","0","948","948","0","0","0","948","948","4","948","Fri Apr 27 13:03:26 2018","#000000","high","4","The main experiment item","yes","","experiment.osexp","/Users/tom/github/sft-fraction/procedure","no","mono","no","24","no","white","no","yes","800","legacy","84","84","4","/Users/tom/github/sft-fraction/results/data/subject-5a.csv","legacy","#000000","high","2","Jazzy James","3.1.9","0","a","NA","space","space","space","a","return","644","NA","148901","11392","7534","644","40236","2","legacy","1024","2","48000","-16","experiment","5","odd","absent","1308521","1308521","NA","1405747","1312","169234","1406829","1407346","1371","150289","161699","1407346","1408007","1268214","1406813","Fraction component detection task","936","538563","949","yes","1280"
"98.6315789474","98.6315789474","567.412631579","567.412631579","#808080","no","legacy","legacy","legacy","0","uniform","1","undefined","undefined","undefined","1","a","4","4","0","949","0","0","949","949","0","0","0","949","949","4","949","Fri Apr 27 13:03:26 2018","#000000","high","3","The main experiment item","yes","","experiment.osexp","/Users/tom/github/sft-fraction/procedure","no","mono","no","24","no","white","no","yes","800","legacy","85","85","4","/Users/tom/github/sft-fraction/results/data/subject-5a.csv","legacy","#757575","low","3","Jazzy James","3.1.9","0","a","NA","space","space","space","a","return","479","NA","148901","11392","7534","479","40236","2","legacy","1024","2","48000","-16","experiment","5","odd","absent","1308521","1308521","NA","1405747","1312","169234","1408096","1408614","1371","150289","161699","1408614","1409107","1268214","1408075","Fraction component detection task","937","539042","950","yes","1280"
"98.6330178759","98.6330178759","567.30809674","567.30809674","#808080","no","legacy","legacy","legacy","0","uniform","1","undefined","undefined","undefined","1","a","4","4","0","950","0","0","950","950","0","0","0","950","950","4","950","Fri Apr 27 13:03:26 2018","#000000","high","3","The main experiment item","yes","","experiment.osexp","/Users/tom/github/sft-fraction/procedure","no","mono","no","24","no","white","no","yes","800","legacy","86","86","4","/Users/tom/github/sft-fraction/results/data/subject-5a.csv","legacy","#000000","high","3","Jazzy James","3.1.9","0","a","NA","space","space","space","a","return","468","NA","148901","11392","7534","468","40236","2","legacy","1024","2","48000","-16","experiment","5","odd","absent","1308521","1308521","NA","1405747","1312","169234","1409189","1409705","1371","150289","161699","1409706","1410187","1268214","1409173","Fraction component detection task","938","539510","951","yes","1280"
"98.6344537815","98.6344537815","567.25105042","567.25105042","#808080","no","legacy","legacy","legacy","0","uniform","1","undefined","undefined","undefined","1","l","4","4","0","951","0","0","951","951","0","0","0","951","951","4","951","Fri Apr 27 13:03:26 2018","#757575","low","3","The main experiment item","yes","","experiment.osexp","/Users/tom/github/sft-fraction/procedure","no","mono","no","24","no","white","no","yes","800","legacy","87","87","4","/Users/tom/github/sft-fraction/results/data/subject-5a.csv","legacy","#000000","high","8","Jazzy James","3.1.9","0","l","NA","space","space","space","l","return","513","NA","148901","11392","7534","513","40236","2","legacy","1024","2","48000","-16","experiment","5","odd","present","1308521","1308521","NA","1405747","1312","169234","1410272","1410789","1371","150289","161699","1410789","1411317","1268214","1410251","Fraction component detection task","939","540023","952","yes","1280"
"98.6358866737","98.6358866737","567.268625393","567.268625393","#808080","no","legacy","legacy","legacy","0","uniform","1","undefined","undefined","undefined","1","a","4","4","0","952","0","0","952","952","0","0","0","952","952","4","952","Fri Apr 27 13:03:26 2018","#000000","high","4","The main experiment item","yes","","experiment.osexp","/Users/tom/github/sft-fraction/procedure","no","mono","no","24","no","white","no","yes","800","legacy","88","88","4","/Users/tom/github/sft-fraction/results/data/subject-5a.csv","legacy","#000000","high","3","Jazzy James","3.1.9","0","a","NA","space","space","space","a","return","584","NA","148901","11392","7534","584","40236","2","legacy","1024","2","48000","-16","experiment","5","odd","absent","1308521","1308521","NA","1405747","1312","169234","1411402","1411919","1371","150289","161699","1411919","1412516","1268214","1411386","Fraction component detection task","940","540607","953","yes","1280"
"98.6373165618","98.6373165618","567.319706499","567.319706499","#808080","no","legacy","legacy","legacy","0","uniform","1","undefined","undefined","undefined","1","l","4","4","0","953","0","0","953","953","0","0","0","953","953","4","953","Fri Apr 27 13:03:26 2018","#000000","high","7","The main experiment item","yes","","experiment.osexp","/Users/tom/github/sft-fraction/procedure","no","mono","no","24","no","white","no","yes","800","legacy","89","89","4","/Users/tom/github/sft-fraction/results/data/subject-5a.csv","legacy","#757575","low","6","Jazzy James","3.1.9","0","l","NA","space","space","space","l","return","616","NA","148901","11392","7534","616","40236","2","legacy","1024","2","48000","-16","experiment","5","odd","present","1308521","1308521","NA","1405747","1312","169234","1412603","1413119","1371","150289","161699","1413119","1413750","1268214","1412587","Fraction component detection task","941","541223","954","yes","1280"
"98.6387434555","98.6387434555","567.232460733","567.232460733","#808080","no","legacy","legacy","legacy","0","uniform","1","undefined","undefined","undefined","1","l","4","4","0","954","0","0","954","954","0","0","0","954","954","4","954","Fri Apr 27 13:03:26 2018","#000000","high","7","The main experiment item","yes","","experiment.osexp","/Users/tom/github/sft-fraction/procedure","no","mono","no","24","no","white","no","yes","800","legacy","90","90","4","/Users/tom/github/sft-fraction/results/data/subject-5a.csv","legacy","#757575","low","4","Jazzy James","3.1.9","0","l","NA","space","space","space","l","return","484","NA","148901","11392","7534","484","40236","2","legacy","1024","2","48000","-16","experiment","5","odd","present","1308521","1308521","NA","1405747","1312","169234","1413830","1414347","1371","150289","161699","1414347","1414844","1268214","1413815","Fraction component detection task","942","541707","955","yes","1280"
"98.640167364","98.640167364","567.114016736","567.114016736","#808080","no","legacy","legacy","legacy","0","uniform","1","undefined","undefined","undefined","1","l","4","4","0","955","0","0","955","955","0","0","0","955","955","4","955","Fri Apr 27 13:03:26 2018","#000000","high","8","The main experiment item","yes","","experiment.osexp","/Users/tom/github/sft-fraction/procedure","no","mono","no","24","no","white","no","yes","800","legacy","91","91","4","/Users/tom/github/sft-fraction/results/data/subject-5a.csv","legacy","#757575","low","8","Jazzy James","3.1.9","0","l","NA","space","space","space","l","return","454","NA","148901","11392","7534","454","40236","2","legacy","1024","2","48000","-16","experiment","5","odd","present","1308521","1308521","NA","1405747","1312","169234","1414924","1415441","1371","150289","161699","1415441","1415909","1268214","1414907","Fraction component detection task","943","542161","956","yes","1280"
"98.6415882968","98.6415882968","567.014629049","567.014629049","#808080","no","legacy","legacy","legacy","0","uniform","1","undefined","undefined","undefined","1","l","4","4","0","956","0","0","956","956","0","0","0","956","956","4","956","Fri Apr 27 13:03:26 2018","#757575","low","3","The main experiment item","yes","","experiment.osexp","/Users/tom/github/sft-fraction/procedure","no","mono","no","24","no","white","no","yes","800","legacy","92","92","4","/Users/tom/github/sft-fraction/results/data/subject-5a.csv","legacy","#757575","low","7","Jazzy James","3.1.9","0","l","NA","space","space","space","l","return","472","NA","148901","11392","7534","472","40236","2","legacy","1024","2","48000","-16","experiment","5","odd","present","1308521","1308521","NA","1405747","1312","169234","1415994","1416511","1371","150289","161699","1416511","1416996","1268214","1415977","Fraction component detection task","944","542633","957","yes","1280"
"98.643006263","98.643006263","566.933194154","566.933194154","#808080","no","legacy","legacy","legacy","0","uniform","1","undefined","undefined","undefined","1","a","4","4","0","957","0","0","957","957","0","0","0","957","957","4","957","Fri Apr 27 13:03:26 2018","#000000","high","2","The main experiment item","yes","","experiment.osexp","/Users/tom/github/sft-fraction/procedure","no","mono","no","24","no","white","no","yes","800","legacy","93","93","4","/Users/tom/github/sft-fraction/results/data/subject-5a.csv","legacy","#000000","high","2","Jazzy James","3.1.9","0","a","NA","space","space","space","a","return","489","NA","148901","11392","7534","489","40236","2","legacy","1024","2","48000","-16","experiment","5","odd","absent","1308521","1308521","NA","1405747","1312","169234","1417079","1417597","1371","150289","161699","1417597","1418099","1268214","1417063","Fraction component detection task","945","543122","958","yes","1280"
"98.6444212722","98.6444212722","566.742440042","566.742440042","#808080","no","legacy","legacy","legacy","0","uniform","1","undefined","undefined","undefined","1","a","4","4","0","958","0","0","958","958","0","0","0","958","958","4","958","Fri Apr 27 13:03:26 2018","#000000","high","3","The main experiment item","yes","","experiment.osexp","/Users/tom/github/sft-fraction/procedure","no","mono","no","24","no","white","no","yes","800","legacy","94","94","4","/Users/tom/github/sft-fraction/results/data/subject-5a.csv","legacy","#000000","high","2","Jazzy James","3.1.9","0","a","NA","space","space","space","a","return","384","NA","148901","11392","7534","384","40236","2","legacy","1024","2","48000","-16","experiment","5","odd","absent","1308521","1308521","NA","1405747","1312","169234","1418184","1418702","1371","150289","161699","1418702","1419099","1268214","1418168","Fraction component detection task","946","543506","959","yes","1280"
"98.6458333333","98.6458333333","566.758333333","566.758333333","#808080","no","legacy","legacy","legacy","0","uniform","1","undefined","undefined","undefined","1","l","4","4","0","959","0","0","959","959","0","0","0","959","959","4","959","Fri Apr 27 13:03:26 2018","#757575","low","8","The main experiment item","yes","","experiment.osexp","/Users/tom/github/sft-fraction/procedure","no","mono","no","24","no","white","no","yes","800","legacy","95","95","4","/Users/tom/github/sft-fraction/results/data/subject-5a.csv","legacy","#757575","low","2","Jazzy James","3.1.9","0","l","NA","space","space","space","l","return","582","NA","148901","11392","7534","582","40236","2","legacy","1024","2","48000","-16","experiment","5","odd","present","1308521","1308521","NA","1405747","1312","169234","1419186","1419703","1371","150289","161699","1419704","1420299","1268214","1419165","Fraction component detection task","947","544088","960","yes","1280"
"98.6472424558","98.6472424558","566.675338189","566.675338189","#808080","no","legacy","legacy","legacy","0","uniform","1","undefined","undefined","undefined","1","a","4","4","0","960","0","0","960","960","0","0","0","960","960","4","960","Fri Apr 27 13:03:26 2018","#000000","high","4","The main experiment item","yes","","experiment.osexp","/Users/tom/github/sft-fraction/procedure","no","mono","no","24","no","white","no","yes","800","legacy","96","96","4","/Users/tom/github/sft-fraction/results/data/subject-5a.csv","legacy","#757575","low","4","Jazzy James","3.1.9","0","a","NA","space","space","space","a","return","487","NA","148901","11392","7534","487","40236","2","legacy","1024","2","48000","-16","experiment","5","odd","absent","1308521","1308521","NA","1405747","1312","169234","1420382","1420903","1371","150289","161699","1420904","1421404","1268214","1420366","Fraction component detection task","948","544575","961","yes","1280"
"98.6486486486","98.6486486486","566.606029106","566.606029106","#808080","no","legacy","legacy","legacy","0","uniform","1","undefined","undefined","undefined","1","a","4","4","0","961","0","0","961","961","0","0","0","961","961","4","961","Fri Apr 27 13:03:26 2018","#000000","high","3","The main experiment item","yes","","experiment.osexp","/Users/tom/github/sft-fraction/procedure","no","mono","no","24","no","white","no","yes","800","legacy","97","97","4","/Users/tom/github/sft-fraction/results/data/subject-5a.csv","legacy","#757575","low","3","Jazzy James","3.1.9","0","a","NA","space","space","space","a","return","500","NA","148901","11392","7534","500","40236","2","legacy","1024","2","48000","-16","experiment","5","odd","absent","1308521","1308521","NA","1405747","1312","169234","1421494","1422010","1371","150289","161699","1422011","1422524","1268214","1421476","Fraction component detection task","949","545075","962","yes","1280"
"98.6500519211","98.6500519211","566.452751817","566.452751817","#808080","no","legacy","legacy","legacy","0","uniform","1","undefined","undefined","undefined","1","a","4","4","0","962","0","0","962","962","0","0","0","962","962","4","962","Fri Apr 27 13:03:26 2018","#000000","high","3","The main experiment item","yes","","experiment.osexp","/Users/tom/github/sft-fraction/procedure","no","mono","no","24","no","white","no","yes","800","legacy","98","98","4","/Users/tom/github/sft-fraction/results/data/subject-5a.csv","legacy","#000000","high","3","Jazzy James","3.1.9","0","a","NA","space","space","space","a","return","419","NA","148901","11392","7534","419","40236","2","legacy","1024","2","48000","-16","experiment","5","odd","absent","1308521","1308521","NA","1405747","1312","169234","1422607","1423123","1371","150289","161699","1423124","1423562","1268214","1422591","Fraction component detection task","950","545494","963","yes","1280"
"98.6514522822","98.6514522822","566.297717842","566.297717842","#808080","no","legacy","legacy","legacy","0","uniform","1","undefined","undefined","undefined","1","a","4","4","0","963","0","0","963","963","0","0","0","963","963","4","963","Fri Apr 27 13:03:26 2018","#757575","low","3","The main experiment item","yes","","experiment.osexp","/Users/tom/github/sft-fraction/procedure","no","mono","no","24","no","white","no","yes","800","legacy","99","99","4","/Users/tom/github/sft-fraction/results/data/subject-5a.csv","legacy","#757575","low","2","Jazzy James","3.1.9","0","a","NA","space","space","space","a","return","417","NA","148901","11392","7534","417","40236","2","legacy","1024","2","48000","-16","experiment","5","odd","absent","1308521","1308521","NA","1405747","1312","169234","1423657","1424174","1371","150289","161699","1424174","1424605","1268214","1423634","Fraction component detection task","951","545911","964","yes","1280"
"98.6528497409","98.6528497409","566.154404145","566.154404145","#808080","no","legacy","legacy","legacy","0","uniform","1","undefined","undefined","undefined","1","a","4","4","0","964","0","0","964","964","0","0","0","964","964","4","964","Fri Apr 27 13:03:26 2018","#757575","low","4","The main experiment item","yes","","experiment.osexp","/Users/tom/github/sft-fraction/procedure","no","mono","no","24","no","white","no","yes","800","legacy","100","100","4","/Users/tom/github/sft-fraction/results/data/subject-5a.csv","legacy","#757575","low","3","Jazzy James","3.1.9","0","a","NA","space","space","space","a","return","428","NA","148901","11392","7534","428","40236","2","legacy","1024","2","48000","-16","experiment","5","odd","absent","1308521","1308521","NA","1405747","1312","169234","1424684","1425203","1371","150289","161699","1425203","1425646","1268214","1424669","Fraction component detection task","952","546339","965","yes","1280"
"98.6542443064","98.6542443064","566.075569358","566.075569358","#808080","no","legacy","legacy","legacy","0","uniform","1","undefined","undefined","undefined","1","a","4","4","0","965","0","0","965","965","0","0","0","965","965","4","965","Fri Apr 27 13:03:26 2018","#000000","high","4","The main experiment item","yes","","experiment.osexp","/Users/tom/github/sft-fraction/procedure","no","mono","no","24","no","white","no","yes","800","legacy","101","101","4","/Users/tom/github/sft-fraction/results/data/subject-5a.csv","legacy","#757575","low","3","Jazzy James","3.1.9","0","a","NA","space","space","space","a","return","490","NA","148901","11392","7534","490","40236","2","legacy","1024","2","48000","-16","experiment","5","odd","absent","1308521","1308521","NA","1405747","1312","169234","1425728","1426245","1371","150289","161699","1426245","1426749","1268214","1425713","Fraction component detection task","953","546829","966","yes","1280"
"98.6556359876","98.6556359876","566.112719752","566.112719752","#808080","no","legacy","legacy","legacy","0","uniform","1","undefined","undefined","undefined","1","l","4","4","0","966","0","0","966","966","0","0","0","966","966","4","966","Fri Apr 27 13:03:26 2018","#757575","low","2","The main experiment item","yes","","experiment.osexp","/Users/tom/github/sft-fraction/procedure","no","mono","no","24","no","white","no","yes","800","legacy","102","102","4","/Users/tom/github/sft-fraction/results/data/subject-5a.csv","legacy","#757575","low","6","Jazzy James","3.1.9","0","l","NA","space","space","space","l","return","602","NA","148901","11392","7534","602","40236","2","legacy","1024","2","48000","-16","experiment","5","odd","present","1308521","1308521","NA","1405747","1312","169234","1426836","1427356","1371","150289","161699","1427357","1427973","1268214","1426820","Fraction component detection task","954","547431","967","yes","1280"
"98.6570247934","98.6570247934","566.146694215","566.146694215","#808080","no","legacy","legacy","legacy","0","uniform","1","undefined","undefined","undefined","1","l","4","4","0","967","0","0","967","967","0","0","0","967","967","4","967","Fri Apr 27 13:03:26 2018","#000000","high","8","The main experiment item","yes","","experiment.osexp","/Users/tom/github/sft-fraction/procedure","no","mono","no","24","no","white","no","yes","800","legacy","103","103","4","/Users/tom/github/sft-fraction/results/data/subject-5a.csv","legacy","#757575","low","4","Jazzy James","3.1.9","0","l","NA","space","space","space","l","return","599","NA","148901","11392","7534","599","40236","2","legacy","1024","2","48000","-16","experiment","5","odd","present","1308521","1308521","NA","1405747","1312","169234","1428056","1428575","1371","150289","161699","1428575","1429188","1268214","1428040","Fraction component detection task","955","548030","968","yes","1280"
"98.6584107327","98.6584107327","566.031991744","566.031991744","#808080","no","legacy","legacy","legacy","0","uniform","1","undefined","undefined","undefined","1","l","4","4","0","968","0","0","968","968","0","0","0","968","968","4","968","Fri Apr 27 13:03:26 2018","#000000","high","4","The main experiment item","yes","","experiment.osexp","/Users/tom/github/sft-fraction/procedure","no","mono","no","24","no","white","no","yes","800","legacy","104","104","4","/Users/tom/github/sft-fraction/results/data/subject-5a.csv","legacy","#000000","high","8","Jazzy James","3.1.9","0","l","NA","space","space","space","l","return","455","NA","148901","11392","7534","455","40236","2","legacy","1024","2","48000","-16","experiment","5","odd","present","1308521","1308521","NA","1405747","1312","169234","1429280","1429799","1371","150289","161699","1429799","1430268","1268214","1429259","Fraction component detection task","956","548485","969","yes","1280"
"98.6597938144","98.6597938144","566.024742268","566.024742268","#808080","no","legacy","legacy","legacy","0","uniform","1","undefined","undefined","undefined","1","a","4","4","0","969","0","0","969","969","0","0","0","969","969","4","969","Fri Apr 27 13:03:26 2018","#757575","low","4","The main experiment item","yes","","experiment.osexp","/Users/tom/github/sft-fraction/procedure","no","mono","no","24","no","white","no","yes","800","legacy","105","105","4","/Users/tom/github/sft-fraction/results/data/subject-5a.csv","legacy","#757575","low","4","Jazzy James","3.1.9","0","a","NA","space","space","space","a","return","559","NA","148901","11392","7534","559","40236","2","legacy","1024","2","48000","-16","experiment","5","odd","absent","1308521","1308521","NA","1405747","1312","169234","1430354","1430871","1371","150289","161699","1430872","1431445","1268214","1430338","Fraction component detection task","957","549044","970","yes","1280"
"98.6611740474","98.6611740474","565.956745623","565.956745623","#808080","no","legacy","legacy","legacy","0","uniform","1","undefined","undefined","undefined","1","a","4","4","0","970","0","0","970","970","0","0","0","970","970","4","970","Fri Apr 27 13:03:26 2018","#757575","low","2","The main experiment item","yes","","experiment.osexp","/Users/tom/github/sft-fraction/procedure","no","mono","no","24","no","white","no","yes","800","legacy","106","106","4","/Users/tom/github/sft-fraction/results/data/subject-5a.csv","legacy","#757575","low","3","Jazzy James","3.1.9","0","a","NA","space","space","space","a","return","500","NA","148901","11392","7534","500","40236","2","legacy","1024","2","48000","-16","experiment","5","odd","absent","1308521","1308521","NA","1405747","1312","169234","1431535","1432051","1371","150289","161699","1432052","1432569","1268214","1431514","Fraction component detection task","958","549544","971","yes","1280"
"98.6625514403","98.6625514403","565.820987654","565.820987654","#808080","no","legacy","legacy","legacy","0","uniform","1","undefined","undefined","undefined","1","a","4","4","0","971","0","0","971","971","0","0","0","971","971","4","971","Fri Apr 27 13:03:26 2018","#000000","high","2","The main experiment item","yes","","experiment.osexp","/Users/tom/github/sft-fraction/procedure","no","mono","no","24","no","white","no","yes","800","legacy","107","107","4","/Users/tom/github/sft-fraction/results/data/subject-5a.csv","legacy","#757575","low","2","Jazzy James","3.1.9","0","a","NA","space","space","space","a","return","434","NA","148901","11392","7534","434","40236","2","legacy","1024","2","48000","-16","experiment","5","odd","absent","1308521","1308521","NA","1405747","1312","169234","1432650","1433166","1371","150289","161699","1433166","1433614","1268214","1432634","Fraction component detection task","959","549978","972","yes","1280"
"98.6639260021","98.6639260021","565.697841727","565.697841727","#808080","no","legacy","legacy","legacy","0","uniform","1","undefined","undefined","undefined","1","a","4","4","0","972","0","0","972","972","0","0","0","972","972","4","972","Fri Apr 27 13:03:26 2018","#000000","high","2","The main experiment item","yes","","experiment.osexp","/Users/tom/github/sft-fraction/procedure","no","mono","no","24","no","white","no","yes","800","legacy","108","108","4","/Users/tom/github/sft-fraction/results/data/subject-5a.csv","legacy","#000000","high","3","Jazzy James","3.1.9","0","a","NA","space","space","space","a","return","446","NA","148901","11392","7534","446","40236","2","legacy","1024","2","48000","-16","experiment","5","odd","absent","1308521","1308521","NA","1405747","1312","169234","1433708","1434226","1371","150289","161699","1434226","1434685","1268214","1433688","Fraction component detection task","960","550424","973","yes","1280"
"98.6652977413","98.6652977413","565.619096509","565.619096509","#808080","no","legacy","legacy","legacy","0","uniform","1","undefined","undefined","undefined","1","a","4","4","0","973","0","0","973","973","0","0","0","973","973","4","973","Fri Apr 27 13:03:26 2018","#757575","low","4","The main experiment item","yes","","experiment.osexp","/Users/tom/github/sft-fraction/procedure","no","mono","no","24","no","white","no","yes","800","legacy","109","109","4","/Users/tom/github/sft-fraction/results/data/subject-5a.csv","legacy","#000000","high","2","Jazzy James","3.1.9","0","a","NA","space","space","space","a","return","489","NA","148901","11392","7534","489","40236","2","legacy","1024","2","48000","-16","experiment","5","odd","absent","1308521","1308521","NA","1405747","1312","169234","1434765","1435286","1371","150289","161699","1435287","1435789","1268214","1434749","Fraction component detection task","961","550913","974","yes","1280"
"98.6666666667","98.6666666667","565.737435897","565.737435897","#808080","no","legacy","legacy","legacy","0","uniform","1","undefined","undefined","undefined","1","a","4","4","0","974","0","0","974","974","0","0","0","974","974","4","974","Fri Apr 27 13:03:26 2018","#000000","high","3","The main experiment item","yes","","experiment.osexp","/Users/tom/github/sft-fraction/procedure","no","mono","no","24","no","white","no","yes","800","legacy","110","110","4","/Users/tom/github/sft-fraction/results/data/subject-5a.csv","legacy","#000000","high","4","Jazzy James","3.1.9","0","a","NA","space","space","space","a","return","681","NA","148901","11392","7534","681","40236","2","legacy","1024","2","48000","-16","experiment","5","odd","absent","1308521","1308521","NA","1405747","1312","169234","1435871","1436390","1371","150289","161699","1436390","1437084","1268214","1435856","Fraction component detection task","962","551594","975","yes","1280"
"98.6680327869","98.6680327869","565.765368852","565.765368852","#808080","no","legacy","legacy","legacy","0","uniform","1","undefined","undefined","undefined","1","l","4","4","0","975","0","0","975","975","0","0","0","975","975","4","975","Fri Apr 27 13:03:26 2018","#000000","high","8","The main experiment item","yes","","experiment.osexp","/Users/tom/github/sft-fraction/procedure","no","mono","no","24","no","white","no","yes","800","legacy","111","111","4","/Users/tom/github/sft-fraction/results/data/subject-5a.csv","legacy","#000000","high","3","Jazzy James","3.1.9","0","l","NA","space","space","space","l","return","593","NA","148901","11392","7534","593","40236","2","legacy","1024","2","48000","-16","experiment","5","odd","present","1308521","1308521","NA","1405747","1312","169234","1437168","1437686","1371","150289","161699","1437686","1438292","1268214","1437150","Fraction component detection task","963","552187","976","yes","1280"
"98.6693961105","98.6693961105","565.758444217","565.758444217","#808080","no","legacy","legacy","legacy","0","uniform","1","undefined","undefined","undefined","1","a","4","4","0","976","0","0","976","976","0","0","0","976","976","4","976","Fri Apr 27 13:03:26 2018","#757575","low","4","The main experiment item","yes","","experiment.osexp","/Users/tom/github/sft-fraction/procedure","no","mono","no","24","no","white","no","yes","800","legacy","112","112","4","/Users/tom/github/sft-fraction/results/data/subject-5a.csv","legacy","#000000","high","4","Jazzy James","3.1.9","0","a","NA","space","space","space","a","return","559","NA","148901","11392","7534","559","40236","2","legacy","1024","2","48000","-16","experiment","5","odd","absent","1308521","1308521","NA","1405747","1312","169234","1438380","1438897","1371","150289","161699","1438897","1439470","1268214","1438364","Fraction component detection task","964","552746","977","yes","1280"
"98.6707566462","98.6707566462","565.652351738","565.652351738","#808080","no","legacy","legacy","legacy","0","uniform","1","undefined","undefined","undefined","1","a","4","4","0","977","0","0","977","977","0","0","0","977","977","4","977","Fri Apr 27 13:03:26 2018","#757575","low","2","The main experiment item","yes","","experiment.osexp","/Users/tom/github/sft-fraction/procedure","no","mono","no","24","no","white","no","yes","800","legacy","113","113","4","/Users/tom/github/sft-fraction/results/data/subject-5a.csv","legacy","#757575","low","4","Jazzy James","3.1.9","0","a","NA","space","space","space","a","return","462","NA","148901","11392","7534","462","40236","2","legacy","1024","2","48000","-16","experiment","5","odd","absent","1308521","1308521","NA","1405747","1312","169234","1439553","1440074","1371","150289","161699","1440074","1440550","1268214","1439537","Fraction component detection task","965","553208","978","yes","1280"
"98.6721144025","98.6721144025","565.546475996","565.546475996","#808080","no","legacy","legacy","legacy","0","uniform","1","undefined","undefined","undefined","1","a","4","4","0","978","0","0","978","978","0","0","0","978","978","4","978","Fri Apr 27 13:03:26 2018","#757575","low","3","The main experiment item","yes","","experiment.osexp","/Users/tom/github/sft-fraction/procedure","no","mono","no","24","no","white","no","yes","800","legacy","114","114","4","/Users/tom/github/sft-fraction/results/data/subject-5a.csv","legacy","#000000","high","3","Jazzy James","3.1.9","0","a","NA","space","space","space","a","return","462","NA","148901","11392","7534","462","40236","2","legacy","1024","2","48000","-16","experiment","5","odd","absent","1308521","1308521","NA","1405747","1312","169234","1440637","1441153","1371","150289","161699","1441154","1441630","1268214","1440620","Fraction component detection task","966","553670","979","yes","1280"
"98.6734693878","98.6734693878","565.503061224","565.503061224","#808080","no","legacy","legacy","legacy","0","uniform","1","undefined","undefined","undefined","1","l","4","4","0","979","0","0","979","979","0","0","0","979","979","4","979","Fri Apr 27 13:03:26 2018","#000000","high","6","The main experiment item","yes","","experiment.osexp","/Users/tom/github/sft-fraction/procedure","no","mono","no","24","no","white","no","yes","800","legacy","115","115","4","/Users/tom/github/sft-fraction/results/data/subject-5a.csv","legacy","#757575","low","3","Jazzy James","3.1.9","0","l","NA","space","space","space","l","return","523","NA","148901","11392","7534","523","40236","2","legacy","1024","2","48000","-16","experiment","5","odd","present","1308521","1308521","NA","1405747","1312","169234","1441713","1442229","1371","150289","161699","1442229","1442769","1268214","1441697","Fraction component detection task","967","554193","980","yes","1280"
"98.6748216106","98.6748216106","565.366972477","565.366972477","#808080","no","legacy","legacy","legacy","0","uniform","1","undefined","undefined","undefined","1","l","4","4","0","980","0","0","980","980","0","0","0","980","980","4","980","Fri Apr 27 13:03:26 2018","#757575","low","8","The main experiment item","yes","","experiment.osexp","/Users/tom/github/sft-fraction/procedure","no","mono","no","24","no","white","no","yes","800","legacy","116","116","4","/Users/tom/github/sft-fraction/results/data/subject-5a.csv","legacy","#757575","low","7","Jazzy James","3.1.9","0","l","NA","space","space","space","l","return","432","NA","148901","11392","7534","432","40236","2","legacy","1024","2","48000","-16","experiment","5","odd","present","1308521","1308521","NA","1405747","1312","169234","1442858","1443376","1371","150289","161699","1443376","1443826","1268214","1442843","Fraction component detection task","968","554625","981","yes","1280"
"98.6761710794","98.6761710794","565.217922607","565.217922607","#808080","no","legacy","legacy","legacy","0","uniform","1","undefined","undefined","undefined","1","l","4","4","0","981","0","0","981","981","0","0","0","981","981","4","981","Fri Apr 27 13:03:26 2018","#757575","low","7","The main experiment item","yes","","experiment.osexp","/Users/tom/github/sft-fraction/procedure","no","mono","no","24","no","white","no","yes","800","legacy","117","117","4","/Users/tom/github/sft-fraction/results/data/subject-5a.csv","legacy","#757575","low","8","Jazzy James","3.1.9","0","l","NA","space","space","space","l","return","419","NA","148901","11392","7534","419","40236","2","legacy","1024","2","48000","-16","experiment","5","odd","present","1308521","1308521","NA","1405747","1312","169234","1443920","1444436","1371","150289","161699","1444437","1444871","1268214","1443900","Fraction component detection task","969","555044","982","yes","1280"
"98.6775178026","98.6775178026","565.03051882","565.03051882","#808080","no","legacy","legacy","legacy","0","uniform","1","undefined","undefined","undefined","1","l","4","4","0","982","0","0","982","982","0","0","0","982","982","4","982","Fri Apr 27 13:03:26 2018","#000000","high","7","The main experiment item","yes","","experiment.osexp","/Users/tom/github/sft-fraction/procedure","no","mono","no","24","no","white","no","yes","800","legacy","118","118","4","/Users/tom/github/sft-fraction/results/data/subject-5a.csv","legacy","#000000","high","8","Jazzy James","3.1.9","0","l","NA","space","space","space","l","return","381","NA","148901","11392","7534","381","40236","2","legacy","1024","2","48000","-16","experiment","5","odd","present","1308521","1308521","NA","1405747","1312","169234","1444958","1445474","1371","150289","161699","1445475","1445874","1268214","1444937","Fraction component detection task","970","555425","983","yes","1280"
"98.6788617886","98.6788617886","565.00203252","565.00203252","#808080","no","legacy","legacy","legacy","0","uniform","1","undefined","undefined","undefined","1","a","4","4","0","983","0","0","983","983","0","0","0","983","983","4","983","Fri Apr 27 13:03:26 2018","#757575","low","2","The main experiment item","yes","","experiment.osexp","/Users/tom/github/sft-fraction/procedure","no","mono","no","24","no","white","no","yes","800","legacy","119","119","4","/Users/tom/github/sft-fraction/results/data/subject-5a.csv","legacy","#000000","high","3","Jazzy James","3.1.9","0","a","NA","space","space","space","a","return","537","NA","148901","11392","7534","537","40236","2","legacy","1024","2","48000","-16","experiment","5","odd","absent","1308521","1308521","NA","1405747","1312","169234","1445956","1446478","1371","150289","161699","1446478","1447029","1268214","1445941","Fraction component detection task","971","555962","984","yes","1280"
"98.6802030457","98.6802030457","565.005076142","565.005076142","#808080","no","legacy","legacy","legacy","0","uniform","1","undefined","undefined","undefined","1","l","4","4","0","984","0","0","984","984","0","0","0","984","984","4","984","Fri Apr 27 13:03:26 2018","#000000","high","6","The main experiment item","yes","","experiment.osexp","/Users/tom/github/sft-fraction/procedure","no","mono","no","24","no","white","no","yes","800","legacy","120","120","4","/Users/tom/github/sft-fraction/results/data/subject-5a.csv","legacy","#000000","high","4","Jazzy James","3.1.9","0","l","NA","space","space","space","l","return","568","NA","148901","11392","7534","568","40236","2","legacy","1024","2","48000","-16","experiment","5","odd","present","1308521","1308521","NA","1405747","1312","169234","1447114","1447631","1371","150289","161699","1447631","1448213","1268214","1447097","Fraction component detection task","972","556530","985","yes","1280"
"98.6815415822","98.6815415822","564.965517241","564.965517241","#808080","no","legacy","legacy","legacy","0","uniform","1","undefined","undefined","undefined","1","l","4","4","0","985","0","0","985","985","0","0","0","985","985","4","985","Fri Apr 27 13:03:26 2018","#757575","low","8","The main experiment item","yes","","experiment.osexp","/Users/tom/github/sft-fraction/procedure","no","mono","no","24","no","white","no","yes","800","legacy","121","121","4","/Users/tom/github/sft-fraction/results/data/subject-5a.csv","legacy","#757575","low","4","Jazzy James","3.1.9","0","l","NA","space","space","space","l","return","526","NA","148901","11392","7534","526","40236","2","legacy","1024","2","48000","-16","experiment","5","odd","present","1308521","1308521","NA","1405747","1312","169234","1448301","1448818","1371","150289","161699","1448818","1449358","1268214","1448285","Fraction component detection task","973","557056","986","yes","1280"
"98.6828774063","98.6828774063","564.947315096","564.947315096","#808080","no","legacy","legacy","legacy","0","uniform","1","undefined","undefined","undefined","1","l","4","4","0","986","0","0","986","986","0","0","0","986","986","4","986","Fri Apr 27 13:03:26 2018","#000000","high","2","The main experiment item","yes","","experiment.osexp","/Users/tom/github/sft-fraction/procedure","no","mono","no","24","no","white","no","yes","800","legacy","122","122","4","/Users/tom/github/sft-fraction/results/data/subject-5a.csv","legacy","#757575","low","7","Jazzy James","3.1.9","0","l","NA","space","space","space","l","return","547","NA","148901","11392","7534","547","40236","2","legacy","1024","2","48000","-16","experiment","5","odd","present","1308521","1308521","NA","1405747","1312","169234","1449440","1449957","1371","150289","161699","1449957","1450518","1268214","1449425","Fraction component detection task","974","557603","987","yes","1280"
"98.6842105263","98.6842105263","564.842105263","564.842105263","#808080","no","legacy","legacy","legacy","0","uniform","1","undefined","undefined","undefined","1","a","4","4","0","987","0","0","987","987","0","0","0","987","987","4","987","Fri Apr 27 13:03:26 2018","#000000","high","2","The main experiment item","yes","","experiment.osexp","/Users/tom/github/sft-fraction/procedure","no","mono","no","24","no","white","no","yes","800","legacy","123","123","4","/Users/tom/github/sft-fraction/results/data/subject-5a.csv","legacy","#757575","low","3","Jazzy James","3.1.9","0","a","NA","space","space","space","a","return","461","NA","148901","11392","7534","461","40236","2","legacy","1024","2","48000","-16","experiment","5","odd","absent","1308521","1308521","NA","1405747","1312","169234","1450605","1451123","1371","150289","161699","1451123","1451598","1268214","1450589","Fraction component detection task","975","558064","988","yes","1280"
"98.6855409505","98.6855409505","564.833164813","564.833164813","#808080","no","legacy","legacy","legacy","0","uniform","1","undefined","undefined","undefined","1","a","4","4","0","988","0","0","988","988","0","0","0","988","988","4","988","Fri Apr 27 13:03:26 2018","#000000","high","2","The main experiment item","yes","","experiment.osexp","/Users/tom/github/sft-fraction/procedure","no","mono","no","24","no","white","no","yes","800","legacy","124","124","4","/Users/tom/github/sft-fraction/results/data/subject-5a.csv","legacy","#000000","high","4","Jazzy James","3.1.9","0","a","NA","space","space","space","a","return","556","NA","148901","11392","7534","556","40236","2","legacy","1024","2","48000","-16","experiment","5","odd","absent","1308521","1308521","NA","1405747","1312","169234","1451684","1452205","1371","150289","161699","1452205","1452775","1268214","1451664","Fraction component detection task","976","558620","989","yes","1280"
"98.6868686869","98.6868686869","564.734343434","564.734343434","#808080","no","legacy","legacy","legacy","0","uniform","1","undefined","undefined","undefined","1","a","4","4","0","989","0","0","989","989","0","0","0","989","989","4","989","Fri Apr 27 13:03:26 2018","#000000","high","2","The main experiment item","yes","","experiment.osexp","/Users/tom/github/sft-fraction/procedure","no","mono","no","24","no","white","no","yes","800","legacy","125","125","4","/Users/tom/github/sft-fraction/results/data/subject-5a.csv","legacy","#757575","low","3","Jazzy James","3.1.9","0","a","NA","space","space","space","a","return","467","NA","148901","11392","7534","467","40236","2","legacy","1024","2","48000","-16","experiment","5","odd","absent","1308521","1308521","NA","1405747","1312","169234","1452865","1453382","1371","150289","161699","1453382","1453863","1268214","1452846","Fraction component detection task","977","559087","990","yes","1280"
"98.6881937437","98.6881937437","564.702320888","564.702320888","#808080","no","legacy","legacy","legacy","0","uniform","1","undefined","undefined","undefined","1","l","4","4","0","990","0","0","990","990","0","0","0","990","990","4","990","Fri Apr 27 13:03:26 2018","#000000","high","3","The main experiment item","yes","","experiment.osexp","/Users/tom/github/sft-fraction/procedure","no","mono","no","24","no","white","no","yes","800","legacy","126","126","4","/Users/tom/github/sft-fraction/results/data/subject-5a.csv","legacy","#757575","low","8","Jazzy James","3.1.9","0","l","NA","space","space","space","l","return","533","NA","148901","11392","7534","533","40236","2","legacy","1024","2","48000","-16","experiment","5","odd","present","1308521","1308521","NA","1405747","1312","169234","1453950","1454467","1371","150289","161699","1454467","1455013","1268214","1453932","Fraction component detection task","978","559620","991","yes","1280"
"98.689516129","98.689516129","564.597782258","564.597782258","#808080","no","legacy","legacy","legacy","0","uniform","1","undefined","undefined","undefined","1","l","4","4","0","991","0","0","991","991","0","0","0","991","991","4","991","Fri Apr 27 13:03:26 2018","#000000","high","3","The main experiment item","yes","","experiment.osexp","/Users/tom/github/sft-fraction/procedure","no","mono","no","24","no","white","no","yes","800","legacy","127","127","4","/Users/tom/github/sft-fraction/results/data/subject-5a.csv","legacy","#000000","high","6","Jazzy James","3.1.9","0","l","NA","space","space","space","l","return","461","NA","148901","11392","7534","461","40236","2","legacy","1024","2","48000","-16","experiment","5","odd","present","1308521","1308521","NA","1405747","1312","169234","1455102","1455619","1371","150289","161699","1455619","1456100","1268214","1455081","Fraction component detection task","979","560081","992","yes","1280"
"98.690835851","98.690835851","564.562940584","564.562940584","#808080","no","legacy","legacy","legacy","0","uniform","1","undefined","undefined","undefined","1","a","4","4","0","992","0","0","992","992","0","0","0","992","992","4","992","Fri Apr 27 13:03:26 2018","#757575","low","3","The main experiment item","yes","","experiment.osexp","/Users/tom/github/sft-fraction/procedure","no","mono","no","24","no","white","no","yes","800","legacy","128","128","4","/Users/tom/github/sft-fraction/results/data/subject-5a.csv","legacy","#757575","low","4","Jazzy James","3.1.9","0","a","NA","space","space","space","a","return","530","NA","148901","11392","7534","530","40236","2","legacy","1024","2","48000","-16","experiment","5","odd","absent","1308521","1308521","NA","1405747","1312","169234","1456184","1456702","1371","150289","161699","1456702","1457246","1268214","1456168","Fraction component detection task","980","560611","993","yes","1280"
"98.6921529175","98.6921529175","564.444668008","564.444668008","#808080","no","legacy","legacy","legacy","0","uniform","1","undefined","undefined","undefined","1","a","4","4","0","993","0","0","993","993","0","0","0","993","993","4","993","Fri Apr 27 13:03:26 2018","#757575","low","3","The main experiment item","yes","","experiment.osexp","/Users/tom/github/sft-fraction/procedure","no","mono","no","24","no","white","no","yes","800","legacy","129","129","4","/Users/tom/github/sft-fraction/results/data/subject-5a.csv","legacy","#757575","low","3","Jazzy James","3.1.9","0","a","NA","space","space","space","a","return","447","NA","148901","11392","7534","447","40236","2","legacy","1024","2","48000","-16","experiment","5","odd","absent","1308521","1308521","NA","1405747","1312","169234","1457330","1457848","1371","150289","161699","1457849","1458315","1268214","1457314","Fraction component detection task","981","561058","994","yes","1280"
"98.6934673367","98.6934673367","564.354773869","564.354773869","#808080","no","legacy","legacy","legacy","0","uniform","1","undefined","undefined","undefined","1","l","4","4","0","994","0","0","994","994","0","0","0","994","994","4","994","Fri Apr 27 13:03:26 2018","#000000","high","8","The main experiment item","yes","","experiment.osexp","/Users/tom/github/sft-fraction/procedure","no","mono","no","24","no","white","no","yes","800","legacy","130","130","4","/Users/tom/github/sft-fraction/results/data/subject-5a.csv","legacy","#000000","high","4","Jazzy James","3.1.9","0","l","NA","space","space","space","l","return","475","NA","148901","11392","7534","475","40236","2","legacy","1024","2","48000","-16","experiment","5","odd","present","1308521","1308521","NA","1405747","1312","169234","1458400","1458918","1371","150289","161699","1458918","1459407","1268214","1458384","Fraction component detection task","982","561533","995","yes","1280"
"98.6947791165","98.6947791165","564.264056225","564.264056225","#808080","no","legacy","legacy","legacy","0","uniform","1","undefined","undefined","undefined","1","l","4","4","0","995","0","0","995","995","0","0","0","995","995","4","995","Fri Apr 27 13:03:26 2018","#757575","low","2","The main experiment item","yes","","experiment.osexp","/Users/tom/github/sft-fraction/procedure","no","mono","no","24","no","white","no","yes","800","legacy","131","131","4","/Users/tom/github/sft-fraction/results/data/subject-5a.csv","legacy","#000000","high","8","Jazzy James","3.1.9","0","l","NA","space","space","space","l","return","474","NA","148901","11392","7534","474","40236","2","legacy","1024","2","48000","-16","experiment","5","odd","present","1308521","1308521","NA","1405747","1312","169234","1459491","1460007","1371","150289","161699","1460007","1460498","1268214","1459474","Fraction component detection task","983","562007","996","yes","1280"
"98.6960882648","98.6960882648","564.224674022","564.224674022","#808080","no","legacy","legacy","legacy","0","uniform","1","undefined","undefined","undefined","1","a","4","4","0","996","0","0","996","996","0","0","0","996","996","4","996","Fri Apr 27 13:03:26 2018","#757575","low","2","The main experiment item","yes","","experiment.osexp","/Users/tom/github/sft-fraction/procedure","no","mono","no","24","no","white","no","yes","800","legacy","132","132","4","/Users/tom/github/sft-fraction/results/data/subject-5a.csv","legacy","#000000","high","4","Jazzy James","3.1.9","0","a","NA","space","space","space","a","return","525","NA","148901","11392","7534","525","40236","2","legacy","1024","2","48000","-16","experiment","5","odd","absent","1308521","1308521","NA","1405747","1312","169234","1460590","1461108","1371","150289","161699","1461108","1461647","1268214","1460571","Fraction component detection task","984","562532","997","yes","1280"
"98.6973947896","98.6973947896","564.164328657","564.164328657","#808080","no","legacy","legacy","legacy","0","uniform","1","undefined","undefined","undefined","1","a","4","4","0","997","0","0","997","997","0","0","0","997","997","4","997","Fri Apr 27 13:03:26 2018","#000000","high","3","The main experiment item","yes","","experiment.osexp","/Users/tom/github/sft-fraction/procedure","no","mono","no","24","no","white","no","yes","800","legacy","133","133","4","/Users/tom/github/sft-fraction/results/data/subject-5a.csv","legacy","#757575","low","4","Jazzy James","3.1.9","0","a","NA","space","space","space","a","return","504","NA","148901","11392","7534","504","40236","2","legacy","1024","2","48000","-16","experiment","5","odd","absent","1308521","1308521","NA","1405747","1312","169234","1461733","1462249","1371","150289","161699","1462249","1462767","1268214","1461717","Fraction component detection task","985","563036","998","yes","1280"
"98.6986986987","98.6986986987","564.141141141","564.141141141","#808080","no","legacy","legacy","legacy","0","uniform","1","undefined","undefined","undefined","1","l","4","4","0","998","0","0","998","998","0","0","0","998","998","4","998","Fri Apr 27 13:03:26 2018","#000000","high","8","The main experiment item","yes","","experiment.osexp","/Users/tom/github/sft-fraction/procedure","no","mono","no","24","no","white","no","yes","800","legacy","134","134","4","/Users/tom/github/sft-fraction/results/data/subject-5a.csv","legacy","#000000","high","2","Jazzy James","3.1.9","0","l","NA","space","space","space","l","return","541","NA","148901","11392","7534","541","40236","2","legacy","1024","2","48000","-16","experiment","5","odd","present","1308521","1308521","NA","1405747","1312","169234","1462852","1463372","1371","150289","161699","1463372","1463927","1268214","1462836","Fraction component detection task","986","563577","999","yes","1280"
"98.7","98.7","564.24","564.24","#808080","no","legacy","legacy","legacy","0","uniform","1","undefined","undefined","undefined","1","a","4","4","0","999","0","0","999","999","0","0","0","999","999","4","999","Fri Apr 27 13:03:26 2018","#000000","high","2","The main experiment item","yes","","experiment.osexp","/Users/tom/github/sft-fraction/procedure","no","mono","no","24","no","white","no","yes","800","legacy","135","135","4","/Users/tom/github/sft-fraction/results/data/subject-5a.csv","legacy","#000000","high","3","Jazzy James","3.1.9","0","a","NA","space","space","space","a","return","663","NA","148901","11392","7534","663","40236","2","legacy","1024","2","48000","-16","experiment","5","odd","absent","1308521","1308521","NA","1405747","1312","169234","1464013","1464529","1371","150289","161699","1464529","1465206","1268214","1463998","Fraction component detection task","987","564240","1000","yes","1280"
"98.6013986014","98.6013986014","564.253746254","564.253746254","#808080","no","legacy","legacy","legacy","0","uniform","0","undefined","undefined","undefined","0","l","4","4","0","1000","0","0","1000","1000","0","0","0","1000","1000","4","1000","Fri Apr 27 13:03:26 2018","#757575","low","8","The main experiment item","yes","","experiment.osexp","/Users/tom/github/sft-fraction/procedure","no","mono","no","24","no","white","no","yes","800","legacy","136","136","4","/Users/tom/github/sft-fraction/results/data/subject-5a.csv","legacy","#000000","high","2","Jazzy James","3.1.9","0","a","NA","space","space","space","a","return","578","NA","148901","11392","7534","578","40236","2","legacy","1024","2","48000","-16","experiment","5","odd","present","1308521","1308521","NA","1405747","1312","169234","1465297","1465814","1371","150289","161699","1465815","1466407","1268214","1465281","Fraction component detection task","987","564818","1001","yes","1280"
"98.6027944112","98.6027944112","564.400199601","564.400199601","#808080","no","legacy","legacy","legacy","0","uniform","1","undefined","undefined","undefined","1","a","4","4","0","1001","0","0","1001","1001","0","0","0","1001","1001","4","1001","Fri Apr 27 13:03:26 2018","#757575","low","2","The main experiment item","yes","","experiment.osexp","/Users/tom/github/sft-fraction/procedure","no","mono","no","24","no","white","no","yes","800","legacy","137","137","4","/Users/tom/github/sft-fraction/results/data/subject-5a.csv","legacy","#757575","low","2","Jazzy James","3.1.9","0","a","NA","space","space","space","a","return","711","NA","148901","11392","7534","711","40236","2","legacy","1024","2","48000","-16","experiment","5","odd","absent","1308521","1308521","NA","1466432","1312","169234","1467509","1468026","1371","150289","161699","1468026","1468752","1268214","1467493","Fraction component detection task","988","565529","1002","yes","1280"
"98.6041874377","98.6041874377","564.569292124","564.569292124","#808080","no","legacy","legacy","legacy","0","uniform","1","undefined","undefined","undefined","1","a","4","4","0","1002","0","0","1002","1002","0","0","0","1002","1002","4","1002","Fri Apr 27 13:03:26 2018","#000000","high","3","The main experiment item","yes","","experiment.osexp","/Users/tom/github/sft-fraction/procedure","no","mono","no","24","no","white","no","yes","800","legacy","138","138","4","/Users/tom/github/sft-fraction/results/data/subject-5a.csv","legacy","#757575","low","4","Jazzy James","3.1.9","0","a","NA","space","space","space","a","return","734","NA","148901","11392","7534","734","40236","2","legacy","1024","2","48000","-16","experiment","5","odd","absent","1308521","1308521","NA","1466432","1312","169234","1468837","1469355","1371","150289","161699","1469355","1470106","1268214","1468821","Fraction component detection task","989","566263","1003","yes","1280"
"98.6055776892","98.6055776892","564.554780876","564.554780876","#808080","no","legacy","legacy","legacy","0","uniform","1","undefined","undefined","undefined","1","a","4","4","0","1003","0","0","1003","1003","0","0","0","1003","1003","4","1003","Fri Apr 27 13:03:26 2018","#757575","low","4","The main experiment item","yes","","experiment.osexp","/Users/tom/github/sft-fraction/procedure","no","mono","no","24","no","white","no","yes","800","legacy","139","139","4","/Users/tom/github/sft-fraction/results/data/subject-5a.csv","legacy","#757575","low","2","Jazzy James","3.1.9","0","a","NA","space","space","space","a","return","550","NA","148901","11392","7534","550","40236","2","legacy","1024","2","48000","-16","experiment","5","odd","absent","1308521","1308521","NA","1466432","1312","169234","1470188","1470705","1371","150289","161699","1470706","1471270","1268214","1470170","Fraction component detection task","990","566813","1004","yes","1280"
"98.6069651741","98.6069651741","564.528358209","564.528358209","#808080","no","legacy","legacy","legacy","0","uniform","1","undefined","undefined","undefined","1","a","4","4","0","1004","0","0","1004","1004","0","0","0","1004","1004","4","1004","Fri Apr 27 13:03:26 2018","#757575","low","2","The main experiment item","yes","","experiment.osexp","/Users/tom/github/sft-fraction/procedure","no","mono","no","24","no","white","no","yes","800","legacy","140","140","4","/Users/tom/github/sft-fraction/results/data/subject-5a.csv","legacy","#000000","high","3","Jazzy James","3.1.9","0","a","NA","space","space","space","a","return","538","NA","148901","11392","7534","538","40236","2","legacy","1024","2","48000","-16","experiment","5","odd","absent","1308521","1308521","NA","1466432","1312","169234","1471355","1471872","1371","150289","161699","1471872","1472424","1268214","1471339","Fraction component detection task","991","567351","1005","yes","1280"
"98.6083499006","98.6083499006","564.662027833","564.662027833","#808080","no","legacy","legacy","legacy","0","uniform","1","undefined","undefined","undefined","1","l","4","4","0","1005","0","0","1005","1005","0","0","0","1005","1005","4","1005","Fri Apr 27 13:03:26 2018","#757575","low","4","The main experiment item","yes","","experiment.osexp","/Users/tom/github/sft-fraction/procedure","no","mono","no","24","no","white","no","yes","800","legacy","141","141","4","/Users/tom/github/sft-fraction/results/data/subject-5a.csv","legacy","#000000","high","7","Jazzy James","3.1.9","0","l","NA","space","space","space","l","return","699","NA","148901","11392","7534","699","40236","2","legacy","1024","2","48000","-16","experiment","5","odd","present","1308521","1308521","NA","1466432","1312","169234","1472511","1473031","1371","150289","161699","1473031","1473743","1268214","1472495","Fraction component detection task","992","568050","1006","yes","1280"
"98.6097318769","98.6097318769","564.682224429","564.682224429","#808080","no","legacy","legacy","legacy","0","uniform","1","undefined","undefined","undefined","1","a","4","4","0","1006","0","0","1006","1006","0","0","0","1006","1006","4","1006","Fri Apr 27 13:03:26 2018","#000000","high","4","The main experiment item","yes","","experiment.osexp","/Users/tom/github/sft-fraction/procedure","no","mono","no","24","no","white","no","yes","800","legacy","142","142","4","/Users/tom/github/sft-fraction/results/data/subject-5a.csv","legacy","#000000","high","2","Jazzy James","3.1.9","0","a","NA","space","space","space","a","return","585","NA","148901","11392","7534","585","40236","2","legacy","1024","2","48000","-16","experiment","5","odd","absent","1308521","1308521","NA","1466432","1312","169234","1473828","1474345","1371","150289","161699","1474345","1474944","1268214","1473812","Fraction component detection task","993","568635","1007","yes","1280"
"98.6111111111","98.6111111111","564.631944444","564.631944444","#808080","no","legacy","legacy","legacy","0","uniform","1","undefined","undefined","undefined","1","a","4","4","0","1007","0","0","1007","1007","0","0","0","1007","1007","4","1007","Fri Apr 27 13:03:26 2018","#757575","low","2","The main experiment item","yes","","experiment.osexp","/Users/tom/github/sft-fraction/procedure","no","mono","no","24","no","white","no","yes","800","legacy","143","143","4","/Users/tom/github/sft-fraction/results/data/subject-5a.csv","legacy","#757575","low","3","Jazzy James","3.1.9","0","a","NA","space","space","space","a","return","514","NA","148901","11392","7534","514","40236","2","legacy","1024","2","48000","-16","experiment","5","odd","absent","1308521","1308521","NA","1466432","1312","169234","1475024","1475543","1371","150289","161699","1475543","1476071","1268214","1475008","Fraction component detection task","994","569149","1008","yes","1280"
"98.6124876115","98.6124876115","564.579781962","564.579781962","#808080","no","legacy","legacy","legacy","0","uniform","1","undefined","undefined","undefined","1","l","4","4","0","1008","0","0","1008","1008","0","0","0","1008","1008","4","1008","Fri Apr 27 13:03:26 2018","#000000","high","6","The main experiment item","yes","","experiment.osexp","/Users/tom/github/sft-fraction/procedure","no","mono","no","24","no","white","no","yes","800","legacy","144","144","4","/Users/tom/github/sft-fraction/results/data/subject-5a.csv","legacy","#000000","high","3","Jazzy James","3.1.9","0","l","NA","space","space","space","l","return","512","NA","148901","11392","7534","512","40236","2","legacy","1024","2","48000","-16","experiment","5","odd","present","1308521","1308521","NA","1466432","1312","169234","1476154","1476672","1371","150289","161699","1476673","1477199","1268214","1476137","Fraction component detection task","995","569661","1009","yes","1280"
"98.6138613861","98.6138613861","564.778217822","564.778217822","#808080","no","legacy","legacy","legacy","0","uniform","1","undefined","undefined","undefined","1","l","4","4","0","1009","0","0","1009","1009","0","0","0","1009","1009","4","1009","Fri Apr 27 13:03:26 2018","#000000","high","6","The main experiment item","yes","","experiment.osexp","/Users/tom/github/sft-fraction/procedure","no","mono","no","24","no","white","no","yes","800","legacy","145","145","4","/Users/tom/github/sft-fraction/results/data/subject-5a.csv","legacy","#000000","high","6","Jazzy James","3.1.9","0","l","NA","space","space","space","l","return","765","NA","148901","11392","7534","765","40236","2","legacy","1024","2","48000","-16","experiment","5","odd","present","1308521","1308521","NA","1466432","1312","169234","1477286","1477805","1371","150289","161699","1477805","1478593","1268214","1477266","Fraction component detection task","996","570426","1010","yes","1280"
"98.6152324431","98.6152324431","564.710187933","564.710187933","#808080","no","legacy","legacy","legacy","0","uniform","1","undefined","undefined","undefined","1","a","4","4","0","1010","0","0","1010","1010","0","0","0","1010","1010","4","1010","Fri Apr 27 13:03:26 2018","#000000","high","2","The main experiment item","yes","","experiment.osexp","/Users/tom/github/sft-fraction/procedure","no","mono","no","24","no","white","no","yes","800","legacy","146","146","4","/Users/tom/github/sft-fraction/results/data/subject-5a.csv","legacy","#757575","low","4","Jazzy James","3.1.9","0","a","NA","space","space","space","a","return","496","NA","148901","11392","7534","496","40236","2","legacy","1024","2","48000","-16","experiment","5","odd","absent","1308521","1308521","NA","1466432","1312","169234","1478677","1479194","1371","150289","161699","1479194","1479707","1268214","1478659","Fraction component detection task","997","570922","1011","yes","1280"
"98.6166007905","98.6166007905","564.712450593","564.712450593","#808080","no","legacy","legacy","legacy","0","uniform","1","undefined","undefined","undefined","1","a","4","4","0","1011","0","0","1011","1011","0","0","0","1011","1011","4","1011","Fri Apr 27 13:03:26 2018","#757575","low","3","The main experiment item","yes","","experiment.osexp","/Users/tom/github/sft-fraction/procedure","no","mono","no","24","no","white","no","yes","800","legacy","147","147","4","/Users/tom/github/sft-fraction/results/data/subject-5a.csv","legacy","#757575","low","4","Jazzy James","3.1.9","0","a","NA","space","space","space","a","return","567","NA","148901","11392","7534","567","40236","2","legacy","1024","2","48000","-16","experiment","5","odd","absent","1308521","1308521","NA","1466432","1312","169234","1479790","1480307","1371","150289","161699","1480307","1480904","1268214","1479774","Fraction component detection task","998","571489","1012","yes","1280"
"98.6179664363","98.6179664363","564.617966436","564.617966436","#808080","no","legacy","legacy","legacy","0","uniform","1","undefined","undefined","undefined","1","a","4","4","0","1012","0","0","1012","1012","0","0","0","1012","1012","4","1012","Fri Apr 27 13:03:26 2018","#757575","low","2","The main experiment item","yes","","experiment.osexp","/Users/tom/github/sft-fraction/procedure","no","mono","no","24","no","white","no","yes","800","legacy","148","148","4","/Users/tom/github/sft-fraction/results/data/subject-5a.csv","legacy","#000000","high","4","Jazzy James","3.1.9","0","a","NA","space","space","space","a","return","469","NA","148901","11392","7534","469","40236","2","legacy","1024","2","48000","-16","experiment","5","odd","absent","1308521","1308521","NA","1466432","1312","169234","1480988","1481508","1371","150289","161699","1481509","1481993","1268214","1480968","Fraction component detection task","999","571958","1013","yes","1280"
"98.6193293886","98.6193293886","564.524654832","564.524654832","#808080","no","legacy","legacy","legacy","0","uniform","1","undefined","undefined","undefined","1","a","4","4","0","1013","0","0","1013","1013","0","0","0","1013","1013","4","1013","Fri Apr 27 13:03:26 2018","#000000","high","3","The main experiment item","yes","","experiment.osexp","/Users/tom/github/sft-fraction/procedure","no","mono","no","24","no","white","no","yes","800","legacy","149","149","4","/Users/tom/github/sft-fraction/results/data/subject-5a.csv","legacy","#000000","high","2","Jazzy James","3.1.9","0","a","NA","space","space","space","a","return","470","NA","148901","11392","7534","470","40236","2","legacy","1024","2","48000","-16","experiment","5","odd","absent","1308521","1308521","NA","1466432","1312","169234","1482078","1482595","1371","150289","161699","1482595","1483079","1268214","1482062","Fraction component detection task","1000","572428","1014","yes","1280"
"98.6206896552","98.6206896552","564.406896552","564.406896552","#808080","no","legacy","legacy","legacy","0","uniform","1","undefined","undefined","undefined","1","a","4","4","0","1014","0","0","1014","1014","0","0","0","1014","1014","4","1014","Fri Apr 27 13:03:26 2018","#000000","high","4","The main experiment item","yes","","experiment.osexp","/Users/tom/github/sft-fraction/procedure","no","mono","no","24","no","white","no","yes","800","legacy","150","150","4","/Users/tom/github/sft-fraction/results/data/subject-5a.csv","legacy","#000000","high","3","Jazzy James","3.1.9","0","a","NA","space","space","space","a","return","445","NA","148901","11392","7534","445","40236","2","legacy","1024","2","48000","-16","experiment","5","odd","absent","1308521","1308521","NA","1466432","1312","169234","1483163","1483684","1371","150289","161699","1483684","1484143","1268214","1483146","Fraction component detection task","1001","572873","1015","yes","1280"
"98.6220472441","98.6220472441","564.337598425","564.337598425","#808080","no","legacy","legacy","legacy","0","uniform","1","undefined","undefined","undefined","1","l","4","4","0","1015","0","0","1015","1015","0","0","0","1015","1015","4","1015","Fri Apr 27 13:03:26 2018","#000000","high","4","The main experiment item","yes","","experiment.osexp","/Users/tom/github/sft-fraction/procedure","no","mono","no","24","no","white","no","yes","800","legacy","151","151","4","/Users/tom/github/sft-fraction/results/data/subject-5a.csv","legacy","#757575","low","6","Jazzy James","3.1.9","0","l","NA","space","space","space","l","return","494","NA","148901","11392","7534","494","40236","2","legacy","1024","2","48000","-16","experiment","5","odd","present","1308521","1308521","NA","1466432","1312","169234","1484230","1484747","1371","150289","161699","1484747","1485255","1268214","1484208","Fraction component detection task","1002","573367","1016","yes","1280"
"98.6234021632","98.6234021632","564.248770895","564.248770895","#808080","no","legacy","legacy","legacy","0","uniform","1","undefined","undefined","undefined","1","l","4","4","0","1016","0","0","1016","1016","0","0","0","1016","1016","4","1016","Fri Apr 27 13:03:26 2018","#000000","high","6","The main experiment item","yes","","experiment.osexp","/Users/tom/github/sft-fraction/procedure","no","mono","no","24","no","white","no","yes","800","legacy","152","152","4","/Users/tom/github/sft-fraction/results/data/subject-5a.csv","legacy","#757575","low","8","Jazzy James","3.1.9","0","l","NA","space","space","space","l","return","474","NA","148901","11392","7534","474","40236","2","legacy","1024","2","48000","-16","experiment","5","odd","present","1308521","1308521","NA","1466432","1312","169234","1485343","1485864","1371","150289","161699","1485864","1486352","1268214","1485326","Fraction component detection task","1003","573841","1017","yes","1280"
"98.6247544204","98.6247544204","564.195481336","564.195481336","#808080","no","legacy","legacy","legacy","0","uniform","1","undefined","undefined","undefined","1","l","4","4","0","1017","0","0","1017","1017","0","0","0","1017","1017","4","1017","Fri Apr 27 13:03:26 2018","#757575","low","6","The main experiment item","yes","","experiment.osexp","/Users/tom/github/sft-fraction/procedure","no","mono","no","24","no","white","no","yes","800","legacy","153","153","4","/Users/tom/github/sft-fraction/results/data/subject-5a.csv","legacy","#000000","high","3","Jazzy James","3.1.9","0","l","NA","space","space","space","l","return","510","NA","148901","11392","7534","510","40236","2","legacy","1024","2","48000","-16","experiment","5","odd","present","1308521","1308521","NA","1466432","1312","169234","1486439","1486956","1371","150289","161699","1486956","1487485","1268214","1486418","Fraction component detection task","1004","574351","1018","yes","1280"
"98.6261040236","98.6261040236","564.084396467","564.084396467","#808080","no","legacy","legacy","legacy","0","uniform","1","undefined","undefined","undefined","1","l","4","4","0","1018","0","0","1018","1018","0","0","0","1018","1018","4","1018","Fri Apr 27 13:03:26 2018","#757575","low","6","The main experiment item","yes","","experiment.osexp","/Users/tom/github/sft-fraction/procedure","no","mono","no","24","no","white","no","yes","800","legacy","154","154","4","/Users/tom/github/sft-fraction/results/data/subject-5a.csv","legacy","#000000","high","6","Jazzy James","3.1.9","0","l","NA","space","space","space","l","return","451","NA","148901","11392","7534","451","40236","2","legacy","1024","2","48000","-16","experiment","5","odd","present","1308521","1308521","NA","1466432","1312","169234","1487570","1488087","1371","150289","161699","1488087","1488552","1268214","1487554","Fraction component detection task","1005","574802","1019","yes","1280"
"98.6274509804","98.6274509804","563.993137255","563.993137255","#808080","no","legacy","legacy","legacy","0","uniform","1","undefined","undefined","undefined","1","l","4","4","0","1019","0","0","1019","1019","0","0","0","1019","1019","4","1019","Fri Apr 27 13:03:26 2018","#757575","low","7","The main experiment item","yes","","experiment.osexp","/Users/tom/github/sft-fraction/procedure","no","mono","no","24","no","white","no","yes","800","legacy","155","155","4","/Users/tom/github/sft-fraction/results/data/subject-5a.csv","legacy","#000000","high","6","Jazzy James","3.1.9","0","l","NA","space","space","space","l","return","471","NA","148901","11392","7534","471","40236","2","legacy","1024","2","48000","-16","experiment","5","odd","present","1308521","1308521","NA","1466432","1312","169234","1488647","1489163","1371","150289","161699","1489163","1489648","1268214","1488627","Fraction component detection task","1006","575273","1020","yes","1280"
"98.6287952987","98.6287952987","563.884427032","563.884427032","#808080","no","legacy","legacy","legacy","0","uniform","1","undefined","undefined","undefined","1","a","4","4","0","1020","0","0","1020","1020","0","0","0","1020","1020","4","1020","Fri Apr 27 13:03:26 2018","#757575","low","3","The main experiment item","yes","","experiment.osexp","/Users/tom/github/sft-fraction/procedure","no","mono","no","24","no","white","no","yes","800","legacy","156","156","4","/Users/tom/github/sft-fraction/results/data/subject-5a.csv","legacy","#757575","low","3","Jazzy James","3.1.9","0","a","NA","space","space","space","a","return","453","NA","148901","11392","7534","453","40236","2","legacy","1024","2","48000","-16","experiment","5","odd","absent","1308521","1308521","NA","1466432","1312","169234","1489737","1490253","1371","150289","161699","1490253","1490720","1268214","1489721","Fraction component detection task","1007","575726","1021","yes","1280"
"98.6301369863","98.6301369863","563.967710372","563.967710372","#808080","no","legacy","legacy","legacy","0","uniform","1","undefined","undefined","undefined","1","l","4","4","0","1021","0","0","1021","1021","0","0","0","1021","1021","4","1021","Fri Apr 27 13:03:26 2018","#000000","high","7","The main experiment item","yes","","experiment.osexp","/Users/tom/github/sft-fraction/procedure","no","mono","no","24","no","white","no","yes","800","legacy","157","157","4","/Users/tom/github/sft-fraction/results/data/subject-5a.csv","legacy","#000000","high","4","Jazzy James","3.1.9","0","l","NA","space","space","space","l","return","649","NA","148901","11392","7534","649","40236","2","legacy","1024","2","48000","-16","experiment","5","odd","present","1308521","1308521","NA","1466432","1312","169234","1490809","1491328","1371","150289","161699","1491329","1491994","1268214","1490793","Fraction component detection task","1008","576375","1022","yes","1280"
"98.6314760508","98.6314760508","563.952101662","563.952101662","#808080","no","legacy","legacy","legacy","0","uniform","1","undefined","undefined","undefined","1","a","4","4","0","1022","0","0","1022","1022","0","0","0","1022","1022","4","1022","Fri Apr 27 13:03:26 2018","#000000","high","4","The main experiment item","yes","","experiment.osexp","/Users/tom/github/sft-fraction/procedure","no","mono","no","24","no","white","no","yes","800","legacy","158","158","4","/Users/tom/github/sft-fraction/results/data/subject-5a.csv","legacy","#757575","low","4","Jazzy James","3.1.9","0","a","NA","space","space","space","a","return","548","NA","148901","11392","7534","548","40236","2","legacy","1024","2","48000","-16","experiment","5","odd","absent","1308521","1308521","NA","1466432","1312","169234","1492080","1492596","1371","150289","161699","1492597","1493160","1268214","1492062","Fraction component detection task","1009","576923","1023","yes","1280"
"98.6328125","98.6328125","564.096679688","564.096679688","#808080","no","legacy","legacy","legacy","0","uniform","1","undefined","undefined","undefined","1","l","4","4","0","1023","0","0","1023","1023","0","0","0","1023","1023","4","1023","Fri Apr 27 13:03:26 2018","#000000","high","7","The main experiment item","yes","","experiment.osexp","/Users/tom/github/sft-fraction/procedure","no","mono","no","24","no","white","no","yes","800","legacy","159","159","4","/Users/tom/github/sft-fraction/results/data/subject-5a.csv","legacy","#000000","high","3","Jazzy James","3.1.9","0","l","NA","space","space","space","l","return","712","NA","148901","11392","7534","712","40236","2","legacy","1024","2","48000","-16","experiment","5","odd","present","1308521","1308521","NA","1466432","1312","169234","1493246","1493763","1371","150289","161699","1493763","1494488","1268214","1493229","Fraction component detection task","1010","577635","1024","yes","1280"
"98.6341463415","98.6341463415","564.03804878","564.03804878","#808080","no","legacy","legacy","legacy","0","uniform","1","undefined","undefined","undefined","1","a","4","4","0","1024","0","0","1024","1024","0","0","0","1024","1024","4","1024","Fri Apr 27 13:03:26 2018","#000000","high","3","The main experiment item","yes","","experiment.osexp","/Users/tom/github/sft-fraction/procedure","no","mono","no","24","no","white","no","yes","800","legacy","160","160","4","/Users/tom/github/sft-fraction/results/data/subject-5a.csv","legacy","#000000","high","2","Jazzy James","3.1.9","0","a","NA","space","space","space","a","return","504","NA","148901","11392","7534","504","40236","2","legacy","1024","2","48000","-16","experiment","5","odd","absent","1308521","1308521","NA","1466432","1312","169234","1494575","1495091","1371","150289","161699","1495091","1495610","1268214","1494557","Fraction component detection task","1011","578139","1025","yes","1280"
"98.6354775828","98.6354775828","563.977582846","563.977582846","#808080","no","legacy","legacy","legacy","0","uniform","1","undefined","undefined","undefined","1","l","4","4","0","1025","0","0","1025","1025","0","0","0","1025","1025","4","1025","Fri Apr 27 13:03:26 2018","#757575","low","7","The main experiment item","yes","","experiment.osexp","/Users/tom/github/sft-fraction/procedure","no","mono","no","24","no","white","no","yes","800","legacy","161","161","4","/Users/tom/github/sft-fraction/results/data/subject-5a.csv","legacy","#757575","low","6","Jazzy James","3.1.9","0","l","NA","space","space","space","l","return","502","NA","148901","11392","7534","502","40236","2","legacy","1024","2","48000","-16","experiment","5","odd","present","1308521","1308521","NA","1466432","1312","169234","1495701","1496221","1371","150289","161699","1496221","1496737","1268214","1495685","Fraction component detection task","1012","578641","1026","yes","1280"
"98.6368062317","98.6368062317","563.94352483","563.94352483","#808080","no","legacy","legacy","legacy","0","uniform","1","undefined","undefined","undefined","1","l","4","4","0","1026","0","0","1026","1026","0","0","0","1026","1026","4","1026","Fri Apr 27 13:03:26 2018","#757575","low","6","The main experiment item","yes","","experiment.osexp","/Users/tom/github/sft-fraction/procedure","no","mono","no","24","no","white","no","yes","800","legacy","162","162","4","/Users/tom/github/sft-fraction/results/data/subject-5a.csv","legacy","#757575","low","6","Jazzy James","3.1.9","0","l","NA","space","space","space","l","return","529","NA","148901","11392","7534","529","40236","2","legacy","1024","2","48000","-16","experiment","5","odd","present","1308521","1308521","NA","1466432","1312","169234","1496821","1497338","1371","150289","161699","1497338","1497881","1268214","1496805","Fraction component detection task","1013","579170","1027","yes","1280"
"98.6381322957","98.6381322957","563.910505837","563.910505837","#808080","no","legacy","legacy","legacy","0","uniform","1","undefined","undefined","undefined","1","a","4","4","0","1027","0","0","1027","1027","0","0","0","1027","1027","4","1027","Fri Apr 27 13:03:26 2018","#757575","low","4","The main experiment item","yes","","experiment.osexp","/Users/tom/github/sft-fraction/procedure","no","mono","no","24","no","white","no","yes","800","legacy","163","163","4","/Users/tom/github/sft-fraction/results/data/subject-5a.csv","legacy","#000000","high","3","Jazzy James","3.1.9","0","a","NA","space","space","space","a","return","530","NA","148901","11392","7534","530","40236","2","legacy","1024","2","48000","-16","experiment","5","odd","absent","1308521","1308521","NA","1466432","1312","169234","1497970","1498488","1371","150289","161699","1498488","1499032","1268214","1497950","Fraction component detection task","1014","579700","1028","yes","1280"
"98.6394557823","98.6394557823","563.884353741","563.884353741","#808080","no","legacy","legacy","legacy","0","uniform","1","undefined","undefined","undefined","1","a","4","4","0","1028","0","0","1028","1028","0","0","0","1028","1028","4","1028","Fri Apr 27 13:03:26 2018","#000000","high","3","The main experiment item","yes","","experiment.osexp","/Users/tom/github/sft-fraction/procedure","no","mono","no","24","no","white","no","yes","800","legacy","164","164","4","/Users/tom/github/sft-fraction/results/data/subject-5a.csv","legacy","#757575","low","2","Jazzy James","3.1.9","0","a","NA","space","space","space","a","return","537","NA","148901","11392","7534","537","40236","2","legacy","1024","2","48000","-16","experiment","5","odd","absent","1308521","1308521","NA","1466432","1312","169234","1499112","1499632","1371","150289","161699","1499633","1500189","1268214","1499097","Fraction component detection task","1015","580237","1029","yes","1280"
"98.640776699","98.640776699","564.019417476","564.019417476","#808080","no","legacy","legacy","legacy","0","uniform","1","undefined","undefined","undefined","1","l","4","4","0","1029","0","0","1029","1029","0","0","0","1029","1029","4","1029","Fri Apr 27 13:03:26 2018","#757575","low","7","The main experiment item","yes","","experiment.osexp","/Users/tom/github/sft-fraction/procedure","no","mono","no","24","no","white","no","yes","800","legacy","165","165","4","/Users/tom/github/sft-fraction/results/data/subject-5a.csv","legacy","#757575","low","2","Jazzy James","3.1.9","0","l","NA","space","space","space","l","return","703","NA","148901","11392","7534","703","40236","2","legacy","1024","2","48000","-16","experiment","5","odd","present","1308521","1308521","NA","1466432","1312","169234","1500276","1500796","1371","150289","161699","1500796","1501513","1268214","1500258","Fraction component detection task","1016","580940","1030","yes","1280"
"98.6420950533","98.6420950533","564.041707081","564.041707081","#808080","no","legacy","legacy","legacy","0","uniform","1","undefined","undefined","undefined","1","a","4","4","0","1030","0","0","1030","1030","0","0","0","1030","1030","4","1030","Fri Apr 27 13:03:26 2018","#757575","low","4","The main experiment item","yes","","experiment.osexp","/Users/tom/github/sft-fraction/procedure","no","mono","no","24","no","white","no","yes","800","legacy","166","166","4","/Users/tom/github/sft-fraction/results/data/subject-5a.csv","legacy","#757575","low","2","Jazzy James","3.1.9","0","a","NA","space","space","space","a","return","587","NA","148901","11392","7534","587","40236","2","legacy","1024","2","48000","-16","experiment","5","odd","absent","1308521","1308521","NA","1466432","1312","169234","1501600","1502119","1371","150289","161699","1502120","1502721","1268214","1501584","Fraction component detection task","1017","581527","1031","yes","1280"
"98.6434108527","98.6434108527","564.055232558","564.055232558","#808080","no","legacy","legacy","legacy","0","uniform","1","undefined","undefined","undefined","1","a","4","4","0","1031","0","0","1031","1031","0","0","0","1031","1031","4","1031","Fri Apr 27 13:03:26 2018","#000000","high","4","The main experiment item","yes","","experiment.osexp","/Users/tom/github/sft-fraction/procedure","no","mono","no","24","no","white","no","yes","800","legacy","167","167","4","/Users/tom/github/sft-fraction/results/data/subject-5a.csv","legacy","#000000","high","2","Jazzy James","3.1.9","0","a","NA","space","space","space","a","return","578","NA","148901","11392","7534","578","40236","2","legacy","1024","2","48000","-16","experiment","5","odd","absent","1308521","1308521","NA","1466432","1312","169234","1502801","1503321","1371","150289","161699","1503321","1503914","1268214","1502786","Fraction component detection task","1018","582105","1032","yes","1280"
"98.6447241045","98.6447241045","564.012584705","564.012584705","#808080","no","legacy","legacy","legacy","0","uniform","1","undefined","undefined","undefined","1","a","4","4","0","1032","0","0","1032","1032","0","0","0","1032","1032","4","1032","Fri Apr 27 13:03:26 2018","#757575","low","4","The main experiment item","yes","","experiment.osexp","/Users/tom/github/sft-fraction/procedure","no","mono","no","24","no","white","no","yes","800","legacy","168","168","4","/Users/tom/github/sft-fraction/results/data/subject-5a.csv","legacy","#000000","high","2","Jazzy James","3.1.9","0","a","NA","space","space","space","a","return","520","NA","148901","11392","7534","520","40236","2","legacy","1024","2","48000","-16","experiment","5","odd","absent","1308521","1308521","NA","1466432","1312","169234","1504003","1504522","1371","150289","161699","1504522","1505056","1268214","1503985","Fraction component detection task","1019","582625","1033","yes","1280"
"98.6460348162","98.6460348162","564.016441006","564.016441006","#808080","no","legacy","legacy","legacy","0","uniform","1","undefined","undefined","undefined","1","a","4","4","0","1033","0","0","1033","1033","0","0","0","1033","1033","4","1033","Fri Apr 27 13:03:26 2018","#000000","high","4","The main experiment item","yes","","experiment.osexp","/Users/tom/github/sft-fraction/procedure","no","mono","no","24","no","white","no","yes","800","legacy","169","169","4","/Users/tom/github/sft-fraction/results/data/subject-5a.csv","legacy","#757575","low","2","Jazzy James","3.1.9","0","a","NA","space","space","space","a","return","568","NA","148901","11392","7534","568","40236","2","legacy","1024","2","48000","-16","experiment","5","odd","absent","1308521","1308521","NA","1466432","1312","169234","1505141","1505658","1371","150289","161699","1505658","1506241","1268214","1505125","Fraction component detection task","1020","583193","1034","yes","1280"
"98.6473429952","98.6473429952","563.942028986","563.942028986","#808080","no","legacy","legacy","legacy","0","uniform","1","undefined","undefined","undefined","1","a","4","4","0","1034","0","0","1034","1034","0","0","0","1034","1034","4","1034","Fri Apr 27 13:03:26 2018","#000000","high","4","The main experiment item","yes","","experiment.osexp","/Users/tom/github/sft-fraction/procedure","no","mono","no","24","no","white","no","yes","800","legacy","170","170","4","/Users/tom/github/sft-fraction/results/data/subject-5a.csv","legacy","#000000","high","4","Jazzy James","3.1.9","0","a","NA","space","space","space","a","return","487","NA","148901","11392","7534","487","40236","2","legacy","1024","2","48000","-16","experiment","5","odd","absent","1308521","1308521","NA","1466432","1312","169234","1506327","1506844","1371","150289","161699","1506844","1507346","1268214","1506311","Fraction component detection task","1021","583680","1035","yes","1280"
"98.6486486486","98.6486486486","564.031853282","564.031853282","#808080","no","legacy","legacy","legacy","0","uniform","1","undefined","undefined","undefined","1","a","4","4","0","1035","0","0","1035","1035","0","0","0","1035","1035","4","1035","Fri Apr 27 13:03:26 2018","#000000","high","2","The main experiment item","yes","","experiment.osexp","/Users/tom/github/sft-fraction/procedure","no","mono","no","24","no","white","no","yes","800","legacy","171","171","4","/Users/tom/github/sft-fraction/results/data/subject-5a.csv","legacy","#000000","high","3","Jazzy James","3.1.9","0","a","NA","space","space","space","a","return","657","NA","148901","11392","7534","657","40236","2","legacy","1024","2","48000","-16","experiment","5","odd","absent","1308521","1308521","NA","1466432","1312","169234","1507429","1507946","1371","150289","161699","1507946","1508621","1268214","1507414","Fraction component detection task","1022","584337","1036","yes","1280"
"98.649951784","98.649951784","563.971070395","563.971070395","#808080","no","legacy","legacy","legacy","0","uniform","1","undefined","undefined","undefined","1","l","4","4","0","1036","0","0","1036","1036","0","0","0","1036","1036","4","1036","Fri Apr 27 13:03:26 2018","#000000","high","4","The main experiment item","yes","","experiment.osexp","/Users/tom/github/sft-fraction/procedure","no","mono","no","24","no","white","no","yes","800","legacy","172","172","4","/Users/tom/github/sft-fraction/results/data/subject-5a.csv","legacy","#757575","low","8","Jazzy James","3.1.9","0","l","NA","space","space","space","l","return","501","NA","148901","11392","7534","501","40236","2","legacy","1024","2","48000","-16","experiment","5","odd","present","1308521","1308521","NA","1466432","1312","169234","1508714","1509230","1371","150289","161699","1509230","1509749","1268214","1508692","Fraction component detection task","1023","584838","1037","yes","1280"
"98.6512524085","98.6512524085","563.954720617","563.954720617","#808080","no","legacy","legacy","legacy","0","uniform","1","undefined","undefined","undefined","1","l","4","4","0","1037","0","0","1037","1037","0","0","0","1037","1037","4","1037","Fri Apr 27 13:03:26 2018","#000000","high","7","The main experiment item","yes","","experiment.osexp","/Users/tom/github/sft-fraction/procedure","no","mono","no","24","no","white","no","yes","800","legacy","173","173","4","/Users/tom/github/sft-fraction/results/data/subject-5a.csv","legacy","#000000","high","2","Jazzy James","3.1.9","0","l","NA","space","space","space","l","return","547","NA","148901","11392","7534","547","40236","2","legacy","1024","2","48000","-16","experiment","5","odd","present","1308521","1308521","NA","1466432","1312","169234","1509836","1510352","1371","150289","161699","1510352","1510919","1268214","1509821","Fraction component detection task","1024","585385","1038","yes","1280"
"98.6525505294","98.6525505294","563.821944177","563.821944177","#808080","no","legacy","legacy","legacy","0","uniform","1","undefined","undefined","undefined","1","a","4","4","0","1038","0","0","1038","1038","0","0","0","1038","1038","4","1038","Fri Apr 27 13:03:26 2018","#757575","low","3","The main experiment item","yes","","experiment.osexp","/Users/tom/github/sft-fraction/procedure","no","mono","no","24","no","white","no","yes","800","legacy","174","174","4","/Users/tom/github/sft-fraction/results/data/subject-5a.csv","legacy","#757575","low","2","Jazzy James","3.1.9","0","a","NA","space","space","space","a","return","426","NA","148901","11392","7534","426","40236","2","legacy","1024","2","48000","-16","experiment","5","odd","absent","1308521","1308521","NA","1466432","1312","169234","1511004","1511521","1371","150289","161699","1511521","1511961","1268214","1510985","Fraction component detection task","1025","585811","1039","yes","1280"
"98.6538461538","98.6538461538","563.742307692","563.742307692","#808080","no","legacy","legacy","legacy","0","uniform","1","undefined","undefined","undefined","1","a","4","4","0","1039","0","0","1039","1039","0","0","0","1039","1039","4","1039","Fri Apr 27 13:03:26 2018","#757575","low","3","The main experiment item","yes","","experiment.osexp","/Users/tom/github/sft-fraction/procedure","no","mono","no","24","no","white","no","yes","800","legacy","175","175","4","/Users/tom/github/sft-fraction/results/data/subject-5a.csv","legacy","#000000","high","2","Jazzy James","3.1.9","0","a","NA","space","space","space","a","return","481","NA","148901","11392","7534","481","40236","2","legacy","1024","2","48000","-16","experiment","5","odd","absent","1308521","1308521","NA","1466432","1312","169234","1512044","1512561","1371","150289","161699","1512561","1513056","1268214","1512028","Fraction component detection task","1026","586292","1040","yes","1280"
"98.6551392891","98.6551392891","563.841498559","563.841498559","#808080","no","legacy","legacy","legacy","0","uniform","1","undefined","undefined","undefined","1","l","4","4","0","1040","0","0","1040","1040","0","0","0","1040","1040","4","1040","Fri Apr 27 13:03:26 2018","#757575","low","8","The main experiment item","yes","","experiment.osexp","/Users/tom/github/sft-fraction/procedure","no","mono","no","24","no","white","no","yes","800","legacy","176","176","4","/Users/tom/github/sft-fraction/results/data/subject-5a.csv","legacy","#000000","high","3","Jazzy James","3.1.9","0","l","NA","space","space","space","l","return","667","NA","148901","11392","7534","667","40236","2","legacy","1024","2","48000","-16","experiment","5","odd","present","1308521","1308521","NA","1466432","1312","169234","1513146","1513664","1371","150289","161699","1513664","1514346","1268214","1513127","Fraction component detection task","1027","586959","1041","yes","1280"
"98.6564299424","98.6564299424","563.756238004","563.756238004","#808080","no","legacy","legacy","legacy","0","uniform","1","undefined","undefined","undefined","1","l","4","4","0","1041","0","0","1041","1041","0","0","0","1041","1041","4","1041","Fri Apr 27 13:03:26 2018","#757575","low","3","The main experiment item","yes","","experiment.osexp","/Users/tom/github/sft-fraction/procedure","no","mono","no","24","no","white","no","yes","800","legacy","177","177","4","/Users/tom/github/sft-fraction/results/data/subject-5a.csv","legacy","#757575","low","8","Jazzy James","3.1.9","0","l","NA","space","space","space","l","return","475","NA","148901","11392","7534","475","40236","2","legacy","1024","2","48000","-16","experiment","5","odd","present","1308521","1308521","NA","1466432","1312","169234","1514433","1514951","1371","150289","161699","1514952","1515442","1268214","1514416","Fraction component detection task","1028","587434","1042","yes","1280"
"98.6577181208","98.6577181208","563.651006711","563.651006711","#808080","no","legacy","legacy","legacy","0","uniform","1","undefined","undefined","undefined","1","a","4","4","0","1042","0","0","1042","1042","0","0","0","1042","1042","4","1042","Fri Apr 27 13:03:26 2018","#000000","high","3","The main experiment item","yes","","experiment.osexp","/Users/tom/github/sft-fraction/procedure","no","mono","no","24","no","white","no","yes","800","legacy","178","178","4","/Users/tom/github/sft-fraction/results/data/subject-5a.csv","legacy","#000000","high","4","Jazzy James","3.1.9","0","a","NA","space","space","space","a","return","454","NA","148901","11392","7534","454","40236","2","legacy","1024","2","48000","-16","experiment","5","odd","absent","1308521","1308521","NA","1466432","1312","169234","1515528","1516046","1371","150289","161699","1516046","1516514","1268214","1515507","Fraction component detection task","1029","587888","1043","yes","1280"
"98.6590038314","98.6590038314","563.633141762","563.633141762","#808080","no","legacy","legacy","legacy","0","uniform","1","undefined","undefined","undefined","1","l","4","4","0","1043","0","0","1043","1043","0","0","0","1043","1043","4","1043","Fri Apr 27 13:03:26 2018","#000000","high","7","The main experiment item","yes","","experiment.osexp","/Users/tom/github/sft-fraction/procedure","no","mono","no","24","no","white","no","yes","800","legacy","179","179","4","/Users/tom/github/sft-fraction/results/data/subject-5a.csv","legacy","#757575","low","8","Jazzy James","3.1.9","0","l","NA","space","space","space","l","return","545","NA","148901","11392","7534","545","40236","2","legacy","1024","2","48000","-16","experiment","5","odd","present","1308521","1308521","NA","1466432","1312","169234","1516598","1517114","1371","150289","161699","1517115","1517674","1268214","1516580","Fraction component detection task","1030","588433","1044","yes","1280"
"98.6602870813","98.6602870813","563.603827751","563.603827751","#808080","no","legacy","legacy","legacy","0","uniform","1","undefined","undefined","undefined","1","a","4","4","0","1044","0","0","1044","1044","0","0","0","1044","1044","4","1044","Fri Apr 27 13:03:26 2018","#000000","high","3","The main experiment item","yes","","experiment.osexp","/Users/tom/github/sft-fraction/procedure","no","mono","no","24","no","white","no","yes","800","legacy","180","180","4","/Users/tom/github/sft-fraction/results/data/subject-5a.csv","legacy","#757575","low","2","Jazzy James","3.1.9","0","a","NA","space","space","space","a","return","533","NA","148901","11392","7534","533","40236","2","legacy","1024","2","48000","-16","experiment","5","odd","absent","1308521","1308521","NA","1466432","1312","169234","1517763","1518287","1371","150289","161699","1518287","1518835","1268214","1517742","Fraction component detection task","1031","588966","1045","yes","1280"
"98.6615678776","98.6615678776","563.499043977","563.499043977","#808080","no","legacy","legacy","legacy","0","uniform","1","undefined","undefined","undefined","1","l","4","4","0","1045","0","0","1045","1045","0","0","0","1045","1045","4","1045","Fri Apr 27 13:03:26 2018","#757575","low","8","The main experiment item","yes","","experiment.osexp","/Users/tom/github/sft-fraction/procedure","no","mono","no","24","no","white","no","yes","800","legacy","181","181","4","/Users/tom/github/sft-fraction/results/data/subject-5a.csv","legacy","#000000","high","8","Jazzy James","3.1.9","0","l","NA","space","space","space","l","return","454","NA","148901","11392","7534","454","40236","2","legacy","1024","2","48000","-16","experiment","5","odd","present","1308521","1308521","NA","1466432","1312","169234","1518921","1519438","1371","150289","161699","1519438","1519906","1268214","1518905","Fraction component detection task","1032","589420","1046","yes","1280"
"98.6628462273","98.6628462273","563.488061127","563.488061127","#808080","no","legacy","legacy","legacy","0","uniform","1","undefined","undefined","undefined","1","a","4","4","0","1046","0","0","1046","1046","0","0","0","1046","1046","4","1046","Fri Apr 27 13:03:26 2018","#757575","low","2","The main experiment item","yes","","experiment.osexp","/Users/tom/github/sft-fraction/procedure","no","mono","no","24","no","white","no","yes","800","legacy","182","182","4","/Users/tom/github/sft-fraction/results/data/subject-5a.csv","legacy","#757575","low","4","Jazzy James","3.1.9","0","a","NA","space","space","space","a","return","552","NA","148901","11392","7534","552","40236","2","legacy","1024","2","48000","-16","experiment","5","odd","absent","1308521","1308521","NA","1466432","1312","169234","1519995","1520515","1371","150289","161699","1520515","1521081","1268214","1519979","Fraction component detection task","1033","589972","1047","yes","1280"
"98.6641221374","98.6641221374","563.349236641","563.349236641","#808080","no","legacy","legacy","legacy","0","uniform","1","undefined","undefined","undefined","1","a","4","4","0","1047","0","0","1047","1047","0","0","0","1047","1047","4","1047","Fri Apr 27 13:03:26 2018","#757575","low","4","The main experiment item","yes","","experiment.osexp","/Users/tom/github/sft-fraction/procedure","no","mono","no","24","no","white","no","yes","800","legacy","183","183","4","/Users/tom/github/sft-fraction/results/data/subject-5a.csv","legacy","#757575","low","3","Jazzy James","3.1.9","0","a","NA","space","space","space","a","return","418","NA","148901","11392","7534","418","40236","2","legacy","1024","2","48000","-16","experiment","5","odd","absent","1308521","1308521","NA","1466432","1312","169234","1521172","1521689","1371","150289","161699","1521689","1522123","1268214","1521151","Fraction component detection task","1034","590390","1048","yes","1280"
"98.6653956149","98.6653956149","563.271687321","563.271687321","#808080","no","legacy","legacy","legacy","0","uniform","1","undefined","undefined","undefined","1","l","4","4","0","1048","0","0","1048","1048","0","0","0","1048","1048","4","1048","Fri Apr 27 13:03:26 2018","#000000","high","8","The main experiment item","yes","","experiment.osexp","/Users/tom/github/sft-fraction/procedure","no","mono","no","24","no","white","no","yes","800","legacy","184","184","4","/Users/tom/github/sft-fraction/results/data/subject-5a.csv","legacy","#000000","high","8","Jazzy James","3.1.9","0","l","NA","space","space","space","l","return","482","NA","148901","11392","7534","482","40236","2","legacy","1024","2","48000","-16","experiment","5","odd","present","1308521","1308521","NA","1466432","1312","169234","1522211","1522729","1371","150289","161699","1522729","1523228","1268214","1522190","Fraction component detection task","1035","590872","1049","yes","1280"
"98.6666666667","98.6666666667","563.254285714","563.254285714","#808080","no","legacy","legacy","legacy","0","uniform","1","undefined","undefined","undefined","1","a","4","4","0","1049","0","0","1049","1049","0","0","0","1049","1049","4","1049","Fri Apr 27 13:03:26 2018","#757575","low","2","The main experiment item","yes","","experiment.osexp","/Users/tom/github/sft-fraction/procedure","no","mono","no","24","no","white","no","yes","800","legacy","185","185","4","/Users/tom/github/sft-fraction/results/data/subject-5a.csv","legacy","#000000","high","2","Jazzy James","3.1.9","0","a","NA","space","space","space","a","return","545","NA","148901","11392","7534","545","40236","2","legacy","1024","2","48000","-16","experiment","5","odd","absent","1308521","1308521","NA","1466432","1312","169234","1523310","1523827","1371","150289","161699","1523827","1524386","1268214","1523293","Fraction component detection task","1036","591417","1050","yes","1280"
"98.6679352997","98.6679352997","563.221693625","563.221693625","#808080","no","legacy","legacy","legacy","0","uniform","1","undefined","undefined","undefined","1","l","4","4","0","1050","0","0","1050","1050","0","0","0","1050","1050","4","1050","Fri Apr 27 13:03:26 2018","#757575","low","3","The main experiment item","yes","","experiment.osexp","/Users/tom/github/sft-fraction/procedure","no","mono","no","24","no","white","no","yes","800","legacy","186","186","4","/Users/tom/github/sft-fraction/results/data/subject-5a.csv","legacy","#000000","high","7","Jazzy James","3.1.9","0","l","NA","space","space","space","l","return","529","NA","148901","11392","7534","529","40236","2","legacy","1024","2","48000","-16","experiment","5","odd","present","1308521","1308521","NA","1466432","1312","169234","1524470","1524986","1371","150289","161699","1524987","1525530","1268214","1524451","Fraction component detection task","1037","591946","1051","yes","1280"
"98.6692015209","98.6692015209","563.175855513","563.175855513","#808080","no","legacy","legacy","legacy","0","uniform","1","undefined","undefined","undefined","1","a","4","4","0","1051","0","0","1051","1051","0","0","0","1051","1051","4","1051","Fri Apr 27 13:03:26 2018","#000000","high","3","The main experiment item","yes","","experiment.osexp","/Users/tom/github/sft-fraction/procedure","no","mono","no","24","no","white","no","yes","800","legacy","187","187","4","/Users/tom/github/sft-fraction/results/data/subject-5a.csv","legacy","#757575","low","4","Jazzy James","3.1.9","0","a","NA","space","space","space","a","return","515","NA","148901","11392","7534","515","40236","2","legacy","1024","2","48000","-16","experiment","5","odd","absent","1308521","1308521","NA","1466432","1312","169234","1525617","1526137","1371","150289","161699","1526137","1526666","1268214","1525600","Fraction component detection task","1038","592461","1052","yes","1280"
"98.6704653371","98.6704653371","563.084520418","563.084520418","#808080","no","legacy","legacy","legacy","0","uniform","1","undefined","undefined","undefined","1","a","4","4","0","1052","0","0","1052","1052","0","0","0","1052","1052","4","1052","Fri Apr 27 13:03:26 2018","#000000","high","2","The main experiment item","yes","","experiment.osexp","/Users/tom/github/sft-fraction/procedure","no","mono","no","24","no","white","no","yes","800","legacy","188","188","4","/Users/tom/github/sft-fraction/results/data/subject-5a.csv","legacy","#757575","low","4","Jazzy James","3.1.9","0","a","NA","space","space","space","a","return","467","NA","148901","11392","7534","467","40236","2","legacy","1024","2","48000","-16","experiment","5","odd","absent","1308521","1308521","NA","1466432","1312","169234","1526757","1527273","1371","150289","161699","1527273","1527759","1268214","1526736","Fraction component detection task","1039","592928","1053","yes","1280"
"98.6717267552","98.6717267552","563.041745731","563.041745731","#808080","no","legacy","legacy","legacy","0","uniform","1","undefined","undefined","undefined","1","a","4","4","0","1053","0","0","1053","1053","0","0","0","1053","1053","4","1053","Fri Apr 27 13:03:26 2018","#757575","low","3","The main experiment item","yes","","experiment.osexp","/Users/tom/github/sft-fraction/procedure","no","mono","no","24","no","white","no","yes","800","legacy","189","189","4","/Users/tom/github/sft-fraction/results/data/subject-5a.csv","legacy","#000000","high","3","Jazzy James","3.1.9","0","a","NA","space","space","space","a","return","518","NA","148901","11392","7534","518","40236","2","legacy","1024","2","48000","-16","experiment","5","odd","absent","1308521","1308521","NA","1466432","1312","169234","1527841","1528358","1371","150289","161699","1528358","1528894","1268214","1527826","Fraction component detection task","1040","593446","1054","yes","1280"
"98.672985782","98.672985782","563.048341232","563.048341232","#808080","no","legacy","legacy","legacy","0","uniform","1","undefined","undefined","undefined","1","a","4","4","0","1054","0","0","1054","1054","0","0","0","1054","1054","4","1054","Fri Apr 27 13:03:26 2018","#757575","low","4","The main experiment item","yes","","experiment.osexp","/Users/tom/github/sft-fraction/procedure","no","mono","no","24","no","white","no","yes","800","legacy","190","190","4","/Users/tom/github/sft-fraction/results/data/subject-5a.csv","legacy","#000000","high","2","Jazzy James","3.1.9","0","a","NA","space","space","space","a","return","570","NA","148901","11392","7534","570","40236","2","legacy","1024","2","48000","-16","experiment","5","odd","absent","1308521","1308521","NA","1466432","1312","169234","1528978","1529497","1371","150289","161699","1529497","1530082","1268214","1528960","Fraction component detection task","1041","594016","1055","yes","1280"
"98.6742424242","98.6742424242","562.973484848","562.973484848","#808080","no","legacy","legacy","legacy","0","uniform","1","undefined","undefined","undefined","1","a","4","4","0","1055","0","0","1055","1055","0","0","0","1055","1055","4","1055","Fri Apr 27 13:03:26 2018","#000000","high","4","The main experiment item","yes","","experiment.osexp","/Users/tom/github/sft-fraction/procedure","no","mono","no","24","no","white","no","yes","800","legacy","191","191","4","/Users/tom/github/sft-fraction/results/data/subject-5a.csv","legacy","#000000","high","3","Jazzy James","3.1.9","0","a","NA","space","space","space","a","return","484","NA","148901","11392","7534","484","40236","2","legacy","1024","2","48000","-16","experiment","5","odd","absent","1308521","1308521","NA","1466432","1312","169234","1530167","1530686","1371","150289","161699","1530687","1531186","1268214","1530150","Fraction component detection task","1042","594500","1056","yes","1280"
"98.6754966887","98.6754966887","563.021759697","563.021759697","#808080","no","legacy","legacy","legacy","0","uniform","1","undefined","undefined","undefined","1","l","4","4","0","1056","0","0","1056","1056","0","0","0","1056","1056","4","1056","Fri Apr 27 13:03:26 2018","#757575","low","6","The main experiment item","yes","","experiment.osexp","/Users/tom/github/sft-fraction/procedure","no","mono","no","24","no","white","no","yes","800","legacy","192","192","4","/Users/tom/github/sft-fraction/results/data/subject-5a.csv","legacy","#757575","low","4","Jazzy James","3.1.9","0","l","NA","space","space","space","l","return","614","NA","148901","11392","7534","614","40236","2","legacy","1024","2","48000","-16","experiment","5","odd","present","1308521","1308521","NA","1466432","1312","169234","1531273","1531790","1371","150289","161699","1531790","1532419","1268214","1531257","Fraction component detection task","1043","595114","1057","yes","1280"
"98.6767485822","98.6767485822","563.028355388","563.028355388","#808080","no","legacy","legacy","legacy","0","uniform","1","undefined","undefined","undefined","1","a","4","4","0","1057","0","0","1057","1057","0","0","0","1057","1057","4","1057","Fri Apr 27 13:03:26 2018","#000000","high","3","The main experiment item","yes","","experiment.osexp","/Users/tom/github/sft-fraction/procedure","no","mono","no","24","no","white","no","yes","800","legacy","193","193","4","/Users/tom/github/sft-fraction/results/data/subject-5a.csv","legacy","#757575","low","2","Jazzy James","3.1.9","0","a","NA","space","space","space","a","return","570","NA","148901","11392","7534","570","40236","2","legacy","1024","2","48000","-16","experiment","5","odd","absent","1308521","1308521","NA","1466432","1312","169234","1532506","1533025","1371","150289","161699","1533026","1533611","1268214","1532486","Fraction component detection task","1044","595684","1058","yes","1280"
"98.6779981114","98.6779981114","563.004721435","563.004721435","#808080","no","legacy","legacy","legacy","0","uniform","1","undefined","undefined","undefined","1","l","4","4","0","1058","0","0","1058","1058","0","0","0","1058","1058","4","1058","Fri Apr 27 13:03:26 2018","#757575","low","8","The main experiment item","yes","","experiment.osexp","/Users/tom/github/sft-fraction/procedure","no","mono","no","24","no","white","no","yes","800","legacy","194","194","4","/Users/tom/github/sft-fraction/results/data/subject-5a.csv","legacy","#000000","high","6","Jazzy James","3.1.9","0","l","NA","space","space","space","l","return","538","NA","148901","11392","7534","538","40236","2","legacy","1024","2","48000","-16","experiment","5","odd","present","1308521","1308521","NA","1466432","1312","169234","1533699","1534218","1371","150289","161699","1534218","1534774","1268214","1533683","Fraction component detection task","1045","596222","1059","yes","1280"
"98.679245283","98.679245283","562.950943396","562.950943396","#808080","no","legacy","legacy","legacy","0","uniform","1","undefined","undefined","undefined","1","l","4","4","0","1059","0","0","1059","1059","0","0","0","1059","1059","4","1059","Fri Apr 27 13:03:26 2018","#000000","high","3","The main experiment item","yes","","experiment.osexp","/Users/tom/github/sft-fraction/procedure","no","mono","no","24","no","white","no","yes","800","legacy","195","195","4","/Users/tom/github/sft-fraction/results/data/subject-5a.csv","legacy","#000000","high","8","Jazzy James","3.1.9","0","l","NA","space","space","space","l","return","506","NA","148901","11392","7534","506","40236","2","legacy","1024","2","48000","-16","experiment","5","odd","present","1308521","1308521","NA","1466432","1312","169234","1534861","1535378","1371","150289","161699","1535378","1535900","1268214","1534845","Fraction component detection task","1046","596728","1060","yes","1280"
"98.6804901037","98.6804901037","562.952874647","562.952874647","#808080","no","legacy","legacy","legacy","0","uniform","1","undefined","undefined","undefined","1","a","4","4","0","1060","0","0","1060","1060","0","0","0","1060","1060","4","1060","Fri Apr 27 13:03:26 2018","#000000","high","2","The main experiment item","yes","","experiment.osexp","/Users/tom/github/sft-fraction/procedure","no","mono","no","24","no","white","no","yes","800","legacy","196","196","4","/Users/tom/github/sft-fraction/results/data/subject-5a.csv","legacy","#757575","low","2","Jazzy James","3.1.9","0","a","NA","space","space","space","a","return","565","NA","148901","11392","7534","565","40236","2","legacy","1024","2","48000","-16","experiment","5","odd","absent","1308521","1308521","NA","1466432","1312","169234","1535989","1536509","1371","150289","161699","1536510","1537090","1268214","1535970","Fraction component detection task","1047","597293","1061","yes","1280"
"98.68173258","98.68173258","562.870056497","562.870056497","#808080","no","legacy","legacy","legacy","0","uniform","1","undefined","undefined","undefined","1","l","4","4","0","1061","0","0","1061","1061","0","0","0","1061","1061","4","1061","Fri Apr 27 13:03:26 2018","#757575","low","8","The main experiment item","yes","","experiment.osexp","/Users/tom/github/sft-fraction/procedure","no","mono","no","24","no","white","no","yes","800","legacy","197","197","4","/Users/tom/github/sft-fraction/results/data/subject-5a.csv","legacy","#757575","low","8","Jazzy James","3.1.9","0","l","NA","space","space","space","l","return","475","NA","148901","11392","7534","475","40236","2","legacy","1024","2","48000","-16","experiment","5","odd","present","1308521","1308521","NA","1466432","1312","169234","1537172","1537689","1371","150289","161699","1537689","1538185","1268214","1537156","Fraction component detection task","1048","597768","1062","yes","1280"
"98.6829727187","98.6829727187","562.797742239","562.797742239","#808080","no","legacy","legacy","legacy","0","uniform","1","undefined","undefined","undefined","1","a","4","4","0","1062","0","0","1062","1062","0","0","0","1062","1062","4","1062","Fri Apr 27 13:03:26 2018","#000000","high","2","The main experiment item","yes","","experiment.osexp","/Users/tom/github/sft-fraction/procedure","no","mono","no","24","no","white","no","yes","800","legacy","198","198","4","/Users/tom/github/sft-fraction/results/data/subject-5a.csv","legacy","#757575","low","2","Jazzy James","3.1.9","0","a","NA","space","space","space","a","return","486","NA","148901","11392","7534","486","40236","2","legacy","1024","2","48000","-16","experiment","5","odd","absent","1308521","1308521","NA","1466432","1312","169234","1538272","1538790","1371","150289","161699","1538790","1539290","1268214","1538254","Fraction component detection task","1049","598254","1063","yes","1280"
"98.6842105263","98.6842105263","562.693609023","562.693609023","#808080","no","legacy","legacy","legacy","0","uniform","1","undefined","undefined","undefined","1","a","4","4","0","1063","0","0","1063","1063","0","0","0","1063","1063","4","1063","Fri Apr 27 13:03:26 2018","#757575","low","4","The main experiment item","yes","","experiment.osexp","/Users/tom/github/sft-fraction/procedure","no","mono","no","24","no","white","no","yes","800","legacy","199","199","4","/Users/tom/github/sft-fraction/results/data/subject-5a.csv","legacy","#757575","low","3","Jazzy James","3.1.9","0","a","NA","space","space","space","a","return","452","NA","148901","11392","7534","452","40236","2","legacy","1024","2","48000","-16","experiment","5","odd","absent","1308521","1308521","NA","1466432","1312","169234","1539381","1539897","1371","150289","161699","1539897","1540363","1268214","1539360","Fraction component detection task","1050","598706","1064","yes","1280"
"98.6854460094","98.6854460094","562.579342723","562.579342723","#808080","no","legacy","legacy","legacy","0","uniform","1","undefined","undefined","undefined","1","a","4","4","0","1064","0","0","1064","1064","0","0","0","1064","1064","4","1064","Fri Apr 27 13:03:26 2018","#000000","high","2","The main experiment item","yes","","experiment.osexp","/Users/tom/github/sft-fraction/procedure","no","mono","no","24","no","white","no","yes","800","legacy","200","200","4","/Users/tom/github/sft-fraction/results/data/subject-5a.csv","legacy","#757575","low","3","Jazzy James","3.1.9","0","a","NA","space","space","space","a","return","441","NA","148901","11392","7534","441","40236","2","legacy","1024","2","48000","-16","experiment","5","odd","absent","1308521","1308521","NA","1466432","1312","169234","1540448","1540964","1371","150289","161699","1540964","1541419","1268214","1540431","Fraction component detection task","1051","599147","1065","yes","1280"
"98.6866791745","98.6866791745","562.518761726","562.518761726","#808080","no","legacy","legacy","legacy","0","uniform","1","undefined","undefined","undefined","1","a","4","4","0","1065","0","0","1065","1065","0","0","0","1065","1065","4","1065","Fri Apr 27 13:03:26 2018","#757575","low","3","The main experiment item","yes","","experiment.osexp","/Users/tom/github/sft-fraction/procedure","no","mono","no","24","no","white","no","yes","800","legacy","201","201","4","/Users/tom/github/sft-fraction/results/data/subject-5a.csv","legacy","#000000","high","4","Jazzy James","3.1.9","0","a","NA","space","space","space","a","return","498","NA","148901","11392","7534","498","40236","2","legacy","1024","2","48000","-16","experiment","5","odd","absent","1308521","1308521","NA","1466432","1312","169234","1541505","1542027","1371","150289","161699","1542027","1542539","1268214","1541488","Fraction component detection task","1052","599645","1066","yes","1280"
"98.6879100281","98.6879100281","562.488284911","562.488284911","#808080","no","legacy","legacy","legacy","0","uniform","1","undefined","undefined","undefined","1","l","4","4","0","1066","0","0","1066","1066","0","0","0","1066","1066","4","1066","Fri Apr 27 13:03:26 2018","#757575","low","2","The main experiment item","yes","","experiment.osexp","/Users/tom/github/sft-fraction/procedure","no","mono","no","24","no","white","no","yes","800","legacy","202","202","4","/Users/tom/github/sft-fraction/results/data/subject-5a.csv","legacy","#757575","low","8","Jazzy James","3.1.9","0","l","NA","space","space","space","l","return","530","NA","148901","11392","7534","530","40236","2","legacy","1024","2","48000","-16","experiment","5","odd","present","1308521","1308521","NA","1466432","1312","169234","1542630","1543147","1371","150289","161699","1543147","1543691","1268214","1542610","Fraction component detection task","1053","600175","1067","yes","1280"
"98.6891385768","98.6891385768","562.411985019","562.411985019","#808080","no","legacy","legacy","legacy","0","uniform","1","undefined","undefined","undefined","1","a","4","4","0","1067","0","0","1067","1067","0","0","0","1067","1067","4","1067","Fri Apr 27 13:03:26 2018","#757575","low","4","The main experiment item","yes","","experiment.osexp","/Users/tom/github/sft-fraction/procedure","no","mono","no","24","no","white","no","yes","800","legacy","203","203","4","/Users/tom/github/sft-fraction/results/data/subject-5a.csv","legacy","#000000","high","4","Jazzy James","3.1.9","0","a","NA","space","space","space","a","return","481","NA","148901","11392","7534","481","40236","2","legacy","1024","2","48000","-16","experiment","5","odd","absent","1308521","1308521","NA","1466432","1312","169234","1543776","1544292","1371","150289","161699","1544292","1544787","1268214","1543756","Fraction component detection task","1054","600656","1068","yes","1280"
"98.6903648269","98.6903648269","562.347988775","562.347988775","#808080","no","legacy","legacy","legacy","0","uniform","1","undefined","undefined","undefined","1","l","4","4","0","1068","0","0","1068","1068","0","0","0","1068","1068","4","1068","Fri Apr 27 13:03:26 2018","#000000","high","4","The main experiment item","yes","","experiment.osexp","/Users/tom/github/sft-fraction/procedure","no","mono","no","24","no","white","no","yes","800","legacy","204","204","4","/Users/tom/github/sft-fraction/results/data/subject-5a.csv","legacy","#000000","high","7","Jazzy James","3.1.9","0","l","NA","space","space","space","l","return","494","NA","148901","11392","7534","494","40236","2","legacy","1024","2","48000","-16","experiment","5","odd","present","1308521","1308521","NA","1466432","1312","169234","1544873","1545391","1371","150289","161699","1545391","1545899","1268214","1544856","Fraction component detection task","1055","601150","1069","yes","1280"
"98.691588785","98.691588785","562.345794393","562.345794393","#808080","no","legacy","legacy","legacy","0","uniform","1","undefined","undefined","undefined","1","l","4","4","0","1069","0","0","1069","1069","0","0","0","1069","1069","4","1069","Fri Apr 27 13:03:26 2018","#757575","low","8","The main experiment item","yes","","experiment.osexp","/Users/tom/github/sft-fraction/procedure","no","mono","no","24","no","white","no","yes","800","legacy","205","205","4","/Users/tom/github/sft-fraction/results/data/subject-5a.csv","legacy","#757575","low","6","Jazzy James","3.1.9","0","l","NA","space","space","space","l","return","560","NA","148901","11392","7534","560","40236","2","legacy","1024","2","48000","-16","experiment","5","odd","present","1308521","1308521","NA","1466432","1312","169234","1545989","1546507","1371","150289","161699","1546508","1547087","1268214","1545968","Fraction component detection task","1056","601710","1070","yes","1280"
"98.6928104575","98.6928104575","562.390289449","562.390289449","#808080","no","legacy","legacy","legacy","0","uniform","1","undefined","undefined","undefined","1","l","4","4","0","1070","0","0","1070","1070","0","0","0","1070","1070","4","1070","Fri Apr 27 13:03:26 2018","#757575","low","6","The main experiment item","yes","","experiment.osexp","/Users/tom/github/sft-fraction/procedure","no","mono","no","24","no","white","no","yes","800","legacy","206","206","4","/Users/tom/github/sft-fraction/results/data/subject-5a.csv","legacy","#757575","low","2","Jazzy James","3.1.9","0","l","NA","space","space","space","l","return","610","NA","148901","11392","7534","610","40236","2","legacy","1024","2","48000","-16","experiment","5","odd","present","1308521","1308521","NA","1466432","1312","169234","1547175","1547698","1371","150289","161699","1547698","1548324","1268214","1547156","Fraction component detection task","1057","602320","1071","yes","1280"
"98.6940298507","98.6940298507","562.367537313","562.367537313","#808080","no","legacy","legacy","legacy","0","uniform","1","undefined","undefined","undefined","1","l","4","4","0","1071","0","0","1071","1071","0","0","0","1071","1071","4","1071","Fri Apr 27 13:03:26 2018","#757575","low","8","The main experiment item","yes","","experiment.osexp","/Users/tom/github/sft-fraction/procedure","no","mono","no","24","no","white","no","yes","800","legacy","207","207","4","/Users/tom/github/sft-fraction/results/data/subject-5a.csv","legacy","#000000","high","7","Jazzy James","3.1.9","0","l","NA","space","space","space","l","return","538","NA","148901","11392","7534","538","40236","2","legacy","1024","2","48000","-16","experiment","5","odd","present","1308521","1308521","NA","1466432","1312","169234","1548412","1548931","1371","150289","161699","1548931","1549487","1268214","1548391","Fraction component detection task","1058","602858","1072","yes","1280"
"98.6952469711","98.6952469711","562.496738117","562.496738117","#808080","no","legacy","legacy","legacy","0","uniform","1","undefined","undefined","undefined","1","l","4","4","0","1072","0","0","1072","1072","0","0","0","1072","1072","4","1072","Fri Apr 27 13:03:26 2018","#000000","high","7","The main experiment item","yes","","experiment.osexp","/Users/tom/github/sft-fraction/procedure","no","mono","no","24","no","white","no","yes","800","legacy","208","208","4","/Users/tom/github/sft-fraction/results/data/subject-5a.csv","legacy","#757575","low","7","Jazzy James","3.1.9","0","l","NA","space","space","space","l","return","701","NA","148901","11392","7534","701","40236","2","legacy","1024","2","48000","-16","experiment","5","odd","present","1308521","1308521","NA","1466432","1312","169234","1549576","1550096","1371","150289","161699","1550096","1550812","1268214","1549556","Fraction component detection task","1059","603559","1073","yes","1280"
"98.696461825","98.696461825","562.389199255","562.389199255","#808080","no","legacy","legacy","legacy","0","uniform","1","undefined","undefined","undefined","1","l","4","4","0","1073","0","0","1073","1073","0","0","0","1073","1073","4","1073","Fri Apr 27 13:03:26 2018","#000000","high","8","The main experiment item","yes","","experiment.osexp","/Users/tom/github/sft-fraction/procedure","no","mono","no","24","no","white","no","yes","800","legacy","209","209","4","/Users/tom/github/sft-fraction/results/data/subject-5a.csv","legacy","#757575","low","7","Jazzy James","3.1.9","0","l","NA","space","space","space","l","return","447","NA","148901","11392","7534","447","40236","2","legacy","1024","2","48000","-16","experiment","5","odd","present","1308521","1308521","NA","1466432","1312","169234","1550895","1551414","1371","150289","161699","1551414","1551876","1268214","1550880","Fraction component detection task","1060","604006","1074","yes","1280"
"98.6046511628","98.6046511628","562.471627907","562.471627907","#808080","no","legacy","legacy","legacy","0","uniform","0","undefined","undefined","undefined","0","l","4","4","0","1074","0","0","1074","1074","0","0","0","1074","1074","4","1074","Fri Apr 27 13:03:26 2018","#757575","low","7","The main experiment item","yes","","experiment.osexp","/Users/tom/github/sft-fraction/procedure","no","mono","no","24","no","white","no","yes","800","legacy","210","210","4","/Users/tom/github/sft-fraction/results/data/subject-5a.csv","legacy","#757575","low","4","Jazzy James","3.1.9","0","a","NA","space","space","space","a","return","651","NA","148901","11392","7534","651","40236","2","legacy","1024","2","48000","-16","experiment","5","odd","present","1308521","1308521","NA","1466432","1312","169234","1551961","1552481","1371","150289","161699","1552481","1553147","1268214","1551945","Fraction component detection task","1060","604657","1075","yes","1280"
"98.6059479554","98.6059479554","562.656133829","562.656133829","#808080","no","legacy","legacy","legacy","0","uniform","1","undefined","undefined","undefined","1","a","4","4","0","1075","0","0","1075","1075","0","0","0","1075","1075","4","1075","Fri Apr 27 13:03:26 2018","#000000","high","2","The main experiment item","yes","","experiment.osexp","/Users/tom/github/sft-fraction/procedure","no","mono","no","24","no","white","no","yes","800","legacy","211","211","4","/Users/tom/github/sft-fraction/results/data/subject-5a.csv","legacy","#000000","high","4","Jazzy James","3.1.9","0","a","NA","space","space","space","a","return","761","NA","148901","11392","7534","761","40236","2","legacy","1024","2","48000","-16","experiment","5","odd","absent","1308521","1308521","NA","1553166","1312","169234","1554247","1554764","1371","150289","161699","1554764","1555540","1268214","1554230","Fraction component detection task","1061","605418","1076","yes","1280"
"98.6072423398","98.6072423398","562.579387187","562.579387187","#808080","no","legacy","legacy","legacy","0","uniform","1","undefined","undefined","undefined","1","a","4","4","0","1076","0","0","1076","1076","0","0","0","1076","1076","4","1076","Fri Apr 27 13:03:26 2018","#000000","high","3","The main experiment item","yes","","experiment.osexp","/Users/tom/github/sft-fraction/procedure","no","mono","no","24","no","white","no","yes","800","legacy","212","212","4","/Users/tom/github/sft-fraction/results/data/subject-5a.csv","legacy","#000000","high","3","Jazzy James","3.1.9","0","a","NA","space","space","space","a","return","480","NA","148901","11392","7534","480","40236","2","legacy","1024","2","48000","-16","experiment","5","odd","absent","1308521","1308521","NA","1553166","1312","169234","1555623","1556141","1371","150289","161699","1556141","1556639","1268214","1555606","Fraction component detection task","1062","605898","1077","yes","1280"
"98.6085343228","98.6085343228","562.576994434","562.576994434","#808080","no","legacy","legacy","legacy","0","uniform","1","undefined","undefined","undefined","1","l","4","4","0","1077","0","0","1077","1077","0","0","0","1077","1077","4","1077","Fri Apr 27 13:03:26 2018","#757575","low","2","The main experiment item","yes","","experiment.osexp","/Users/tom/github/sft-fraction/procedure","no","mono","no","24","no","white","no","yes","800","legacy","213","213","4","/Users/tom/github/sft-fraction/results/data/subject-5a.csv","legacy","#757575","low","7","Jazzy James","3.1.9","0","l","NA","space","space","space","l","return","560","NA","148901","11392","7534","560","40236","2","legacy","1024","2","48000","-16","experiment","5","odd","present","1308521","1308521","NA","1553166","1312","169234","1556723","1557245","1371","150289","161699","1557245","1557820","1268214","1556707","Fraction component detection task","1063","606458","1078","yes","1280"
"98.609823911","98.609823911","562.445783133","562.445783133","#808080","no","legacy","legacy","legacy","0","uniform","1","undefined","undefined","undefined","1","l","4","4","0","1078","0","0","1078","1078","0","0","0","1078","1078","4","1078","Fri Apr 27 13:03:26 2018","#000000","high","2","The main experiment item","yes","","experiment.osexp","/Users/tom/github/sft-fraction/procedure","no","mono","no","24","no","white","no","yes","800","legacy","214","214","4","/Users/tom/github/sft-fraction/results/data/subject-5a.csv","legacy","#000000","high","7","Jazzy James","3.1.9","0","l","NA","space","space","space","l","return","421","NA","148901","11392","7534","421","40236","2","legacy","1024","2","48000","-16","experiment","5","odd","present","1308521","1308521","NA","1553166","1312","169234","1557908","1558425","1371","150289","161699","1558425","1558864","1268214","1557887","Fraction component detection task","1064","606879","1079","yes","1280"
"98.6111111111","98.6111111111","562.305555556","562.305555556","#808080","no","legacy","legacy","legacy","0","uniform","1","undefined","undefined","undefined","1","l","4","4","0","1079","0","0","1079","1079","0","0","0","1079","1079","4","1079","Fri Apr 27 13:03:26 2018","#757575","low","2","The main experiment item","yes","","experiment.osexp","/Users/tom/github/sft-fraction/procedure","no","mono","no","24","no","white","no","yes","800","legacy","215","215","4","/Users/tom/github/sft-fraction/results/data/subject-5a.csv","legacy","#000000","high","6","Jazzy James","3.1.9","0","l","NA","space","space","space","l","return","411","NA","148901","11392","7534","411","40236","2","legacy","1024","2","48000","-16","experiment","5","odd","present","1308521","1308521","NA","1553166","1312","169234","1558946","1559465","1371","150289","161699","1559466","1559892","1268214","1558930","Fraction component detection task","1065","607290","1080","yes","1280"
"98.6123959297","98.6123959297","562.431082331","562.431082331","#808080","no","legacy","legacy","legacy","0","uniform","1","undefined","undefined","undefined","1","a","5","5","0","1080","0","0","1080","1080","0","0","0","1080","1080","5","1080","Fri Apr 27 13:03:26 2018","#757575","low","2","The main experiment item","yes","","experiment.osexp","/Users/tom/github/sft-fraction/procedure","no","mono","no","24","no","white","no","yes","800","legacy","0","0","5","/Users/tom/github/sft-fraction/results/data/subject-5a.csv","legacy","#757575","low","4","Jazzy James","3.1.9","0","a","NA","space","space","space","a","return","698","NA","148901","11392","7534","698","24522","2","legacy","1024","2","48000","-16","experiment","5","odd","absent","1584547","1584547","NA","1553166","1312","169234","1584592","1585109","1371","150289","161699","1585109","1585823","1559957","1584576","Fraction component detection task","1066","607988","1081","yes","1280"
"98.6136783734","98.6136783734","562.493530499","562.493530499","#808080","no","legacy","legacy","legacy","0","uniform","1","undefined","undefined","undefined","1","l","5","5","0","1081","0","0","1081","1081","0","0","0","1081","1081","5","1081","Fri Apr 27 13:03:26 2018","#757575","low","6","The main experiment item","yes","","experiment.osexp","/Users/tom/github/sft-fraction/procedure","no","mono","no","24","no","white","no","yes","800","legacy","1","1","5","/Users/tom/github/sft-fraction/results/data/subject-5a.csv","legacy","#000000","high","7","Jazzy James","3.1.9","0","l","NA","space","space","space","l","return","630","NA","148901","11392","7534","630","24522","2","legacy","1024","2","48000","-16","experiment","5","odd","present","1584547","1584547","NA","1553166","1312","169234","1585908","1586424","1371","150289","161699","1586424","1587069","1559957","1585888","Fraction component detection task","1067","608618","1082","yes","1280"
"98.6149584488","98.6149584488","562.482917821","562.482917821","#808080","no","legacy","legacy","legacy","0","uniform","1","undefined","undefined","undefined","1","l","5","5","0","1082","0","0","1082","1082","0","0","0","1082","1082","5","1082","Fri Apr 27 13:03:26 2018","#000000","high","6","The main experiment item","yes","","experiment.osexp","/Users/tom/github/sft-fraction/procedure","no","mono","no","24","no","white","no","yes","800","legacy","2","2","5","/Users/tom/github/sft-fraction/results/data/subject-5a.csv","legacy","#757575","low","2","Jazzy James","3.1.9","0","l","NA","space","space","space","l","return","551","NA","148901","11392","7534","551","24522","2","legacy","1024","2","48000","-16","experiment","5","odd","present","1584547","1584547","NA","1553166","1312","169234","1587149","1587670","1371","150289","161699","1587671","1588237","1559957","1587134","Fraction component detection task","1068","609169","1083","yes","1280"
"98.6162361624","98.6162361624","562.392066421","562.392066421","#808080","no","legacy","legacy","legacy","0","uniform","1","undefined","undefined","undefined","1","l","5","5","0","1083","0","0","1083","1083","0","0","0","1083","1083","5","1083","Fri Apr 27 13:03:26 2018","#000000","high","2","The main experiment item","yes","","experiment.osexp","/Users/tom/github/sft-fraction/procedure","no","mono","no","24","no","white","no","yes","800","legacy","3","3","5","/Users/tom/github/sft-fraction/results/data/subject-5a.csv","legacy","#000000","high","7","Jazzy James","3.1.9","0","l","NA","space","space","space","l","return","464","NA","148901","11392","7534","464","24522","2","legacy","1024","2","48000","-16","experiment","5","odd","present","1584547","1584547","NA","1553166","1312","169234","1588328","1588846","1371","150289","161699","1588846","1589326","1559957","1588307","Fraction component detection task","1069","609633","1084","yes","1280"
"98.6175115207","98.6175115207","562.360368664","562.360368664","#808080","no","legacy","legacy","legacy","0","uniform","1","undefined","undefined","undefined","1","a","5","5","0","1084","0","0","1084","1084","0","0","0","1084","1084","5","1084","Fri Apr 27 13:03:26 2018","#000000","high","4","The main experiment item","yes","","experiment.osexp","/Users/tom/github/sft-fraction/procedure","no","mono","no","24","no","white","no","yes","800","legacy","4","4","5","/Users/tom/github/sft-fraction/results/data/subject-5a.csv","legacy","#000000","high","2","Jazzy James","3.1.9","0","a","NA","space","space","space","a","return","528","NA","148901","11392","7534","528","24522","2","legacy","1024","2","48000","-16","experiment","5","odd","absent","1584547","1584547","NA","1553166","1312","169234","1589411","1589927","1371","150289","161699","1589927","1590470","1559957","1589394","Fraction component detection task","1070","610161","1085","yes","1280"
"98.6187845304","98.6187845304","562.397790055","562.397790055","#808080","no","legacy","legacy","legacy","0","uniform","1","undefined","undefined","undefined","1","l","5","5","0","1085","0","0","1085","1085","0","0","0","1085","1085","5","1085","Fri Apr 27 13:03:26 2018","#757575","low","6","The main experiment item","yes","","experiment.osexp","/Users/tom/github/sft-fraction/procedure","no","mono","no","24","no","white","no","yes","800","legacy","5","5","5","/Users/tom/github/sft-fraction/results/data/subject-5a.csv","legacy","#757575","low","3","Jazzy James","3.1.9","0","l","NA","space","space","space","l","return","603","NA","148901","11392","7534","603","24522","2","legacy","1024","2","48000","-16","experiment","5","odd","present","1584547","1584547","NA","1553166","1312","169234","1590559","1591076","1371","150289","161699","1591076","1591694","1559957","1590539","Fraction component detection task","1071","610764","1086","yes","1280"
"98.6200551978","98.6200551978","562.379024839","562.379024839","#808080","no","legacy","legacy","legacy","0","uniform","1","undefined","undefined","undefined","1","l","5","5","0","1086","0","0","1086","1086","0","0","0","1086","1086","5","1086","Fri Apr 27 13:03:26 2018","#000000","high","8","The main experiment item","yes","","experiment.osexp","/Users/tom/github/sft-fraction/procedure","no","mono","no","24","no","white","no","yes","800","legacy","6","6","5","/Users/tom/github/sft-fraction/results/data/subject-5a.csv","legacy","#757575","low","8","Jazzy James","3.1.9","0","l","NA","space","space","space","l","return","542","NA","148901","11392","7534","542","24522","2","legacy","1024","2","48000","-16","experiment","5","odd","present","1584547","1584547","NA","1553166","1312","169234","1591783","1592305","1371","150289","161699","1592305","1592862","1559957","1591765","Fraction component detection task","1072","611306","1087","yes","1280"
"98.6213235294","98.6213235294","562.334558824","562.334558824","#808080","no","legacy","legacy","legacy","0","uniform","1","undefined","undefined","undefined","1","a","5","5","0","1087","0","0","1087","1087","0","0","0","1087","1087","5","1087","Fri Apr 27 13:03:26 2018","#757575","low","2","The main experiment item","yes","","experiment.osexp","/Users/tom/github/sft-fraction/procedure","no","mono","no","24","no","white","no","yes","800","legacy","7","7","5","/Users/tom/github/sft-fraction/results/data/subject-5a.csv","legacy","#757575","low","2","Jazzy James","3.1.9","0","a","NA","space","space","space","a","return","514","NA","148901","11392","7534","514","24522","2","legacy","1024","2","48000","-16","experiment","5","odd","absent","1584547","1584547","NA","1553166","1312","169234","1592943","1593461","1371","150289","161699","1593461","1593990","1559957","1592927","Fraction component detection task","1073","611820","1088","yes","1280"
"98.6225895317","98.6225895317","562.376492195","562.376492195","#808080","no","legacy","legacy","legacy","0","uniform","1","undefined","undefined","undefined","1","a","5","5","0","1088","0","0","1088","1088","0","0","0","1088","1088","5","1088","Fri Apr 27 13:03:26 2018","#757575","low","3","The main experiment item","yes","","experiment.osexp","/Users/tom/github/sft-fraction/procedure","no","mono","no","24","no","white","no","yes","800","legacy","8","8","5","/Users/tom/github/sft-fraction/results/data/subject-5a.csv","legacy","#757575","low","4","Jazzy James","3.1.9","0","a","NA","space","space","space","a","return","608","NA","148901","11392","7534","608","24522","2","legacy","1024","2","48000","-16","experiment","5","odd","absent","1584547","1584547","NA","1553166","1312","169234","1594072","1594590","1371","150289","161699","1594590","1595213","1559957","1594056","Fraction component detection task","1074","612428","1089","yes","1280"
"98.623853211","98.623853211","562.278899083","562.278899083","#808080","no","legacy","legacy","legacy","0","uniform","1","undefined","undefined","undefined","1","a","5","5","0","1089","0","0","1089","1089","0","0","0","1089","1089","5","1089","Fri Apr 27 13:03:26 2018","#000000","high","2","The main experiment item","yes","","experiment.osexp","/Users/tom/github/sft-fraction/procedure","no","mono","no","24","no","white","no","yes","800","legacy","9","9","5","/Users/tom/github/sft-fraction/results/data/subject-5a.csv","legacy","#757575","low","3","Jazzy James","3.1.9","0","a","NA","space","space","space","a","return","456","NA","148901","11392","7534","456","24522","2","legacy","1024","2","48000","-16","experiment","5","odd","absent","1584547","1584547","NA","1553166","1312","169234","1595296","1595814","1371","150289","161699","1595814","1596288","1559957","1595281","Fraction component detection task","1075","612884","1090","yes","1280"
"98.6251145738","98.6251145738","562.207149404","562.207149404","#808080","no","legacy","legacy","legacy","0","uniform","1","undefined","undefined","undefined","1","l","5","5","0","1090","0","0","1090","1090","0","0","0","1090","1090","5","1090","Fri Apr 27 13:03:26 2018","#000000","high","7","The main experiment item","yes","","experiment.osexp","/Users/tom/github/sft-fraction/procedure","no","mono","no","24","no","white","no","yes","800","legacy","10","10","5","/Users/tom/github/sft-fraction/results/data/subject-5a.csv","legacy","#000000","high","8","Jazzy James","3.1.9","0","l","NA","space","space","space","l","return","484","NA","148901","11392","7534","484","24522","2","legacy","1024","2","48000","-16","experiment","5","odd","present","1584547","1584547","NA","1553166","1312","169234","1596373","1596891","1371","150289","161699","1596891","1597395","1559957","1596357","Fraction component detection task","1076","613368","1091","yes","1280"
"98.6263736264","98.6263736264","562.171245421","562.171245421","#808080","no","legacy","legacy","legacy","0","uniform","1","undefined","undefined","undefined","1","a","5","5","0","1091","0","0","1091","1091","0","0","0","1091","1091","5","1091","Fri Apr 27 13:03:26 2018","#757575","low","4","The main experiment item","yes","","experiment.osexp","/Users/tom/github/sft-fraction/procedure","no","mono","no","24","no","white","no","yes","800","legacy","11","11","5","/Users/tom/github/sft-fraction/results/data/subject-5a.csv","legacy","#000000","high","4","Jazzy James","3.1.9","0","a","NA","space","space","space","a","return","523","NA","148901","11392","7534","523","24522","2","legacy","1024","2","48000","-16","experiment","5","odd","absent","1584547","1584547","NA","1553166","1312","169234","1597485","1598003","1371","150289","161699","1598004","1598542","1559957","1597467","Fraction component detection task","1077","613891","1092","yes","1280"
"98.6276303751","98.6276303751","562.107044831","562.107044831","#808080","no","legacy","legacy","legacy","0","uniform","1","undefined","undefined","undefined","1","l","5","5","0","1092","0","0","1092","1092","0","0","0","1092","1092","5","1092","Fri Apr 27 13:03:26 2018","#000000","high","6","The main experiment item","yes","","experiment.osexp","/Users/tom/github/sft-fraction/procedure","no","mono","no","24","no","white","no","yes","800","legacy","12","12","5","/Users/tom/github/sft-fraction/results/data/subject-5a.csv","legacy","#000000","high","8","Jazzy James","3.1.9","0","l","NA","space","space","space","l","return","492","NA","148901","11392","7534","492","24522","2","legacy","1024","2","48000","-16","experiment","5","odd","present","1584547","1584547","NA","1553166","1312","169234","1598630","1599147","1371","150289","161699","1599148","1599660","1559957","1598613","Fraction component detection task","1078","614383","1093","yes","1280"
"98.6288848263","98.6288848263","562.229433272","562.229433272","#808080","no","legacy","legacy","legacy","0","uniform","1","undefined","undefined","undefined","1","l","5","5","0","1093","0","0","1093","1093","0","0","0","1093","1093","5","1093","Fri Apr 27 13:03:26 2018","#757575","low","8","The main experiment item","yes","","experiment.osexp","/Users/tom/github/sft-fraction/procedure","no","mono","no","24","no","white","no","yes","800","legacy","13","13","5","/Users/tom/github/sft-fraction/results/data/subject-5a.csv","legacy","#000000","high","4","Jazzy James","3.1.9","0","l","NA","space","space","space","l","return","696","NA","148901","11392","7534","696","24522","2","legacy","1024","2","48000","-16","experiment","5","odd","present","1584547","1584547","NA","1553166","1312","169234","1599747","1600263","1371","150289","161699","1600264","1600977","1559957","1599731","Fraction component detection task","1079","615079","1094","yes","1280"
"98.6301369863","98.6301369863","562.179908676","562.179908676","#808080","no","legacy","legacy","legacy","0","uniform","1","undefined","undefined","undefined","1","l","5","5","0","1094","0","0","1094","1094","0","0","0","1094","1094","5","1094","Fri Apr 27 13:03:26 2018","#000000","high","7","The main experiment item","yes","","experiment.osexp","/Users/tom/github/sft-fraction/procedure","no","mono","no","24","no","white","no","yes","800","legacy","14","14","5","/Users/tom/github/sft-fraction/results/data/subject-5a.csv","legacy","#757575","low","6","Jazzy James","3.1.9","0","l","NA","space","space","space","l","return","508","NA","148901","11392","7534","508","24522","2","legacy","1024","2","48000","-16","experiment","5","odd","present","1584547","1584547","NA","1553166","1312","169234","1601061","1601578","1371","150289","161699","1601578","1602101","1559957","1601045","Fraction component detection task","1080","615587","1095","yes","1280"
"98.6313868613","98.6313868613","562.136861314","562.136861314","#808080","no","legacy","legacy","legacy","0","uniform","1","undefined","undefined","undefined","1","a","5","5","0","1095","0","0","1095","1095","0","0","0","1095","1095","5","1095","Fri Apr 27 13:03:26 2018","#000000","high","3","The main experiment item","yes","","experiment.osexp","/Users/tom/github/sft-fraction/procedure","no","mono","no","24","no","white","no","yes","800","legacy","15","15","5","/Users/tom/github/sft-fraction/results/data/subject-5a.csv","legacy","#757575","low","3","Jazzy James","3.1.9","0","a","NA","space","space","space","a","return","515","NA","148901","11392","7534","515","24522","2","legacy","1024","2","48000","-16","experiment","5","odd","absent","1584547","1584547","NA","1553166","1312","169234","1602183","1602700","1371","150289","161699","1602700","1603230","1559957","1602167","Fraction component detection task","1081","616102","1096","yes","1280"
"98.6326344576","98.6326344576","562.138559708","562.138559708","#808080","no","legacy","legacy","legacy","0","uniform","1","undefined","undefined","undefined","1","a","5","5","0","1096","0","0","1096","1096","0","0","0","1096","1096","5","1096","Fri Apr 27 13:03:26 2018","#757575","low","3","The main experiment item","yes","","experiment.osexp","/Users/tom/github/sft-fraction/procedure","no","mono","no","24","no","white","no","yes","800","legacy","16","16","5","/Users/tom/github/sft-fraction/results/data/subject-5a.csv","legacy","#000000","high","2","Jazzy James","3.1.9","0","a","NA","space","space","space","a","return","564","NA","148901","11392","7534","564","24522","2","legacy","1024","2","48000","-16","experiment","5","odd","absent","1584547","1584547","NA","1553166","1312","169234","1603317","1603836","1371","150289","161699","1603836","1604415","1559957","1603296","Fraction component detection task","1082","616666","1097","yes","1280"
"98.6338797814","98.6338797814","562.247723133","562.247723133","#808080","no","legacy","legacy","legacy","0","uniform","1","undefined","undefined","undefined","1","l","5","5","0","1097","0","0","1097","1097","0","0","0","1097","1097","5","1097","Fri Apr 27 13:03:26 2018","#000000","high","8","The main experiment item","yes","","experiment.osexp","/Users/tom/github/sft-fraction/procedure","no","mono","no","24","no","white","no","yes","800","legacy","17","17","5","/Users/tom/github/sft-fraction/results/data/subject-5a.csv","legacy","#000000","high","2","Jazzy James","3.1.9","0","l","NA","space","space","space","l","return","682","NA","148901","11392","7534","682","24522","2","legacy","1024","2","48000","-16","experiment","5","odd","present","1584547","1584547","NA","1553166","1312","169234","1604503","1605022","1371","150289","161699","1605022","1605719","1559957","1604485","Fraction component detection task","1083","617348","1098","yes","1280"
"98.6351228389","98.6351228389","562.275705187","562.275705187","#808080","no","legacy","legacy","legacy","0","uniform","1","undefined","undefined","undefined","1","l","5","5","0","1098","0","0","1098","1098","0","0","0","1098","1098","5","1098","Fri Apr 27 13:03:26 2018","#000000","high","4","The main experiment item","yes","","experiment.osexp","/Users/tom/github/sft-fraction/procedure","no","mono","no","24","no","white","no","yes","800","legacy","18","18","5","/Users/tom/github/sft-fraction/results/data/subject-5a.csv","legacy","#757575","low","7","Jazzy James","3.1.9","0","l","NA","space","space","space","l","return","593","NA","148901","11392","7534","593","24522","2","legacy","1024","2","48000","-16","experiment","5","odd","present","1584547","1584547","NA","1553166","1312","169234","1605799","1606319","1371","150289","161699","1606319","1606927","1559957","1605783","Fraction component detection task","1084","617941","1099","yes","1280"
"98.6363636364","98.6363636364","562.325454545","562.325454545","#808080","no","legacy","legacy","legacy","0","uniform","1","undefined","undefined","undefined","1","a","5","5","0","1099","0","0","1099","1099","0","0","0","1099","1099","5","1099","Fri Apr 27 13:03:26 2018","#000000","high","2","The main experiment item","yes","","experiment.osexp","/Users/tom/github/sft-fraction/procedure","no","mono","no","24","no","white","no","yes","800","legacy","19","19","5","/Users/tom/github/sft-fraction/results/data/subject-5a.csv","legacy","#000000","high","3","Jazzy James","3.1.9","0","a","NA","space","space","space","a","return","617","NA","148901","11392","7534","617","24522","2","legacy","1024","2","48000","-16","experiment","5","odd","absent","1584547","1584547","NA","1553166","1312","169234","1607017","1607534","1371","150289","161699","1607534","1608166","1559957","1606999","Fraction component detection task","1085","618558","1100","yes","1280"
"98.6376021798","98.6376021798","562.294277929","562.294277929","#808080","no","legacy","legacy","legacy","0","uniform","1","undefined","undefined","undefined","1","a","5","5","0","1100","0","0","1100","1100","0","0","0","1100","1100","5","1100","Fri Apr 27 13:03:26 2018","#757575","low","4","The main experiment item","yes","","experiment.osexp","/Users/tom/github/sft-fraction/procedure","no","mono","no","24","no","white","no","yes","800","legacy","20","20","5","/Users/tom/github/sft-fraction/results/data/subject-5a.csv","legacy","#000000","high","4","Jazzy James","3.1.9","0","a","NA","space","space","space","a","return","528","NA","148901","11392","7534","528","24522","2","legacy","1024","2","48000","-16","experiment","5","odd","absent","1584547","1584547","NA","1553166","1312","169234","1608255","1608774","1371","150289","161699","1608775","1609319","1559957","1608239","Fraction component detection task","1086","619086","1101","yes","1280"
"98.6388384755","98.6388384755","562.193284936","562.193284936","#808080","no","legacy","legacy","legacy","0","uniform","1","undefined","undefined","undefined","1","a","5","5","0","1101","0","0","1101","1101","0","0","0","1101","1101","5","1101","Fri Apr 27 13:03:26 2018","#000000","high","2","The main experiment item","yes","","experiment.osexp","/Users/tom/github/sft-fraction/procedure","no","mono","no","24","no","white","no","yes","800","legacy","21","21","5","/Users/tom/github/sft-fraction/results/data/subject-5a.csv","legacy","#757575","low","4","Jazzy James","3.1.9","0","a","NA","space","space","space","a","return","451","NA","148901","11392","7534","451","24522","2","legacy","1024","2","48000","-16","experiment","5","odd","absent","1584547","1584547","NA","1553166","1312","169234","1609408","1609925","1371","150289","161699","1609925","1610393","1559957","1609393","Fraction component detection task","1087","619537","1102","yes","1280"
"98.6400725295","98.6400725295","562.115140526","562.115140526","#808080","no","legacy","legacy","legacy","0","uniform","1","undefined","undefined","undefined","1","l","5","5","0","1102","0","0","1102","1102","0","0","0","1102","1102","5","1102","Fri Apr 27 13:03:26 2018","#757575","low","3","The main experiment item","yes","","experiment.osexp","/Users/tom/github/sft-fraction/procedure","no","mono","no","24","no","white","no","yes","800","legacy","22","22","5","/Users/tom/github/sft-fraction/results/data/subject-5a.csv","legacy","#000000","high","8","Jazzy James","3.1.9","0","l","NA","space","space","space","l","return","476","NA","148901","11392","7534","476","24522","2","legacy","1024","2","48000","-16","experiment","5","odd","present","1584547","1584547","NA","1553166","1312","169234","1610480","1610996","1371","150289","161699","1610996","1611491","1559957","1610464","Fraction component detection task","1088","620013","1103","yes","1280"
"98.6413043478","98.6413043478","562.074275362","562.074275362","#808080","no","legacy","legacy","legacy","0","uniform","1","undefined","undefined","undefined","1","a","5","5","0","1103","0","0","1103","1103","0","0","0","1103","1103","5","1103","Fri Apr 27 13:03:26 2018","#757575","low","3","The main experiment item","yes","","experiment.osexp","/Users/tom/github/sft-fraction/procedure","no","mono","no","24","no","white","no","yes","800","legacy","23","23","5","/Users/tom/github/sft-fraction/results/data/subject-5a.csv","legacy","#000000","high","3","Jazzy James","3.1.9","0","a","NA","space","space","space","a","return","517","NA","148901","11392","7534","517","24522","2","legacy","1024","2","48000","-16","experiment","5","odd","absent","1584547","1584547","NA","1553166","1312","169234","1611578","1612099","1371","150289","161699","1612099","1612631","1559957","1611558","Fraction component detection task","1089","620530","1104","yes","1280"
"98.6425339367","98.6425339367","562.076923077","562.076923077","#808080","no","legacy","legacy","legacy","0","uniform","1","undefined","undefined","undefined","1","a","5","5","0","1104","0","0","1104","1104","0","0","0","1104","1104","5","1104","Fri Apr 27 13:03:26 2018","#000000","high","3","The main experiment item","yes","","experiment.osexp","/Users/tom/github/sft-fraction/procedure","no","mono","no","24","no","white","no","yes","800","legacy","24","24","5","/Users/tom/github/sft-fraction/results/data/subject-5a.csv","legacy","#757575","low","3","Jazzy James","3.1.9","0","a","NA","space","space","space","a","return","565","NA","148901","11392","7534","565","24522","2","legacy","1024","2","48000","-16","experiment","5","odd","absent","1584547","1584547","NA","1553166","1312","169234","1612715","1613235","1371","150289","161699","1613235","1613815","1559957","1612699","Fraction component detection task","1090","621095","1105","yes","1280"
"98.643761302","98.643761302","562.047920434","562.047920434","#808080","no","legacy","legacy","legacy","0","uniform","1","undefined","undefined","undefined","1","l","5","5","0","1105","0","0","1105","1105","0","0","0","1105","1105","5","1105","Fri Apr 27 13:03:26 2018","#757575","low","8","The main experiment item","yes","","experiment.osexp","/Users/tom/github/sft-fraction/procedure","no","mono","no","24","no","white","no","yes","800","legacy","25","25","5","/Users/tom/github/sft-fraction/results/data/subject-5a.csv","legacy","#757575","low","2","Jazzy James","3.1.9","0","l","NA","space","space","space","l","return","530","NA","148901","11392","7534","530","24522","2","legacy","1024","2","48000","-16","experiment","5","odd","present","1584547","1584547","NA","1553166","1312","169234","1613903","1614422","1371","150289","161699","1614422","1614967","1559957","1613882","Fraction component detection task","1091","621625","1106","yes","1280"
"98.6449864499","98.6449864499","561.987353207","561.987353207","#808080","no","legacy","legacy","legacy","0","uniform","1","undefined","undefined","undefined","1","l","5","5","0","1106","0","0","1106","1106","0","0","0","1106","1106","5","1106","Fri Apr 27 13:03:26 2018","#757575","low","8","The main experiment item","yes","","experiment.osexp","/Users/tom/github/sft-fraction/procedure","no","mono","no","24","no","white","no","yes","800","legacy","26","26","5","/Users/tom/github/sft-fraction/results/data/subject-5a.csv","legacy","#000000","high","6","Jazzy James","3.1.9","0","l","NA","space","space","space","l","return","495","NA","148901","11392","7534","495","24522","2","legacy","1024","2","48000","-16","experiment","5","odd","present","1584547","1584547","NA","1553166","1312","169234","1615050","1615568","1371","150289","161699","1615568","1616078","1559957","1615034","Fraction component detection task","1092","622120","1107","yes","1280"
"98.6462093863","98.6462093863","561.943140794","561.943140794","#808080","no","legacy","legacy","legacy","0","uniform","1","undefined","undefined","undefined","1","l","5","5","0","1107","0","0","1107","1107","0","0","0","1107","1107","5","1107","Fri Apr 27 13:03:26 2018","#000000","high","4","The main experiment item","yes","","experiment.osexp","/Users/tom/github/sft-fraction/procedure","no","mono","no","24","no","white","no","yes","800","legacy","27","27","5","/Users/tom/github/sft-fraction/results/data/subject-5a.csv","legacy","#000000","high","7","Jazzy James","3.1.9","0","l","NA","space","space","space","l","return","513","NA","148901","11392","7534","513","24522","2","legacy","1024","2","48000","-16","experiment","5","odd","present","1584547","1584547","NA","1553166","1312","169234","1616160","1616678","1371","150289","161699","1616678","1617206","1559957","1616145","Fraction component detection task","1093","622633","1108","yes","1280"
"98.6474301172","98.6474301172","561.868349865","561.868349865","#808080","no","legacy","legacy","legacy","0","uniform","1","undefined","undefined","undefined","1","l","5","5","0","1108","0","0","1108","1108","0","0","0","1108","1108","5","1108","Fri Apr 27 13:03:26 2018","#000000","high","3","The main experiment item","yes","","experiment.osexp","/Users/tom/github/sft-fraction/procedure","no","mono","no","24","no","white","no","yes","800","legacy","28","28","5","/Users/tom/github/sft-fraction/results/data/subject-5a.csv","legacy","#757575","low","8","Jazzy James","3.1.9","0","l","NA","space","space","space","l","return","479","NA","148901","11392","7534","479","24522","2","legacy","1024","2","48000","-16","experiment","5","odd","present","1584547","1584547","NA","1553166","1312","169234","1617299","1617816","1371","150289","161699","1617816","1618310","1559957","1617278","Fraction component detection task","1094","623112","1109","yes","1280"
"98.6486486486","98.6486486486","561.948648649","561.948648649","#808080","no","legacy","legacy","legacy","0","uniform","1","undefined","undefined","undefined","1","l","5","5","0","1109","0","0","1109","1109","0","0","0","1109","1109","5","1109","Fri Apr 27 13:03:26 2018","#000000","high","7","The main experiment item","yes","","experiment.osexp","/Users/tom/github/sft-fraction/procedure","no","mono","no","24","no","white","no","yes","800","legacy","29","29","5","/Users/tom/github/sft-fraction/results/data/subject-5a.csv","legacy","#000000","high","7","Jazzy James","3.1.9","0","l","NA","space","space","space","l","return","651","NA","148901","11392","7534","651","24522","2","legacy","1024","2","48000","-16","experiment","5","odd","present","1584547","1584547","NA","1553166","1312","169234","1618400","1618916","1371","150289","161699","1618917","1619584","1559957","1618378","Fraction component detection task","1095","623763","1110","yes","1280"
"98.6498649865","98.6498649865","561.939693969","561.939693969","#808080","no","legacy","legacy","legacy","0","uniform","1","undefined","undefined","undefined","1","l","5","5","0","1110","0","0","1110","1110","0","0","0","1110","1110","5","1110","Fri Apr 27 13:03:26 2018","#757575","low","8","The main experiment item","yes","","experiment.osexp","/Users/tom/github/sft-fraction/procedure","no","mono","no","24","no","white","no","yes","800","legacy","30","30","5","/Users/tom/github/sft-fraction/results/data/subject-5a.csv","legacy","#757575","low","4","Jazzy James","3.1.9","0","l","NA","space","space","space","l","return","552","NA","148901","11392","7534","552","24522","2","legacy","1024","2","48000","-16","experiment","5","odd","present","1584547","1584547","NA","1553166","1312","169234","1619666","1620184","1371","150289","161699","1620184","1620753","1559957","1619650","Fraction component detection task","1096","624315","1111","yes","1280"
"98.6510791367","98.6510791367","561.956834532","561.956834532","#808080","no","legacy","legacy","legacy","0","uniform","1","undefined","undefined","undefined","1","l","5","5","0","1111","0","0","1111","1111","0","0","0","1111","1111","5","1111","Fri Apr 27 13:03:26 2018","#757575","low","7","The main experiment item","yes","","experiment.osexp","/Users/tom/github/sft-fraction/procedure","no","mono","no","24","no","white","no","yes","800","legacy","31","31","5","/Users/tom/github/sft-fraction/results/data/subject-5a.csv","legacy","#000000","high","6","Jazzy James","3.1.9","0","l","NA","space","space","space","l","return","581","NA","148901","11392","7534","581","24522","2","legacy","1024","2","48000","-16","experiment","5","odd","present","1584547","1584547","NA","1553166","1312","169234","1620838","1621355","1371","150289","161699","1621355","1621952","1559957","1620823","Fraction component detection task","1097","624896","1112","yes","1280"
"98.6522911051","98.6522911051","561.872416891","561.872416891","#808080","no","legacy","legacy","legacy","0","uniform","1","undefined","undefined","undefined","1","a","5","5","0","1112","0","0","1112","1112","0","0","0","1112","1112","5","1112","Fri Apr 27 13:03:26 2018","#000000","high","4","The main experiment item","yes","","experiment.osexp","/Users/tom/github/sft-fraction/procedure","no","mono","no","24","no","white","no","yes","800","legacy","32","32","5","/Users/tom/github/sft-fraction/results/data/subject-5a.csv","legacy","#000000","high","3","Jazzy James","3.1.9","0","a","NA","space","space","space","a","return","468","NA","148901","11392","7534","468","24522","2","legacy","1024","2","48000","-16","experiment","5","odd","absent","1584547","1584547","NA","1553166","1312","169234","1622034","1622555","1371","150289","161699","1622555","1623039","1559957","1622018","Fraction component detection task","1098","625364","1113","yes","1280"
"98.6535008977","98.6535008977","561.938061041","561.938061041","#808080","no","legacy","legacy","legacy","0","uniform","1","undefined","undefined","undefined","1","l","5","5","0","1113","0","0","1113","1113","0","0","0","1113","1113","5","1113","Fri Apr 27 13:03:26 2018","#757575","low","8","The main experiment item","yes","","experiment.osexp","/Users/tom/github/sft-fraction/procedure","no","mono","no","24","no","white","no","yes","800","legacy","33","33","5","/Users/tom/github/sft-fraction/results/data/subject-5a.csv","legacy","#000000","high","2","Jazzy James","3.1.9","0","l","NA","space","space","space","l","return","635","NA","148901","11392","7534","635","24522","2","legacy","1024","2","48000","-16","experiment","5","odd","present","1584547","1584547","NA","1553166","1312","169234","1623126","1623644","1371","150289","161699","1623644","1624296","1559957","1623109","Fraction component detection task","1099","625999","1114","yes","1280"
"98.6547085202","98.6547085202","562.078923767","562.078923767","#808080","no","legacy","legacy","legacy","0","uniform","1","undefined","undefined","undefined","1","a","5","5","0","1114","0","0","1114","1114","0","0","0","1114","1114","5","1114","Fri Apr 27 13:03:26 2018","#757575","low","4","The main experiment item","yes","","experiment.osexp","/Users/tom/github/sft-fraction/procedure","no","mono","no","24","no","white","no","yes","800","legacy","34","34","5","/Users/tom/github/sft-fraction/results/data/subject-5a.csv","legacy","#000000","high","2","Jazzy James","3.1.9","0","a","NA","space","space","space","a","return","719","NA","148901","11392","7534","719","24522","2","legacy","1024","2","48000","-16","experiment","5","odd","absent","1584547","1584547","NA","1553166","1312","169234","1624390","1624906","1371","150289","161699","1624906","1625644","1559957","1624368","Fraction component detection task","1100","626718","1115","yes","1280"
"98.6559139785","98.6559139785","562.129928315","562.129928315","#808080","no","legacy","legacy","legacy","0","uniform","1","undefined","undefined","undefined","1","a","5","5","0","1115","0","0","1115","1115","0","0","0","1115","1115","5","1115","Fri Apr 27 13:03:26 2018","#757575","low","3","The main experiment item","yes","","experiment.osexp","/Users/tom/github/sft-fraction/procedure","no","mono","no","24","no","white","no","yes","800","legacy","35","35","5","/Users/tom/github/sft-fraction/results/data/subject-5a.csv","legacy","#000000","high","4","Jazzy James","3.1.9","0","a","NA","space","space","space","a","return","619","NA","148901","11392","7534","619","24522","2","legacy","1024","2","48000","-16","experiment","5","odd","absent","1584547","1584547","NA","1553166","1312","169234","1625729","1626246","1371","150289","161699","1626246","1626881","1559957","1625714","Fraction component detection task","1101","627337","1116","yes","1280"
"98.6571172784","98.6571172784","562.176365264","562.176365264","#808080","no","legacy","legacy","legacy","0","uniform","1","undefined","undefined","undefined","1","l","5","5","0","1116","0","0","1116","1116","0","0","0","1116","1116","5","1116","Fri Apr 27 13:03:26 2018","#000000","high","7","The main experiment item","yes","","experiment.osexp","/Users/tom/github/sft-fraction/procedure","no","mono","no","24","no","white","no","yes","800","legacy","36","36","5","/Users/tom/github/sft-fraction/results/data/subject-5a.csv","legacy","#757575","low","7","Jazzy James","3.1.9","0","l","NA","space","space","space","l","return","614","NA","148901","11392","7534","614","24522","2","legacy","1024","2","48000","-16","experiment","5","odd","present","1584547","1584547","NA","1553166","1312","169234","1626966","1627482","1371","150289","161699","1627482","1628111","1559957","1626949","Fraction component detection task","1102","627951","1117","yes","1280"
"98.6583184258","98.6583184258","562.117173524","562.117173524","#808080","no","legacy","legacy","legacy","0","uniform","1","undefined","undefined","undefined","1","l","5","5","0","1117","0","0","1117","1117","0","0","0","1117","1117","5","1117","Fri Apr 27 13:03:26 2018","#000000","high","2","The main experiment item","yes","","experiment.osexp","/Users/tom/github/sft-fraction/procedure","no","mono","no","24","no","white","no","yes","800","legacy","37","37","5","/Users/tom/github/sft-fraction/results/data/subject-5a.csv","legacy","#757575","low","6","Jazzy James","3.1.9","0","l","NA","space","space","space","l","return","496","NA","148901","11392","7534","496","24522","2","legacy","1024","2","48000","-16","experiment","5","odd","present","1584547","1584547","NA","1553166","1312","169234","1628192","1628712","1371","150289","161699","1628712","1629223","1559957","1628176","Fraction component detection task","1103","628447","1118","yes","1280"
"98.6595174263","98.6595174263","562.263628239","562.263628239","#808080","no","legacy","legacy","legacy","0","uniform","1","undefined","undefined","undefined","1","a","5","5","0","1118","0","0","1118","1118","0","0","0","1118","1118","5","1118","Fri Apr 27 13:03:26 2018","#000000","high","4","The main experiment item","yes","","experiment.osexp","/Users/tom/github/sft-fraction/procedure","no","mono","no","24","no","white","no","yes","800","legacy","38","38","5","/Users/tom/github/sft-fraction/results/data/subject-5a.csv","legacy","#757575","low","3","Jazzy James","3.1.9","0","a","NA","space","space","space","a","return","726","NA","148901","11392","7534","726","24522","2","legacy","1024","2","48000","-16","experiment","5","odd","absent","1584547","1584547","NA","1553166","1312","169234","1629310","1629827","1371","150289","161699","1629827","1630568","1559957","1629291","Fraction component detection task","1104","629173","1119","yes","1280"
"98.6607142857","98.6607142857","562.245535714","562.245535714","#808080","no","legacy","legacy","legacy","0","uniform","1","undefined","undefined","undefined","1","l","5","5","0","1119","0","0","1119","1119","0","0","0","1119","1119","5","1119","Fri Apr 27 13:03:26 2018","#757575","low","7","The main experiment item","yes","","experiment.osexp","/Users/tom/github/sft-fraction/procedure","no","mono","no","24","no","white","no","yes","800","legacy","39","39","5","/Users/tom/github/sft-fraction/results/data/subject-5a.csv","legacy","#757575","low","8","Jazzy James","3.1.9","0","l","NA","space","space","space","l","return","542","NA","148901","11392","7534","542","24522","2","legacy","1024","2","48000","-16","experiment","5","odd","present","1584547","1584547","NA","1553166","1312","169234","1630650","1631171","1371","150289","161699","1631171","1631728","1559957","1630633","Fraction component detection task","1105","629715","1120","yes","1280"
"98.6619090098","98.6619090098","562.252453167","562.252453167","#808080","no","legacy","legacy","legacy","0","uniform","1","undefined","undefined","undefined","1","a","5","5","0","1120","0","0","1120","1120","0","0","0","1120","1120","5","1120","Fri Apr 27 13:03:26 2018","#757575","low","4","The main experiment item","yes","","experiment.osexp","/Users/tom/github/sft-fraction/procedure","no","mono","no","24","no","white","no","yes","800","legacy","40","40","5","/Users/tom/github/sft-fraction/results/data/subject-5a.csv","legacy","#000000","high","2","Jazzy James","3.1.9","0","a","NA","space","space","space","a","return","570","NA","148901","11392","7534","570","24522","2","legacy","1024","2","48000","-16","experiment","5","odd","absent","1584547","1584547","NA","1553166","1312","169234","1631810","1632327","1371","150289","161699","1632327","1632912","1559957","1631794","Fraction component detection task","1106","630285","1121","yes","1280"
"98.6631016043","98.6631016043","562.20855615","562.20855615","#808080","no","legacy","legacy","legacy","0","uniform","1","undefined","undefined","undefined","1","l","5","5","0","1121","0","0","1121","1121","0","0","0","1121","1121","5","1121","Fri Apr 27 13:03:26 2018","#757575","low","6","The main experiment item","yes","","experiment.osexp","/Users/tom/github/sft-fraction/procedure","no","mono","no","24","no","white","no","yes","800","legacy","41","41","5","/Users/tom/github/sft-fraction/results/data/subject-5a.csv","legacy","#757575","low","7","Jazzy James","3.1.9","0","l","NA","space","space","space","l","return","513","NA","148901","11392","7534","513","24522","2","legacy","1024","2","48000","-16","experiment","5","odd","present","1584547","1584547","NA","1553166","1312","169234","1632999","1633519","1371","150289","161699","1633519","1634047","1559957","1632979","Fraction component detection task","1107","630798","1122","yes","1280"
"98.6642920748","98.6642920748","562.179875334","562.179875334","#808080","no","legacy","legacy","legacy","0","uniform","1","undefined","undefined","undefined","1","l","5","5","0","1122","0","0","1122","1122","0","0","0","1122","1122","5","1122","Fri Apr 27 13:03:26 2018","#000000","high","7","The main experiment item","yes","","experiment.osexp","/Users/tom/github/sft-fraction/procedure","no","mono","no","24","no","white","no","yes","800","legacy","42","42","5","/Users/tom/github/sft-fraction/results/data/subject-5a.csv","legacy","#757575","low","3","Jazzy James","3.1.9","0","l","NA","space","space","space","l","return","530","NA","148901","11392","7534","530","24522","2","legacy","1024","2","48000","-16","experiment","5","odd","present","1584547","1584547","NA","1553166","1312","169234","1634129","1634646","1371","150289","161699","1634646","1635196","1559957","1634114","Fraction component detection task","1108","631328","1123","yes","1280"
"98.665480427","98.665480427","562.274021352","562.274021352","#808080","no","legacy","legacy","legacy","0","uniform","1","undefined","undefined","undefined","1","a","5","5","0","1123","0","0","1123","1123","0","0","0","1123","1123","5","1123","Fri Apr 27 13:03:26 2018","#000000","high","4","The main experiment item","yes","","experiment.osexp","/Users/tom/github/sft-fraction/procedure","no","mono","no","24","no","white","no","yes","800","legacy","43","43","5","/Users/tom/github/sft-fraction/results/data/subject-5a.csv","legacy","#000000","high","2","Jazzy James","3.1.9","0","a","NA","space","space","space","a","return","668","NA","148901","11392","7534","668","24522","2","legacy","1024","2","48000","-16","experiment","5","odd","absent","1584547","1584547","NA","1553166","1312","169234","1635281","1635797","1371","150289","161699","1635797","1636482","1559957","1635265","Fraction component detection task","1109","631996","1124","yes","1280"
"98.6666666667","98.6666666667","562.321777778","562.321777778","#808080","no","legacy","legacy","legacy","0","uniform","1","undefined","undefined","undefined","1","l","5","5","0","1124","0","0","1124","1124","0","0","0","1124","1124","5","1124","Fri Apr 27 13:03:26 2018","#757575","low","2","The main experiment item","yes","","experiment.osexp","/Users/tom/github/sft-fraction/procedure","no","mono","no","24","no","white","no","yes","800","legacy","44","44","5","/Users/tom/github/sft-fraction/results/data/subject-5a.csv","legacy","#757575","low","6","Jazzy James","3.1.9","0","l","NA","space","space","space","l","return","616","NA","148901","11392","7534","616","24522","2","legacy","1024","2","48000","-16","experiment","5","odd","present","1584547","1584547","NA","1553166","1312","169234","1636573","1637089","1371","150289","161699","1637089","1637720","1559957","1636553","Fraction component detection task","1110","632612","1125","yes","1280"
"98.6678507993","98.6678507993","562.275310835","562.275310835","#808080","no","legacy","legacy","legacy","0","uniform","1","undefined","undefined","undefined","1","l","5","5","0","1125","0","0","1125","1125","0","0","0","1125","1125","5","1125","Fri Apr 27 13:03:26 2018","#000000","high","6","The main experiment item","yes","","experiment.osexp","/Users/tom/github/sft-fraction/procedure","no","mono","no","24","no","white","no","yes","800","legacy","45","45","5","/Users/tom/github/sft-fraction/results/data/subject-5a.csv","legacy","#000000","high","6","Jazzy James","3.1.9","0","l","NA","space","space","space","l","return","510","NA","148901","11392","7534","510","24522","2","legacy","1024","2","48000","-16","experiment","5","odd","present","1584547","1584547","NA","1553166","1312","169234","1637812","1638330","1371","150289","161699","1638331","1638858","1559957","1637793","Fraction component detection task","1111","633122","1126","yes","1280"
"98.6690328305","98.6690328305","562.255545697","562.255545697","#808080","no","legacy","legacy","legacy","0","uniform","1","undefined","undefined","undefined","1","l","5","5","0","1126","0","0","1126","1126","0","0","0","1126","1126","5","1126","Fri Apr 27 13:03:26 2018","#757575","low","7","The main experiment item","yes","","experiment.osexp","/Users/tom/github/sft-fraction/procedure","no","mono","no","24","no","white","no","yes","800","legacy","46","46","5","/Users/tom/github/sft-fraction/results/data/subject-5a.csv","legacy","#757575","low","6","Jazzy James","3.1.9","0","l","NA","space","space","space","l","return","540","NA","148901","11392","7534","540","24522","2","legacy","1024","2","48000","-16","experiment","5","odd","present","1584547","1584547","NA","1553166","1312","169234","1638943","1639461","1371","150289","161699","1639461","1640019","1559957","1638927","Fraction component detection task","1112","633662","1127","yes","1280"
"98.670212766","98.670212766","562.40070922","562.40070922","#808080","no","legacy","legacy","legacy","0","uniform","1","undefined","undefined","undefined","1","a","5","5","0","1127","0","0","1127","1127","0","0","0","1127","1127","5","1127","Fri Apr 27 13:03:26 2018","#757575","low","4","The main experiment item","yes","","experiment.osexp","/Users/tom/github/sft-fraction/procedure","no","mono","no","24","no","white","no","yes","800","legacy","47","47","5","/Users/tom/github/sft-fraction/results/data/subject-5a.csv","legacy","#757575","low","2","Jazzy James","3.1.9","0","a","NA","space","space","space","a","return","726","NA","148901","11392","7534","726","24522","2","legacy","1024","2","48000","-16","experiment","5","odd","absent","1584547","1584547","NA","1553166","1312","169234","1640102","1640618","1371","150289","161699","1640619","1641361","1559957","1640084","Fraction component detection task","1113","634388","1128","yes","1280"
"98.6713906112","98.6713906112","562.298494243","562.298494243","#808080","no","legacy","legacy","legacy","0","uniform","1","undefined","undefined","undefined","1","l","5","5","0","1128","0","0","1128","1128","0","0","0","1128","1128","5","1128","Fri Apr 27 13:03:26 2018","#757575","low","8","The main experiment item","yes","","experiment.osexp","/Users/tom/github/sft-fraction/procedure","no","mono","no","24","no","white","no","yes","800","legacy","48","48","5","/Users/tom/github/sft-fraction/results/data/subject-5a.csv","legacy","#000000","high","8","Jazzy James","3.1.9","0","l","NA","space","space","space","l","return","447","NA","148901","11392","7534","447","24522","2","legacy","1024","2","48000","-16","experiment","5","odd","present","1584547","1584547","NA","1553166","1312","169234","1641451","1641970","1371","150289","161699","1641970","1642433","1559957","1641431","Fraction component detection task","1114","634835","1129","yes","1280"
"98.6725663717","98.6725663717","562.252212389","562.252212389","#808080","no","legacy","legacy","legacy","0","uniform","1","undefined","undefined","undefined","1","l","5","5","0","1129","0","0","1129","1129","0","0","0","1129","1129","5","1129","Fri Apr 27 13:03:26 2018","#757575","low","2","The main experiment item","yes","","experiment.osexp","/Users/tom/github/sft-fraction/procedure","no","mono","no","24","no","white","no","yes","800","legacy","49","49","5","/Users/tom/github/sft-fraction/results/data/subject-5a.csv","legacy","#757575","low","8","Jazzy James","3.1.9","0","l","NA","space","space","space","l","return","510","NA","148901","11392","7534","510","24522","2","legacy","1024","2","48000","-16","experiment","5","odd","present","1584547","1584547","NA","1553166","1312","169234","1642518","1643035","1371","150289","161699","1643035","1643561","1559957","1642500","Fraction component detection task","1115","635345","1130","yes","1280"
"98.6737400531","98.6737400531","562.221927498","562.221927498","#808080","no","legacy","legacy","legacy","0","uniform","1","undefined","undefined","undefined","1","l","5","5","0","1130","0","0","1130","1130","0","0","0","1130","1130","5","1130","Fri Apr 27 13:03:26 2018","#757575","low","4","The main experiment item","yes","","experiment.osexp","/Users/tom/github/sft-fraction/procedure","no","mono","no","24","no","white","no","yes","800","legacy","50","50","5","/Users/tom/github/sft-fraction/results/data/subject-5a.csv","legacy","#000000","high","7","Jazzy James","3.1.9","0","l","NA","space","space","space","l","return","528","NA","148901","11392","7534","528","24522","2","legacy","1024","2","48000","-16","experiment","5","odd","present","1584547","1584547","NA","1553166","1312","169234","1643644","1644160","1371","150289","161699","1644161","1644705","1559957","1643628","Fraction component detection task","1116","635873","1131","yes","1280"
"98.6749116608","98.6749116608","562.184628975","562.184628975","#808080","no","legacy","legacy","legacy","0","uniform","1","undefined","undefined","undefined","1","a","5","5","0","1131","0","0","1131","1131","0","0","0","1131","1131","5","1131","Fri Apr 27 13:03:26 2018","#757575","low","4","The main experiment item","yes","","experiment.osexp","/Users/tom/github/sft-fraction/procedure","no","mono","no","24","no","white","no","yes","800","legacy","51","51","5","/Users/tom/github/sft-fraction/results/data/subject-5a.csv","legacy","#000000","high","3","Jazzy James","3.1.9","0","a","NA","space","space","space","a","return","520","NA","148901","11392","7534","520","24522","2","legacy","1024","2","48000","-16","experiment","5","odd","absent","1584547","1584547","NA","1553166","1312","169234","1644794","1645314","1371","150289","161699","1645314","1645849","1559957","1644775","Fraction component detection task","1117","636393","1132","yes","1280"
"98.6760812004","98.6760812004","562.21270962","562.21270962","#808080","no","legacy","legacy","legacy","0","uniform","1","undefined","undefined","undefined","1","a","5","5","0","1132","0","0","1132","1132","0","0","0","1132","1132","5","1132","Fri Apr 27 13:03:26 2018","#000000","high","4","The main experiment item","yes","","experiment.osexp","/Users/tom/github/sft-fraction/procedure","no","mono","no","24","no","white","no","yes","800","legacy","52","52","5","/Users/tom/github/sft-fraction/results/data/subject-5a.csv","legacy","#757575","low","3","Jazzy James","3.1.9","0","a","NA","space","space","space","a","return","594","NA","148901","11392","7534","594","24522","2","legacy","1024","2","48000","-16","experiment","5","odd","absent","1584547","1584547","NA","1553166","1312","169234","1645935","1646455","1371","150289","161699","1646455","1647069","1559957","1645917","Fraction component detection task","1118","636987","1133","yes","1280"
"98.6772486772","98.6772486772","562.090828924","562.090828924","#808080","no","legacy","legacy","legacy","0","uniform","1","undefined","undefined","undefined","1","a","5","5","0","1133","0","0","1133","1133","0","0","0","1133","1133","5","1133","Fri Apr 27 13:03:26 2018","#757575","low","4","The main experiment item","yes","","experiment.osexp","/Users/tom/github/sft-fraction/procedure","no","mono","no","24","no","white","no","yes","800","legacy","53","53","5","/Users/tom/github/sft-fraction/results/data/subject-5a.csv","legacy","#757575","low","3","Jazzy James","3.1.9","0","a","NA","space","space","space","a","return","424","NA","148901","11392","7534","424","24522","2","legacy","1024","2","48000","-16","experiment","5","odd","absent","1584547","1584547","NA","1553166","1312","169234","1647160","1647681","1371","150289","161699","1647681","1648120","1559957","1647140","Fraction component detection task","1119","637411","1134","yes","1280"
"98.6784140969","98.6784140969","562.014096916","562.014096916","#808080","no","legacy","legacy","legacy","0","uniform","1","undefined","undefined","undefined","1","l","5","5","0","1134","0","0","1134","1134","0","0","0","1134","1134","5","1134","Fri Apr 27 13:03:26 2018","#000000","high","6","The main experiment item","yes","","experiment.osexp","/Users/tom/github/sft-fraction/procedure","no","mono","no","24","no","white","no","yes","800","legacy","54","54","5","/Users/tom/github/sft-fraction/results/data/subject-5a.csv","legacy","#757575","low","3","Jazzy James","3.1.9","0","l","NA","space","space","space","l","return","475","NA","148901","11392","7534","475","24522","2","legacy","1024","2","48000","-16","experiment","5","odd","present","1584547","1584547","NA","1553166","1312","169234","1648201","1648718","1371","150289","161699","1648718","1649208","1559957","1648185","Fraction component detection task","1120","637886","1135","yes","1280"
"98.6795774648","98.6795774648","562.008802817","562.008802817","#808080","no","legacy","legacy","legacy","0","uniform","1","undefined","undefined","undefined","1","l","5","5","0","1135","0","0","1135","1135","0","0","0","1135","1135","5","1135","Fri Apr 27 13:03:26 2018","#757575","low","6","The main experiment item","yes","","experiment.osexp","/Users/tom/github/sft-fraction/procedure","no","mono","no","24","no","white","no","yes","800","legacy","55","55","5","/Users/tom/github/sft-fraction/results/data/subject-5a.csv","legacy","#757575","low","8","Jazzy James","3.1.9","0","l","NA","space","space","space","l","return","556","NA","148901","11392","7534","556","24522","2","legacy","1024","2","48000","-16","experiment","5","odd","present","1584547","1584547","NA","1553166","1312","169234","1649296","1649814","1371","150289","161699","1649814","1650385","1559957","1649280","Fraction component detection task","1121","638442","1136","yes","1280"
"98.6807387863","98.6807387863","562.138082674","562.138082674","#808080","no","legacy","legacy","legacy","0","uniform","1","undefined","undefined","undefined","1","l","5","5","0","1136","0","0","1136","1136","0","0","0","1136","1136","5","1136","Fri Apr 27 13:03:26 2018","#757575","low","8","The main experiment item","yes","","experiment.osexp","/Users/tom/github/sft-fraction/procedure","no","mono","no","24","no","white","no","yes","800","legacy","56","56","5","/Users/tom/github/sft-fraction/results/data/subject-5a.csv","legacy","#000000","high","3","Jazzy James","3.1.9","0","l","NA","space","space","space","l","return","709","NA","148901","11392","7534","709","24522","2","legacy","1024","2","48000","-16","experiment","5","odd","present","1584547","1584547","NA","1553166","1312","169234","1650472","1650989","1371","150289","161699","1650989","1651713","1559957","1650455","Fraction component detection task","1122","639151","1137","yes","1280"
"98.6818980668","98.6818980668","562.180140598","562.180140598","#808080","no","legacy","legacy","legacy","0","uniform","1","undefined","undefined","undefined","1","a","5","5","0","1137","0","0","1137","1137","0","0","0","1137","1137","5","1137","Fri Apr 27 13:03:26 2018","#000000","high","3","The main experiment item","yes","","experiment.osexp","/Users/tom/github/sft-fraction/procedure","no","mono","no","24","no","white","no","yes","800","legacy","57","57","5","/Users/tom/github/sft-fraction/results/data/subject-5a.csv","legacy","#757575","low","4","Jazzy James","3.1.9","0","a","NA","space","space","space","a","return","610","NA","148901","11392","7534","610","24522","2","legacy","1024","2","48000","-16","experiment","5","odd","absent","1584547","1584547","NA","1553166","1312","169234","1651801","1652320","1371","150289","161699","1652320","1652946","1559957","1651784","Fraction component detection task","1123","639761","1138","yes","1280"
"98.6830553117","98.6830553117","562.185250219","562.185250219","#808080","no","legacy","legacy","legacy","0","uniform","1","undefined","undefined","undefined","1","l","5","5","0","1138","0","0","1138","1138","0","0","0","1138","1138","5","1138","Fri Apr 27 13:03:26 2018","#000000","high","4","The main experiment item","yes","","experiment.osexp","/Users/tom/github/sft-fraction/procedure","no","mono","no","24","no","white","no","yes","800","legacy","58","58","5","/Users/tom/github/sft-fraction/results/data/subject-5a.csv","legacy","#757575","low","6","Jazzy James","3.1.9","0","l","NA","space","space","space","l","return","568","NA","148901","11392","7534","568","24522","2","legacy","1024","2","48000","-16","experiment","5","odd","present","1584547","1584547","NA","1553166","1312","169234","1653027","1653545","1371","150289","161699","1653545","1654129","1559957","1653012","Fraction component detection task","1124","640329","1139","yes","1280"
"98.6842105263","98.6842105263","562.185964912","562.185964912","#808080","no","legacy","legacy","legacy","0","uniform","1","undefined","undefined","undefined","1","a","5","5","0","1139","0","0","1139","1139","0","0","0","1139","1139","5","1139","Fri Apr 27 13:03:26 2018","#757575","low","3","The main experiment item","yes","","experiment.osexp","/Users/tom/github/sft-fraction/procedure","no","mono","no","24","no","white","no","yes","800","legacy","59","59","5","/Users/tom/github/sft-fraction/results/data/subject-5a.csv","legacy","#000000","high","2","Jazzy James","3.1.9","0","a","NA","space","space","space","a","return","563","NA","148901","11392","7534","563","24522","2","legacy","1024","2","48000","-16","experiment","5","odd","absent","1584547","1584547","NA","1553166","1312","169234","1654208","1654726","1371","150289","161699","1654726","1655304","1559957","1654193","Fraction component detection task","1125","640892","1140","yes","1280"
"98.685363716","98.685363716","562.117440841","562.117440841","#808080","no","legacy","legacy","legacy","0","uniform","1","undefined","undefined","undefined","1","l","5","5","0","1140","0","0","1140","1140","0","0","0","1140","1140","5","1140","Fri Apr 27 13:03:26 2018","#757575","low","3","The main experiment item","yes","","experiment.osexp","/Users/tom/github/sft-fraction/procedure","no","mono","no","24","no","white","no","yes","800","legacy","60","60","5","/Users/tom/github/sft-fraction/results/data/subject-5a.csv","legacy","#757575","low","6","Jazzy James","3.1.9","0","l","NA","space","space","space","l","return","484","NA","148901","11392","7534","484","24522","2","legacy","1024","2","48000","-16","experiment","5","odd","present","1584547","1584547","NA","1553166","1312","169234","1655393","1655910","1371","150289","161699","1655910","1656410","1559957","1655372","Fraction component detection task","1126","641376","1141","yes","1280"
"98.6865148862","98.6865148862","562.097197898","562.097197898","#808080","no","legacy","legacy","legacy","0","uniform","1","undefined","undefined","undefined","1","a","5","5","0","1141","0","0","1141","1141","0","0","0","1141","1141","5","1141","Fri Apr 27 13:03:26 2018","#757575","low","2","The main experiment item","yes","","experiment.osexp","/Users/tom/github/sft-fraction/procedure","no","mono","no","24","no","white","no","yes","800","legacy","61","61","5","/Users/tom/github/sft-fraction/results/data/subject-5a.csv","legacy","#757575","low","3","Jazzy James","3.1.9","0","a","NA","space","space","space","a","return","539","NA","148901","11392","7534","539","24522","2","legacy","1024","2","48000","-16","experiment","5","odd","absent","1584547","1584547","NA","1553166","1312","169234","1656497","1657015","1371","150289","161699","1657015","1657578","1559957","1656481","Fraction component detection task","1127","641915","1142","yes","1280"
"98.687664042","98.687664042","562.039370079","562.039370079","#808080","no","legacy","legacy","legacy","0","uniform","1","undefined","undefined","undefined","1","a","5","5","0","1142","0","0","1142","1142","0","0","0","1142","1142","5","1142","Fri Apr 27 13:03:26 2018","#757575","low","3","The main experiment item","yes","","experiment.osexp","/Users/tom/github/sft-fraction/procedure","no","mono","no","24","no","white","no","yes","800","legacy","62","62","5","/Users/tom/github/sft-fraction/results/data/subject-5a.csv","legacy","#000000","high","2","Jazzy James","3.1.9","0","a","NA","space","space","space","a","return","496","NA","148901","11392","7534","496","24522","2","legacy","1024","2","48000","-16","experiment","5","odd","absent","1584547","1584547","NA","1553166","1312","169234","1657662","1658178","1371","150289","161699","1658178","1658690","1559957","1657645","Fraction component detection task","1128","642411","1143","yes","1280"
"98.6888111888","98.6888111888","561.988636364","561.988636364","#808080","no","legacy","legacy","legacy","0","uniform","1","undefined","undefined","undefined","1","l","5","5","0","1143","0","0","1143","1143","0","0","0","1143","1143","5","1143","Fri Apr 27 13:03:26 2018","#757575","low","2","The main experiment item","yes","","experiment.osexp","/Users/tom/github/sft-fraction/procedure","no","mono","no","24","no","white","no","yes","800","legacy","63","63","5","/Users/tom/github/sft-fraction/results/data/subject-5a.csv","legacy","#000000","high","8","Jazzy James","3.1.9","0","l","NA","space","space","space","l","return","504","NA","148901","11392","7534","504","24522","2","legacy","1024","2","48000","-16","experiment","5","odd","present","1584547","1584547","NA","1553166","1312","169234","1658774","1659290","1371","150289","161699","1659290","1659811","1559957","1658757","Fraction component detection task","1129","642915","1144","yes","1280"
"98.6899563319","98.6899563319","561.96768559","561.96768559","#808080","no","legacy","legacy","legacy","0","uniform","1","undefined","undefined","undefined","1","a","5","5","0","1144","0","0","1144","1144","0","0","0","1144","1144","5","1144","Fri Apr 27 13:03:26 2018","#000000","high","3","The main experiment item","yes","","experiment.osexp","/Users/tom/github/sft-fraction/procedure","no","mono","no","24","no","white","no","yes","800","legacy","64","64","5","/Users/tom/github/sft-fraction/results/data/subject-5a.csv","legacy","#757575","low","3","Jazzy James","3.1.9","0","a","NA","space","space","space","a","return","538","NA","148901","11392","7534","538","24522","2","legacy","1024","2","48000","-16","experiment","5","odd","absent","1584547","1584547","NA","1553166","1312","169234","1659898","1660416","1371","150289","161699","1660416","1660970","1559957","1659882","Fraction component detection task","1130","643453","1145","yes","1280"
"98.6910994764","98.6910994764","561.940663176","561.940663176","#808080","no","legacy","legacy","legacy","0","uniform","1","undefined","undefined","undefined","1","l","5","5","0","1145","0","0","1145","1145","0","0","0","1145","1145","5","1145","Fri Apr 27 13:03:26 2018","#000000","high","6","The main experiment item","yes","","experiment.osexp","/Users/tom/github/sft-fraction/procedure","no","mono","no","24","no","white","no","yes","800","legacy","65","65","5","/Users/tom/github/sft-fraction/results/data/subject-5a.csv","legacy","#000000","high","4","Jazzy James","3.1.9","0","l","NA","space","space","space","l","return","531","NA","148901","11392","7534","531","24522","2","legacy","1024","2","48000","-16","experiment","5","odd","present","1584547","1584547","NA","1553166","1312","169234","1661056","1661573","1371","150289","161699","1661574","1662122","1559957","1661035","Fraction component detection task","1131","643984","1146","yes","1280"
"98.6922406277","98.6922406277","561.954664342","561.954664342","#808080","no","legacy","legacy","legacy","0","uniform","1","undefined","undefined","undefined","1","l","5","5","0","1146","0","0","1146","1146","0","0","0","1146","1146","5","1146","Fri Apr 27 13:03:26 2018","#000000","high","8","The main experiment item","yes","","experiment.osexp","/Users/tom/github/sft-fraction/procedure","no","mono","no","24","no","white","no","yes","800","legacy","66","66","5","/Users/tom/github/sft-fraction/results/data/subject-5a.csv","legacy","#000000","high","3","Jazzy James","3.1.9","0","l","NA","space","space","space","l","return","578","NA","148901","11392","7534","578","24522","2","legacy","1024","2","48000","-16","experiment","5","odd","present","1584547","1584547","NA","1553166","1312","169234","1662208","1662727","1371","150289","161699","1662727","1663322","1559957","1662192","Fraction component detection task","1132","644562","1147","yes","1280"
"98.6933797909","98.6933797909","562.057491289","562.057491289","#808080","no","legacy","legacy","legacy","0","uniform","1","undefined","undefined","undefined","1","a","5","5","0","1147","0","0","1147","1147","0","0","0","1147","1147","5","1147","Fri Apr 27 13:03:26 2018","#757575","low","3","The main experiment item","yes","","experiment.osexp","/Users/tom/github/sft-fraction/procedure","no","mono","no","24","no","white","no","yes","800","legacy","67","67","5","/Users/tom/github/sft-fraction/results/data/subject-5a.csv","legacy","#000000","high","4","Jazzy James","3.1.9","0","a","NA","space","space","space","a","return","680","NA","148901","11392","7534","680","24522","2","legacy","1024","2","48000","-16","experiment","5","odd","absent","1584547","1584547","NA","1553166","1312","169234","1663404","1663921","1371","150289","161699","1663922","1664618","1559957","1663388","Fraction component detection task","1133","645242","1148","yes","1280"
"98.6945169713","98.6945169713","562.067014795","562.067014795","#808080","no","legacy","legacy","legacy","0","uniform","1","undefined","undefined","undefined","1","l","5","5","0","1148","0","0","1148","1148","0","0","0","1148","1148","5","1148","Fri Apr 27 13:03:26 2018","#000000","high","6","The main experiment item","yes","","experiment.osexp","/Users/tom/github/sft-fraction/procedure","no","mono","no","24","no","white","no","yes","800","legacy","68","68","5","/Users/tom/github/sft-fraction/results/data/subject-5a.csv","legacy","#757575","low","6","Jazzy James","3.1.9","0","l","NA","space","space","space","l","return","573","NA","148901","11392","7534","573","24522","2","legacy","1024","2","48000","-16","experiment","5","odd","present","1584547","1584547","NA","1553166","1312","169234","1664704","1665220","1371","150289","161699","1665221","1665810","1559957","1664686","Fraction component detection task","1134","645815","1149","yes","1280"
"98.6956521739","98.6956521739","562.022608696","562.022608696","#808080","no","legacy","legacy","legacy","0","uniform","1","undefined","undefined","undefined","1","l","5","5","0","1149","0","0","1149","1149","0","0","0","1149","1149","5","1149","Fri Apr 27 13:03:26 2018","#757575","low","4","The main experiment item","yes","","experiment.osexp","/Users/tom/github/sft-fraction/procedure","no","mono","no","24","no","white","no","yes","800","legacy","69","69","5","/Users/tom/github/sft-fraction/results/data/subject-5a.csv","legacy","#757575","low","7","Jazzy James","3.1.9","0","l","NA","space","space","space","l","return","511","NA","148901","11392","7534","511","24522","2","legacy","1024","2","48000","-16","experiment","5","odd","present","1584547","1584547","NA","1553166","1312","169234","1665895","1666412","1371","150289","161699","1666412","1666938","1559957","1665879","Fraction component detection task","1135","646326","1150","yes","1280"
"98.696785404","98.696785404","561.944396177","561.944396177","#808080","no","legacy","legacy","legacy","0","uniform","1","undefined","undefined","undefined","1","l","5","5","0","1150","0","0","1150","1150","0","0","0","1150","1150","5","1150","Fri Apr 27 13:03:26 2018","#000000","high","6","The main experiment item","yes","","experiment.osexp","/Users/tom/github/sft-fraction/procedure","no","mono","no","24","no","white","no","yes","800","legacy","70","70","5","/Users/tom/github/sft-fraction/results/data/subject-5a.csv","legacy","#757575","low","7","Jazzy James","3.1.9","0","l","NA","space","space","space","l","return","472","NA","148901","11392","7534","472","24522","2","legacy","1024","2","48000","-16","experiment","5","odd","present","1584547","1584547","NA","1553166","1312","169234","1667020","1667537","1371","150289","161699","1667538","1668026","1559957","1667004","Fraction component detection task","1136","646798","1151","yes","1280"
"98.6979166667","98.6979166667","561.849826389","561.849826389","#808080","no","legacy","legacy","legacy","0","uniform","1","undefined","undefined","undefined","1","l","5","5","0","1151","0","0","1151","1151","0","0","0","1151","1151","5","1151","Fri Apr 27 13:03:26 2018","#757575","low","7","The main experiment item","yes","","experiment.osexp","/Users/tom/github/sft-fraction/procedure","no","mono","no","24","no","white","no","yes","800","legacy","71","71","5","/Users/tom/github/sft-fraction/results/data/subject-5a.csv","legacy","#757575","low","7","Jazzy James","3.1.9","0","l","NA","space","space","space","l","return","453","NA","148901","11392","7534","453","24522","2","legacy","1024","2","48000","-16","experiment","5","odd","present","1584547","1584547","NA","1553166","1312","169234","1668111","1668629","1371","150289","161699","1668629","1669099","1559957","1668096","Fraction component detection task","1137","647251","1152","yes","1280"
"98.699045967","98.699045967","561.797918474","561.797918474","#808080","no","legacy","legacy","legacy","0","uniform","1","undefined","undefined","undefined","1","a","5","5","0","1152","0","0","1152","1152","0","0","0","1152","1152","5","1152","Fri Apr 27 13:03:26 2018","#000000","high","4","The main experiment item","yes","","experiment.osexp","/Users/tom/github/sft-fraction/procedure","no","mono","no","24","no","white","no","yes","800","legacy","72","72","5","/Users/tom/github/sft-fraction/results/data/subject-5a.csv","legacy","#000000","high","4","Jazzy James","3.1.9","0","a","NA","space","space","space","a","return","502","NA","148901","11392","7534","502","24522","2","legacy","1024","2","48000","-16","experiment","5","odd","absent","1584547","1584547","NA","1553166","1312","169234","1669182","1669700","1371","150289","161699","1669700","1670218","1559957","1669165","Fraction component detection task","1138","647753","1153","yes","1280"
"98.7001733102","98.7001733102","561.708838821","561.708838821","#808080","no","legacy","legacy","legacy","0","uniform","1","undefined","undefined","undefined","1","l","5","5","0","1153","0","0","1153","1153","0","0","0","1153","1153","5","1153","Fri Apr 27 13:03:26 2018","#757575","low","6","The main experiment item","yes","","experiment.osexp","/Users/tom/github/sft-fraction/procedure","no","mono","no","24","no","white","no","yes","800","legacy","73","73","5","/Users/tom/github/sft-fraction/results/data/subject-5a.csv","legacy","#757575","low","6","Jazzy James","3.1.9","0","l","NA","space","space","space","l","return","459","NA","148901","11392","7534","459","24522","2","legacy","1024","2","48000","-16","experiment","5","odd","present","1584547","1584547","NA","1553166","1312","169234","1670306","1670823","1371","150289","161699","1670823","1671297","1559957","1670290","Fraction component detection task","1139","648212","1154","yes","1280"
"98.7012987013","98.7012987013","561.638095238","561.638095238","#808080","no","legacy","legacy","legacy","0","uniform","1","undefined","undefined","undefined","1","a","5","5","0","1154","0","0","1154","1154","0","0","0","1154","1154","5","1154","Fri Apr 27 13:03:26 2018","#757575","low","3","The main experiment item","yes","","experiment.osexp","/Users/tom/github/sft-fraction/procedure","no","mono","no","24","no","white","no","yes","800","legacy","74","74","5","/Users/tom/github/sft-fraction/results/data/subject-5a.csv","legacy","#757575","low","3","Jazzy James","3.1.9","0","a","NA","space","space","space","a","return","480","NA","148901","11392","7534","480","24522","2","legacy","1024","2","48000","-16","experiment","5","odd","absent","1584547","1584547","NA","1553166","1312","169234","1671382","1671899","1371","150289","161699","1671899","1672395","1559957","1671367","Fraction component detection task","1140","648692","1155","yes","1280"
"98.7024221453","98.7024221453","561.556228374","561.556228374","#808080","no","legacy","legacy","legacy","0","uniform","1","undefined","undefined","undefined","1","a","5","5","0","1155","0","0","1155","1155","0","0","0","1155","1155","5","1155","Fri Apr 27 13:03:26 2018","#757575","low","4","The main experiment item","yes","","experiment.osexp","/Users/tom/github/sft-fraction/procedure","no","mono","no","24","no","white","no","yes","800","legacy","75","75","5","/Users/tom/github/sft-fraction/results/data/subject-5a.csv","legacy","#000000","high","2","Jazzy James","3.1.9","0","a","NA","space","space","space","a","return","467","NA","148901","11392","7534","467","24522","2","legacy","1024","2","48000","-16","experiment","5","odd","absent","1584547","1584547","NA","1553166","1312","169234","1672484","1673000","1371","150289","161699","1673000","1673483","1559957","1672464","Fraction component detection task","1141","649159","1156","yes","1280"
"98.7035436474","98.7035436474","561.546240277","561.546240277","#808080","no","legacy","legacy","legacy","0","uniform","1","undefined","undefined","undefined","1","l","5","5","0","1156","0","0","1156","1156","0","0","0","1156","1156","5","1156","Fri Apr 27 13:03:26 2018","#757575","low","8","The main experiment item","yes","","experiment.osexp","/Users/tom/github/sft-fraction/procedure","no","mono","no","24","no","white","no","yes","800","legacy","76","76","5","/Users/tom/github/sft-fraction/results/data/subject-5a.csv","legacy","#000000","high","7","Jazzy James","3.1.9","0","l","NA","space","space","space","l","return","550","NA","148901","11392","7534","550","24522","2","legacy","1024","2","48000","-16","experiment","5","odd","present","1584547","1584547","NA","1553166","1312","169234","1673567","1674085","1371","150289","161699","1674085","1674652","1559957","1673550","Fraction component detection task","1142","649709","1157","yes","1280"
"98.7046632124","98.7046632124","561.610535406","561.610535406","#808080","no","legacy","legacy","legacy","0","uniform","1","undefined","undefined","undefined","1","l","5","5","0","1157","0","0","1157","1157","0","0","0","1157","1157","5","1157","Fri Apr 27 13:03:26 2018","#757575","low","6","The main experiment item","yes","","experiment.osexp","/Users/tom/github/sft-fraction/procedure","no","mono","no","24","no","white","no","yes","800","legacy","77","77","5","/Users/tom/github/sft-fraction/results/data/subject-5a.csv","legacy","#000000","high","2","Jazzy James","3.1.9","0","l","NA","space","space","space","l","return","636","NA","148901","11392","7534","636","24522","2","legacy","1024","2","48000","-16","experiment","5","odd","present","1584547","1584547","NA","1553166","1312","169234","1674736","1675255","1371","150289","161699","1675255","1675906","1559957","1674721","Fraction component detection task","1143","650345","1158","yes","1280"
"98.7057808456","98.7057808456","561.660914582","561.660914582","#808080","no","legacy","legacy","legacy","0","uniform","1","undefined","undefined","undefined","1","l","5","5","0","1158","0","0","1158","1158","0","0","0","1158","1158","5","1158","Fri Apr 27 13:03:26 2018","#757575","low","8","The main experiment item","yes","","experiment.osexp","/Users/tom/github/sft-fraction/procedure","no","mono","no","24","no","white","no","yes","800","legacy","78","78","5","/Users/tom/github/sft-fraction/results/data/subject-5a.csv","legacy","#757575","low","3","Jazzy James","3.1.9","0","l","NA","space","space","space","l","return","620","NA","148901","11392","7534","620","24522","2","legacy","1024","2","48000","-16","experiment","5","odd","present","1584547","1584547","NA","1553166","1312","169234","1675991","1676510","1371","150289","161699","1676510","1677146","1559957","1675975","Fraction component detection task","1144","650965","1159","yes","1280"
"98.7068965517","98.7068965517","561.599137931","561.599137931","#808080","no","legacy","legacy","legacy","0","uniform","1","undefined","undefined","undefined","1","l","5","5","0","1159","0","0","1159","1159","0","0","0","1159","1159","5","1159","Fri Apr 27 13:03:26 2018","#000000","high","3","The main experiment item","yes","","experiment.osexp","/Users/tom/github/sft-fraction/procedure","no","mono","no","24","no","white","no","yes","800","legacy","79","79","5","/Users/tom/github/sft-fraction/results/data/subject-5a.csv","legacy","#757575","low","7","Jazzy James","3.1.9","0","l","NA","space","space","space","l","return","490","NA","148901","11392","7534","490","24522","2","legacy","1024","2","48000","-16","experiment","5","odd","present","1584547","1584547","NA","1553166","1312","169234","1677235","1677752","1371","150289","161699","1677752","1678262","1559957","1677219","Fraction component detection task","1145","651455","1160","yes","1280"
"98.7080103359","98.7080103359","561.726098191","561.726098191","#808080","no","legacy","legacy","legacy","0","uniform","1","undefined","undefined","undefined","1","a","5","5","0","1160","0","0","1160","1160","0","0","0","1160","1160","5","1160","Fri Apr 27 13:03:26 2018","#000000","high","3","The main experiment item","yes","","experiment.osexp","/Users/tom/github/sft-fraction/procedure","no","mono","no","24","no","white","no","yes","800","legacy","80","80","5","/Users/tom/github/sft-fraction/results/data/subject-5a.csv","legacy","#757575","low","4","Jazzy James","3.1.9","0","a","NA","space","space","space","a","return","709","NA","148901","11392","7534","709","24522","2","legacy","1024","2","48000","-16","experiment","5","odd","absent","1584547","1584547","NA","1553166","1312","169234","1678349","1678870","1371","150289","161699","1678870","1679595","1559957","1678329","Fraction component detection task","1146","652164","1161","yes","1280"
"98.7091222031","98.7091222031","561.864888124","561.864888124","#808080","no","legacy","legacy","legacy","0","uniform","1","undefined","undefined","undefined","1","a","5","5","0","1161","0","0","1161","1161","0","0","0","1161","1161","5","1161","Fri Apr 27 13:03:26 2018","#757575","low","2","The main experiment item","yes","","experiment.osexp","/Users/tom/github/sft-fraction/procedure","no","mono","no","24","no","white","no","yes","800","legacy","81","81","5","/Users/tom/github/sft-fraction/results/data/subject-5a.csv","legacy","#000000","high","4","Jazzy James","3.1.9","0","a","NA","space","space","space","a","return","723","NA","148901","11392","7534","723","24522","2","legacy","1024","2","48000","-16","experiment","5","odd","absent","1584547","1584547","NA","1553166","1312","169234","1679681","1680200","1371","150289","161699","1680200","1680940","1559957","1679665","Fraction component detection task","1147","652887","1162","yes","1280"
"98.7102321582","98.7102321582","561.881341359","561.881341359","#808080","no","legacy","legacy","legacy","0","uniform","1","undefined","undefined","undefined","1","a","5","5","0","1162","0","0","1162","1162","0","0","0","1162","1162","5","1162","Fri Apr 27 13:03:26 2018","#000000","high","3","The main experiment item","yes","","experiment.osexp","/Users/tom/github/sft-fraction/procedure","no","mono","no","24","no","white","no","yes","800","legacy","82","82","5","/Users/tom/github/sft-fraction/results/data/subject-5a.csv","legacy","#757575","low","2","Jazzy James","3.1.9","0","a","NA","space","space","space","a","return","581","NA","148901","11392","7534","581","24522","2","legacy","1024","2","48000","-16","experiment","5","odd","absent","1584547","1584547","NA","1553166","1312","169234","1681032","1681549","1371","150289","161699","1681549","1682146","1559957","1681011","Fraction component detection task","1148","653468","1163","yes","1280"
"98.7113402062","98.7113402062","561.853092784","561.853092784","#808080","no","legacy","legacy","legacy","0","uniform","1","undefined","undefined","undefined","1","a","5","5","0","1163","0","0","1163","1163","0","0","0","1163","1163","5","1163","Fri Apr 27 13:03:26 2018","#757575","low","2","The main experiment item","yes","","experiment.osexp","/Users/tom/github/sft-fraction/procedure","no","mono","no","24","no","white","no","yes","800","legacy","83","83","5","/Users/tom/github/sft-fraction/results/data/subject-5a.csv","legacy","#757575","low","3","Jazzy James","3.1.9","0","a","NA","space","space","space","a","return","529","NA","148901","11392","7534","529","24522","2","legacy","1024","2","48000","-16","experiment","5","odd","absent","1584547","1584547","NA","1553166","1312","169234","1682236","1682753","1371","150289","161699","1682753","1683298","1559957","1682219","Fraction component detection task","1149","653997","1164","yes","1280"
"98.7124463519","98.7124463519","561.824892704","561.824892704","#808080","no","legacy","legacy","legacy","0","uniform","1","undefined","undefined","undefined","1","a","5","5","0","1164","0","0","1164","1164","0","0","0","1164","1164","5","1164","Fri Apr 27 13:03:26 2018","#000000","high","4","The main experiment item","yes","","experiment.osexp","/Users/tom/github/sft-fraction/procedure","no","mono","no","24","no","white","no","yes","800","legacy","84","84","5","/Users/tom/github/sft-fraction/results/data/subject-5a.csv","legacy","#757575","low","2","Jazzy James","3.1.9","0","a","NA","space","space","space","a","return","529","NA","148901","11392","7534","529","24522","2","legacy","1024","2","48000","-16","experiment","5","odd","absent","1584547","1584547","NA","1553166","1312","169234","1683388","1683905","1371","150289","161699","1683906","1684452","1559957","1683368","Fraction component detection task","1150","654526","1165","yes","1280"
"98.7135506003","98.7135506003","561.740137221","561.740137221","#808080","no","legacy","legacy","legacy","0","uniform","1","undefined","undefined","undefined","1","a","5","5","0","1165","0","0","1165","1165","0","0","0","1165","1165","5","1165","Fri Apr 27 13:03:26 2018","#757575","low","4","The main experiment item","yes","","experiment.osexp","/Users/tom/github/sft-fraction/procedure","no","mono","no","24","no","white","no","yes","800","legacy","85","85","5","/Users/tom/github/sft-fraction/results/data/subject-5a.csv","legacy","#757575","low","4","Jazzy James","3.1.9","0","a","NA","space","space","space","a","return","463","NA","148901","11392","7534","463","24522","2","legacy","1024","2","48000","-16","experiment","5","odd","absent","1584547","1584547","NA","1553166","1312","169234","1684535","1685051","1371","150289","161699","1685052","1685531","1559957","1684520","Fraction component detection task","1151","654989","1166","yes","1280"
"98.7146529563","98.7146529563","561.706083976","561.706083976","#808080","no","legacy","legacy","legacy","0","uniform","1","undefined","undefined","undefined","1","l","5","5","0","1166","0","0","1166","1166","0","0","0","1166","1166","5","1166","Fri Apr 27 13:03:26 2018","#000000","high","2","The main experiment item","yes","","experiment.osexp","/Users/tom/github/sft-fraction/procedure","no","mono","no","24","no","white","no","yes","800","legacy","86","86","5","/Users/tom/github/sft-fraction/results/data/subject-5a.csv","legacy","#000000","high","8","Jazzy James","3.1.9","0","l","NA","space","space","space","l","return","522","NA","148901","11392","7534","522","24522","2","legacy","1024","2","48000","-16","experiment","5","odd","present","1584547","1584547","NA","1553166","1312","169234","1685616","1686137","1371","150289","161699","1686137","1686680","1559957","1685601","Fraction component detection task","1152","655511","1167","yes","1280"
"98.7157534247","98.7157534247","561.6875","561.6875","#808080","no","legacy","legacy","legacy","0","uniform","1","undefined","undefined","undefined","1","l","5","5","0","1167","0","0","1167","1167","0","0","0","1167","1167","5","1167","Fri Apr 27 13:03:26 2018","#757575","low","4","The main experiment item","yes","","experiment.osexp","/Users/tom/github/sft-fraction/procedure","no","mono","no","24","no","white","no","yes","800","legacy","87","87","5","/Users/tom/github/sft-fraction/results/data/subject-5a.csv","legacy","#757575","low","6","Jazzy James","3.1.9","0","l","NA","space","space","space","l","return","540","NA","148901","11392","7534","540","24522","2","legacy","1024","2","48000","-16","experiment","5","odd","present","1584547","1584547","NA","1553166","1312","169234","1686768","1687287","1371","150289","161699","1687287","1687843","1559957","1686752","Fraction component detection task","1153","656051","1168","yes","1280"
"98.7168520103","98.7168520103","561.607356715","561.607356715","#808080","no","legacy","legacy","legacy","0","uniform","1","undefined","undefined","undefined","1","l","5","5","0","1168","0","0","1168","1168","0","0","0","1168","1168","5","1168","Fri Apr 27 13:03:26 2018","#000000","high","3","The main experiment item","yes","","experiment.osexp","/Users/tom/github/sft-fraction/procedure","no","mono","no","24","no","white","no","yes","800","legacy","88","88","5","/Users/tom/github/sft-fraction/results/data/subject-5a.csv","legacy","#000000","high","6","Jazzy James","3.1.9","0","l","NA","space","space","space","l","return","468","NA","148901","11392","7534","468","24522","2","legacy","1024","2","48000","-16","experiment","5","odd","present","1584547","1584547","NA","1553166","1312","169234","1687928","1688448","1371","150289","161699","1688448","1688932","1559957","1687909","Fraction component detection task","1154","656519","1169","yes","1280"
"98.7179487179","98.7179487179","561.547008547","561.547008547","#808080","no","legacy","legacy","legacy","0","uniform","1","undefined","undefined","undefined","1","l","5","5","0","1169","0","0","1169","1169","0","0","0","1169","1169","5","1169","Fri Apr 27 13:03:26 2018","#000000","high","8","The main experiment item","yes","","experiment.osexp","/Users/tom/github/sft-fraction/procedure","no","mono","no","24","no","white","no","yes","800","legacy","89","89","5","/Users/tom/github/sft-fraction/results/data/subject-5a.csv","legacy","#000000","high","6","Jazzy James","3.1.9","0","l","NA","space","space","space","l","return","491","NA","148901","11392","7534","491","24522","2","legacy","1024","2","48000","-16","experiment","5","odd","present","1584547","1584547","NA","1553166","1312","169234","1689015","1689536","1371","150289","161699","1689536","1690042","1559957","1689000","Fraction component detection task","1155","657010","1170","yes","1280"
"98.7190435525","98.7190435525","561.517506405","561.517506405","#808080","no","legacy","legacy","legacy","0","uniform","1","undefined","undefined","undefined","1","l","5","5","0","1170","0","0","1170","1170","0","0","0","1170","1170","5","1170","Fri Apr 27 13:03:26 2018","#000000","high","6","The main experiment item","yes","","experiment.osexp","/Users/tom/github/sft-fraction/procedure","no","mono","no","24","no","white","no","yes","800","legacy","90","90","5","/Users/tom/github/sft-fraction/results/data/subject-5a.csv","legacy","#757575","low","8","Jazzy James","3.1.9","0","l","NA","space","space","space","l","return","527","NA","148901","11392","7534","527","24522","2","legacy","1024","2","48000","-16","experiment","5","odd","present","1584547","1584547","NA","1553166","1312","169234","1690129","1690652","1371","150289","161699","1690652","1691198","1559957","1690113","Fraction component detection task","1156","657537","1171","yes","1280"
"98.7201365188","98.7201365188","561.88225256","561.88225256","#808080","no","legacy","legacy","legacy","0","uniform","1","undefined","undefined","undefined","1","a","5","5","0","1171","0","0","1171","1171","0","0","0","1171","1171","5","1171","Fri Apr 27 13:03:26 2018","#000000","high","3","The main experiment item","yes","","experiment.osexp","/Users/tom/github/sft-fraction/procedure","no","mono","no","24","no","white","no","yes","800","legacy","91","91","5","/Users/tom/github/sft-fraction/results/data/subject-5a.csv","legacy","#757575","low","4","Jazzy James","3.1.9","0","a","NA","space","space","space","a","return","989","NA","148901","11392","7534","989","24522","2","legacy","1024","2","48000","-16","experiment","5","odd","absent","1584547","1584547","NA","1553166","1312","169234","1691290","1691807","1371","150289","161699","1691807","1692816","1559957","1691274","Fraction component detection task","1157","658526","1172","yes","1280"
"98.7212276215","98.7212276215","561.836317136","561.836317136","#808080","no","legacy","legacy","legacy","0","uniform","1","undefined","undefined","undefined","1","a","5","5","0","1172","0","0","1172","1172","0","0","0","1172","1172","5","1172","Fri Apr 27 13:03:26 2018","#000000","high","2","The main experiment item","yes","","experiment.osexp","/Users/tom/github/sft-fraction/procedure","no","mono","no","24","no","white","no","yes","800","legacy","92","92","5","/Users/tom/github/sft-fraction/results/data/subject-5a.csv","legacy","#000000","high","2","Jazzy James","3.1.9","0","a","NA","space","space","space","a","return","508","NA","148901","11392","7534","508","24522","2","legacy","1024","2","48000","-16","experiment","5","odd","absent","1584547","1584547","NA","1553166","1312","169234","1692900","1693416","1371","150289","161699","1693416","1693940","1559957","1692880","Fraction component detection task","1158","659034","1173","yes","1280"
"98.7223168654","98.7223168654","561.819420784","561.819420784","#808080","no","legacy","legacy","legacy","0","uniform","1","undefined","undefined","undefined","1","l","5","5","0","1173","0","0","1173","1173","0","0","0","1173","1173","5","1173","Fri Apr 27 13:03:26 2018","#757575","low","4","The main experiment item","yes","","experiment.osexp","/Users/tom/github/sft-fraction/procedure","no","mono","no","24","no","white","no","yes","800","legacy","93","93","5","/Users/tom/github/sft-fraction/results/data/subject-5a.csv","legacy","#000000","high","6","Jazzy James","3.1.9","0","l","NA","space","space","space","l","return","542","NA","148901","11392","7534","542","24522","2","legacy","1024","2","48000","-16","experiment","5","odd","present","1584547","1584547","NA","1553166","1312","169234","1694020","1694541","1371","150289","161699","1694541","1695103","1559957","1694004","Fraction component detection task","1159","659576","1174","yes","1280"
"98.7234042553","98.7234042553","561.805957447","561.805957447","#808080","no","legacy","legacy","legacy","0","uniform","1","undefined","undefined","undefined","1","a","5","5","0","1174","0","0","1174","1174","0","0","0","1174","1174","5","1174","Fri Apr 27 13:03:26 2018","#757575","low","3","The main experiment item","yes","","experiment.osexp","/Users/tom/github/sft-fraction/procedure","no","mono","no","24","no","white","no","yes","800","legacy","94","94","5","/Users/tom/github/sft-fraction/results/data/subject-5a.csv","legacy","#000000","high","3","Jazzy James","3.1.9","0","a","NA","space","space","space","a","return","546","NA","148901","11392","7534","546","24522","2","legacy","1024","2","48000","-16","experiment","5","odd","absent","1584547","1584547","NA","1553166","1312","169234","1695189","1695705","1371","150289","161699","1695705","1696267","1559957","1695170","Fraction component detection task","1160","660122","1175","yes","1280"
"98.7244897959","98.7244897959","561.704081633","561.704081633","#808080","no","legacy","legacy","legacy","0","uniform","1","undefined","undefined","undefined","1","a","5","5","0","1175","0","0","1175","1175","0","0","0","1175","1175","5","1175","Fri Apr 27 13:03:26 2018","#000000","high","3","The main experiment item","yes","","experiment.osexp","/Users/tom/github/sft-fraction/procedure","no","mono","no","24","no","white","no","yes","800","legacy","95","95","5","/Users/tom/github/sft-fraction/results/data/subject-5a.csv","legacy","#757575","low","2","Jazzy James","3.1.9","0","a","NA","space","space","space","a","return","442","NA","148901","11392","7534","442","24522","2","legacy","1024","2","48000","-16","experiment","5","odd","absent","1584547","1584547","NA","1553166","1312","169234","1696357","1696874","1371","150289","161699","1696874","1697334","1559957","1696339","Fraction component detection task","1161","660564","1176","yes","1280"
"98.7255734919","98.7255734919","561.596431606","561.596431606","#808080","no","legacy","legacy","legacy","0","uniform","1","undefined","undefined","undefined","1","a","5","5","0","1176","0","0","1176","1176","0","0","0","1176","1176","5","1176","Fri Apr 27 13:03:26 2018","#000000","high","3","The main experiment item","yes","","experiment.osexp","/Users/tom/github/sft-fraction/procedure","no","mono","no","24","no","white","no","yes","800","legacy","96","96","5","/Users/tom/github/sft-fraction/results/data/subject-5a.csv","legacy","#000000","high","2","Jazzy James","3.1.9","0","a","NA","space","space","space","a","return","435","NA","148901","11392","7534","435","24522","2","legacy","1024","2","48000","-16","experiment","5","odd","absent","1584547","1584547","NA","1553166","1312","169234","1697418","1697937","1371","150289","161699","1697937","1698388","1559957","1697402","Fraction component detection task","1162","660999","1177","yes","1280"
"98.726655348","98.726655348","561.544142615","561.544142615","#808080","no","legacy","legacy","legacy","0","uniform","1","undefined","undefined","undefined","1","l","5","5","0","1177","0","0","1177","1177","0","0","0","1177","1177","5","1177","Fri Apr 27 13:03:26 2018","#000000","high","3","The main experiment item","yes","","experiment.osexp","/Users/tom/github/sft-fraction/procedure","no","mono","no","24","no","white","no","yes","800","legacy","97","97","5","/Users/tom/github/sft-fraction/results/data/subject-5a.csv","legacy","#000000","high","7","Jazzy James","3.1.9","0","l","NA","space","space","space","l","return","500","NA","148901","11392","7534","500","24522","2","legacy","1024","2","48000","-16","experiment","5","odd","present","1584547","1584547","NA","1553166","1312","169234","1698475","1698991","1371","150289","161699","1698992","1699511","1559957","1698460","Fraction component detection task","1163","661499","1178","yes","1280"
"98.727735369","98.727735369","561.564885496","561.564885496","#808080","no","legacy","legacy","legacy","0","uniform","1","undefined","undefined","undefined","1","a","5","5","0","1178","0","0","1178","1178","0","0","0","1178","1178","5","1178","Fri Apr 27 13:03:26 2018","#000000","high","2","The main experiment item","yes","","experiment.osexp","/Users/tom/github/sft-fraction/procedure","no","mono","no","24","no","white","no","yes","800","legacy","98","98","5","/Users/tom/github/sft-fraction/results/data/subject-5a.csv","legacy","#757575","low","3","Jazzy James","3.1.9","0","a","NA","space","space","space","a","return","586","NA","148901","11392","7534","586","24522","2","legacy","1024","2","48000","-16","experiment","5","odd","absent","1584547","1584547","NA","1553166","1312","169234","1699598","1700114","1371","150289","161699","1700114","1700716","1559957","1699581","Fraction component detection task","1164","662085","1179","yes","1280"
"98.7288135593","98.7288135593","561.562711864","561.562711864","#808080","no","legacy","legacy","legacy","0","uniform","1","undefined","undefined","undefined","1","a","5","5","0","1179","0","0","1179","1179","0","0","0","1179","1179","5","1179","Fri Apr 27 13:03:26 2018","#757575","low","4","The main experiment item","yes","","experiment.osexp","/Users/tom/github/sft-fraction/procedure","no","mono","no","24","no","white","no","yes","800","legacy","99","99","5","/Users/tom/github/sft-fraction/results/data/subject-5a.csv","legacy","#000000","high","4","Jazzy James","3.1.9","0","a","NA","space","space","space","a","return","559","NA","148901","11392","7534","559","24522","2","legacy","1024","2","48000","-16","experiment","5","odd","absent","1584547","1584547","NA","1553166","1312","169234","1700803","1701325","1371","150289","161699","1701325","1701901","1559957","1700780","Fraction component detection task","1165","662644","1180","yes","1280"
"98.7298899238","98.7298899238","561.50719729","561.50719729","#808080","no","legacy","legacy","legacy","0","uniform","1","undefined","undefined","undefined","1","l","5","5","0","1180","0","0","1180","1180","0","0","0","1180","1180","5","1180","Fri Apr 27 13:03:26 2018","#000000","high","4","The main experiment item","yes","","experiment.osexp","/Users/tom/github/sft-fraction/procedure","no","mono","no","24","no","white","no","yes","800","legacy","100","100","5","/Users/tom/github/sft-fraction/results/data/subject-5a.csv","legacy","#757575","low","8","Jazzy James","3.1.9","0","l","NA","space","space","space","l","return","496","NA","148901","11392","7534","496","24522","2","legacy","1024","2","48000","-16","experiment","5","odd","present","1584547","1584547","NA","1553166","1312","169234","1701989","1702506","1371","150289","161699","1702507","1703020","1559957","1701968","Fraction component detection task","1166","663140","1181","yes","1280"
"98.730964467","98.730964467","561.417935702","561.417935702","#808080","no","legacy","legacy","legacy","0","uniform","1","undefined","undefined","undefined","1","l","5","5","0","1181","0","0","1181","1181","0","0","0","1181","1181","5","1181","Fri Apr 27 13:03:26 2018","#000000","high","4","The main experiment item","yes","","experiment.osexp","/Users/tom/github/sft-fraction/procedure","no","mono","no","24","no","white","no","yes","800","legacy","101","101","5","/Users/tom/github/sft-fraction/results/data/subject-5a.csv","legacy","#000000","high","8","Jazzy James","3.1.9","0","l","NA","space","space","space","l","return","456","NA","148901","11392","7534","456","24522","2","legacy","1024","2","48000","-16","experiment","5","odd","present","1584547","1584547","NA","1553166","1312","169234","1703100","1703619","1371","150289","161699","1703619","1704092","1559957","1703084","Fraction component detection task","1167","663596","1182","yes","1280"
"98.7320371936","98.7320371936","561.401521555","561.401521555","#808080","no","legacy","legacy","legacy","0","uniform","1","undefined","undefined","undefined","1","l","5","5","0","1182","0","0","1182","1182","0","0","0","1182","1182","5","1182","Fri Apr 27 13:03:26 2018","#000000","high","8","The main experiment item","yes","","experiment.osexp","/Users/tom/github/sft-fraction/procedure","no","mono","no","24","no","white","no","yes","800","legacy","102","102","5","/Users/tom/github/sft-fraction/results/data/subject-5a.csv","legacy","#757575","low","6","Jazzy James","3.1.9","0","l","NA","space","space","space","l","return","542","NA","148901","11392","7534","542","24522","2","legacy","1024","2","48000","-16","experiment","5","odd","present","1584547","1584547","NA","1553166","1312","169234","1704182","1704701","1371","150289","161699","1704701","1705264","1559957","1704167","Fraction component detection task","1168","664138","1183","yes","1280"
"98.7331081081","98.7331081081","561.331925676","561.331925676","#808080","no","legacy","legacy","legacy","0","uniform","1","undefined","undefined","undefined","1","a","5","5","0","1183","0","0","1183","1183","0","0","0","1183","1183","5","1183","Fri Apr 27 13:03:26 2018","#000000","high","3","The main experiment item","yes","","experiment.osexp","/Users/tom/github/sft-fraction/procedure","no","mono","no","24","no","white","no","yes","800","legacy","103","103","5","/Users/tom/github/sft-fraction/results/data/subject-5a.csv","legacy","#000000","high","2","Jazzy James","3.1.9","0","a","NA","space","space","space","a","return","479","NA","148901","11392","7534","479","24522","2","legacy","1024","2","48000","-16","experiment","5","odd","absent","1584547","1584547","NA","1553166","1312","169234","1705351","1705869","1371","150289","161699","1705869","1706368","1559957","1705332","Fraction component detection task","1169","664617","1184","yes","1280"
"98.7341772152","98.7341772152","561.26835443","561.26835443","#808080","no","legacy","legacy","legacy","0","uniform","1","undefined","undefined","undefined","1","a","5","5","0","1184","0","0","1184","1184","0","0","0","1184","1184","5","1184","Fri Apr 27 13:03:26 2018","#757575","low","2","The main experiment item","yes","","experiment.osexp","/Users/tom/github/sft-fraction/procedure","no","mono","no","24","no","white","no","yes","800","legacy","104","104","5","/Users/tom/github/sft-fraction/results/data/subject-5a.csv","legacy","#000000","high","2","Jazzy James","3.1.9","0","a","NA","space","space","space","a","return","486","NA","148901","11392","7534","486","24522","2","legacy","1024","2","48000","-16","experiment","5","odd","absent","1584547","1584547","NA","1553166","1312","169234","1706449","1706966","1371","150289","161699","1706966","1707469","1559957","1706433","Fraction component detection task","1170","665103","1185","yes","1280"
"98.7352445194","98.7352445194","561.188026981","561.188026981","#808080","no","legacy","legacy","legacy","0","uniform","1","undefined","undefined","undefined","1","a","5","5","0","1185","0","0","1185","1185","0","0","0","1185","1185","5","1185","Fri Apr 27 13:03:26 2018","#000000","high","2","The main experiment item","yes","","experiment.osexp","/Users/tom/github/sft-fraction/procedure","no","mono","no","24","no","white","no","yes","800","legacy","105","105","5","/Users/tom/github/sft-fraction/results/data/subject-5a.csv","legacy","#000000","high","4","Jazzy James","3.1.9","0","a","NA","space","space","space","a","return","466","NA","148901","11392","7534","466","24522","2","legacy","1024","2","48000","-16","experiment","5","odd","absent","1584547","1584547","NA","1553166","1312","169234","1707557","1708074","1371","150289","161699","1708074","1708557","1559957","1707541","Fraction component detection task","1171","665569","1186","yes","1280"
"98.7363100253","98.7363100253","561.087615838","561.087615838","#808080","no","legacy","legacy","legacy","0","uniform","1","undefined","undefined","undefined","1","a","5","5","0","1186","0","0","1186","1186","0","0","0","1186","1186","5","1186","Fri Apr 27 13:03:26 2018","#000000","high","2","The main experiment item","yes","","experiment.osexp","/Users/tom/github/sft-fraction/procedure","no","mono","no","24","no","white","no","yes","800","legacy","106","106","5","/Users/tom/github/sft-fraction/results/data/subject-5a.csv","legacy","#000000","high","2","Jazzy James","3.1.9","0","a","NA","space","space","space","a","return","442","NA","148901","11392","7534","442","24522","2","legacy","1024","2","48000","-16","experiment","5","odd","absent","1584547","1584547","NA","1553166","1312","169234","1708637","1709154","1371","150289","161699","1709154","1709612","1559957","1708621","Fraction component detection task","1172","666011","1187","yes","1280"
"98.7373737374","98.7373737374","561.001683502","561.001683502","#808080","no","legacy","legacy","legacy","0","uniform","1","undefined","undefined","undefined","1","l","5","5","0","1187","0","0","1187","1187","0","0","0","1187","1187","5","1187","Fri Apr 27 13:03:26 2018","#757575","low","6","The main experiment item","yes","","experiment.osexp","/Users/tom/github/sft-fraction/procedure","no","mono","no","24","no","white","no","yes","800","legacy","107","107","5","/Users/tom/github/sft-fraction/results/data/subject-5a.csv","legacy","#000000","high","8","Jazzy James","3.1.9","0","l","NA","space","space","space","l","return","459","NA","148901","11392","7534","459","24522","2","legacy","1024","2","48000","-16","experiment","5","odd","present","1584547","1584547","NA","1553166","1312","169234","1709700","1710217","1371","150289","161699","1710218","1710693","1559957","1709684","Fraction component detection task","1173","666470","1188","yes","1280"
"98.7384356602","98.7384356602","560.915054668","560.915054668","#808080","no","legacy","legacy","legacy","0","uniform","1","undefined","undefined","undefined","1","l","5","5","0","1188","0","0","1188","1188","0","0","0","1188","1188","5","1188","Fri Apr 27 13:03:26 2018","#000000","high","2","The main experiment item","yes","","experiment.osexp","/Users/tom/github/sft-fraction/procedure","no","mono","no","24","no","white","no","yes","800","legacy","108","108","5","/Users/tom/github/sft-fraction/results/data/subject-5a.csv","legacy","#757575","low","7","Jazzy James","3.1.9","0","l","NA","space","space","space","l","return","458","NA","148901","11392","7534","458","24522","2","legacy","1024","2","48000","-16","experiment","5","odd","present","1584547","1584547","NA","1553166","1312","169234","1710773","1711291","1371","150289","161699","1711291","1711765","1559957","1710757","Fraction component detection task","1174","666928","1189","yes","1280"
"98.7394957983","98.7394957983","560.868907563","560.868907563","#808080","no","legacy","legacy","legacy","0","uniform","1","undefined","undefined","undefined","1","a","5","5","0","1189","0","0","1189","1189","0","0","0","1189","1189","5","1189","Fri Apr 27 13:03:26 2018","#757575","low","2","The main experiment item","yes","","experiment.osexp","/Users/tom/github/sft-fraction/procedure","no","mono","no","24","no","white","no","yes","800","legacy","109","109","5","/Users/tom/github/sft-fraction/results/data/subject-5a.csv","legacy","#757575","low","4","Jazzy James","3.1.9","0","a","NA","space","space","space","a","return","506","NA","148901","11392","7534","506","24522","2","legacy","1024","2","48000","-16","experiment","5","odd","absent","1584547","1584547","NA","1553166","1312","169234","1711854","1712371","1371","150289","161699","1712371","1712897","1559957","1711835","Fraction component detection task","1175","667434","1190","yes","1280"
"98.7405541562","98.7405541562","560.834592779","560.834592779","#808080","no","legacy","legacy","legacy","0","uniform","1","undefined","undefined","undefined","1","l","5","5","0","1190","0","0","1190","1190","0","0","0","1190","1190","5","1190","Fri Apr 27 13:03:26 2018","#757575","low","7","The main experiment item","yes","","experiment.osexp","/Users/tom/github/sft-fraction/procedure","no","mono","no","24","no","white","no","yes","800","legacy","110","110","5","/Users/tom/github/sft-fraction/results/data/subject-5a.csv","legacy","#000000","high","4","Jazzy James","3.1.9","0","l","NA","space","space","space","l","return","520","NA","148901","11392","7534","520","24522","2","legacy","1024","2","48000","-16","experiment","5","odd","present","1584547","1584547","NA","1553166","1312","169234","1712981","1713500","1371","150289","161699","1713500","1714041","1559957","1712965","Fraction component detection task","1176","667954","1191","yes","1280"
"98.7416107383","98.7416107383","560.745805369","560.745805369","#808080","no","legacy","legacy","legacy","0","uniform","1","undefined","undefined","undefined","1","a","5","5","0","1191","0","0","1191","1191","0","0","0","1191","1191","5","1191","Fri Apr 27 13:03:26 2018","#000000","high","2","The main experiment item","yes","","experiment.osexp","/Users/tom/github/sft-fraction/procedure","no","mono","no","24","no","white","no","yes","800","legacy","111","111","5","/Users/tom/github/sft-fraction/results/data/subject-5a.csv","legacy","#000000","high","3","Jazzy James","3.1.9","0","a","NA","space","space","space","a","return","455","NA","148901","11392","7534","455","24522","2","legacy","1024","2","48000","-16","experiment","5","odd","absent","1584547","1584547","NA","1553166","1312","169234","1714132","1714653","1371","150289","161699","1714653","1715124","1559957","1714112","Fraction component detection task","1177","668409","1192","yes","1280"
"98.742665549","98.742665549","560.640402347","560.640402347","#808080","no","legacy","legacy","legacy","0","uniform","1","undefined","undefined","undefined","1","a","5","5","0","1192","0","0","1192","1192","0","0","0","1192","1192","5","1192","Fri Apr 27 13:03:26 2018","#000000","high","2","The main experiment item","yes","","experiment.osexp","/Users/tom/github/sft-fraction/procedure","no","mono","no","24","no","white","no","yes","800","legacy","112","112","5","/Users/tom/github/sft-fraction/results/data/subject-5a.csv","legacy","#000000","high","3","Jazzy James","3.1.9","0","a","NA","space","space","space","a","return","435","NA","148901","11392","7534","435","24522","2","legacy","1024","2","48000","-16","experiment","5","odd","absent","1584547","1584547","NA","1553166","1312","169234","1715208","1715729","1371","150289","161699","1715729","1716183","1559957","1715191","Fraction component detection task","1178","668844","1193","yes","1280"
"98.743718593","98.743718593","560.552763819","560.552763819","#808080","no","legacy","legacy","legacy","0","uniform","1","undefined","undefined","undefined","1","a","5","5","0","1193","0","0","1193","1193","0","0","0","1193","1193","5","1193","Fri Apr 27 13:03:26 2018","#757575","low","4","The main experiment item","yes","","experiment.osexp","/Users/tom/github/sft-fraction/procedure","no","mono","no","24","no","white","no","yes","800","legacy","113","113","5","/Users/tom/github/sft-fraction/results/data/subject-5a.csv","legacy","#000000","high","3","Jazzy James","3.1.9","0","a","NA","space","space","space","a","return","456","NA","148901","11392","7534","456","24522","2","legacy","1024","2","48000","-16","experiment","5","odd","absent","1584547","1584547","NA","1553166","1312","169234","1716271","1716788","1371","150289","161699","1716788","1717263","1559957","1716254","Fraction component detection task","1179","669300","1194","yes","1280"
"98.7447698745","98.7447698745","560.473640167","560.473640167","#808080","no","legacy","legacy","legacy","0","uniform","1","undefined","undefined","undefined","1","a","5","5","0","1194","0","0","1194","1194","0","0","0","1194","1194","5","1194","Fri Apr 27 13:03:26 2018","#757575","low","2","The main experiment item","yes","","experiment.osexp","/Users/tom/github/sft-fraction/procedure","no","mono","no","24","no","white","no","yes","800","legacy","114","114","5","/Users/tom/github/sft-fraction/results/data/subject-5a.csv","legacy","#757575","low","4","Jazzy James","3.1.9","0","a","NA","space","space","space","a","return","466","NA","148901","11392","7534","466","24522","2","legacy","1024","2","48000","-16","experiment","5","odd","absent","1584547","1584547","NA","1553166","1312","169234","1717349","1717867","1371","150289","161699","1717867","1718349","1559957","1717334","Fraction component detection task","1180","669766","1195","yes","1280"
"98.745819398","98.745819398","560.438963211","560.438963211","#808080","no","legacy","legacy","legacy","0","uniform","1","undefined","undefined","undefined","1","l","5","5","0","1195","0","0","1195","1195","0","0","0","1195","1195","5","1195","Fri Apr 27 13:03:26 2018","#000000","high","3","The main experiment item","yes","","experiment.osexp","/Users/tom/github/sft-fraction/procedure","no","mono","no","24","no","white","no","yes","800","legacy","115","115","5","/Users/tom/github/sft-fraction/results/data/subject-5a.csv","legacy","#757575","low","6","Jazzy James","3.1.9","0","l","NA","space","space","space","l","return","519","NA","148901","11392","7534","519","24522","2","legacy","1024","2","48000","-16","experiment","5","odd","present","1584547","1584547","NA","1553166","1312","169234","1718438","1718958","1371","150289","161699","1718958","1719493","1559957","1718416","Fraction component detection task","1181","670285","1196","yes","1280"
"98.7468671679","98.7468671679","560.401837928","560.401837928","#808080","no","legacy","legacy","legacy","0","uniform","1","undefined","undefined","undefined","1","a","5","5","0","1196","0","0","1196","1196","0","0","0","1196","1196","5","1196","Fri Apr 27 13:03:26 2018","#757575","low","3","The main experiment item","yes","","experiment.osexp","/Users/tom/github/sft-fraction/procedure","no","mono","no","24","no","white","no","yes","800","legacy","116","116","5","/Users/tom/github/sft-fraction/results/data/subject-5a.csv","legacy","#757575","low","3","Jazzy James","3.1.9","0","a","NA","space","space","space","a","return","516","NA","148901","11392","7534","516","24522","2","legacy","1024","2","48000","-16","experiment","5","odd","absent","1584547","1584547","NA","1553166","1312","169234","1719578","1720097","1371","150289","161699","1720097","1720633","1559957","1719562","Fraction component detection task","1182","670801","1197","yes","1280"
"98.7479131886","98.7479131886","560.678631052","560.678631052","#808080","no","legacy","legacy","legacy","0","uniform","1","undefined","undefined","undefined","1","a","5","5","0","1197","0","0","1197","1197","0","0","0","1197","1197","5","1197","Fri Apr 27 13:03:26 2018","#757575","low","4","The main experiment item","yes","","experiment.osexp","/Users/tom/github/sft-fraction/procedure","no","mono","no","24","no","white","no","yes","800","legacy","117","117","5","/Users/tom/github/sft-fraction/results/data/subject-5a.csv","legacy","#757575","low","2","Jazzy James","3.1.9","0","a","NA","space","space","space","a","return","892","NA","148901","11392","7534","892","24522","2","legacy","1024","2","48000","-16","experiment","5","odd","absent","1584547","1584547","NA","1553166","1312","169234","1720722","1721239","1371","150289","161699","1721240","1722154","1559957","1720703","Fraction component detection task","1183","671693","1198","yes","1280"
"98.7489574646","98.7489574646","560.620517098","560.620517098","#808080","no","legacy","legacy","legacy","0","uniform","1","undefined","undefined","undefined","1","a","5","5","0","1198","0","0","1198","1198","0","0","0","1198","1198","5","1198","Fri Apr 27 13:03:26 2018","#000000","high","4","The main experiment item","yes","","experiment.osexp","/Users/tom/github/sft-fraction/procedure","no","mono","no","24","no","white","no","yes","800","legacy","118","118","5","/Users/tom/github/sft-fraction/results/data/subject-5a.csv","legacy","#000000","high","3","Jazzy James","3.1.9","0","a","NA","space","space","space","a","return","491","NA","148901","11392","7534","491","24522","2","legacy","1024","2","48000","-16","experiment","5","odd","absent","1584547","1584547","NA","1553166","1312","169234","1722236","1722753","1371","150289","161699","1722753","1723264","1559957","1722221","Fraction component detection task","1184","672184","1199","yes","1280"
"98.75","98.75","560.698333333","560.698333333","#808080","no","legacy","legacy","legacy","0","uniform","1","undefined","undefined","undefined","1","l","5","5","0","1199","0","0","1199","1199","0","0","0","1199","1199","5","1199","Fri Apr 27 13:03:26 2018","#000000","high","8","The main experiment item","yes","","experiment.osexp","/Users/tom/github/sft-fraction/procedure","no","mono","no","24","no","white","no","yes","800","legacy","119","119","5","/Users/tom/github/sft-fraction/results/data/subject-5a.csv","legacy","#757575","low","3","Jazzy James","3.1.9","0","l","NA","space","space","space","l","return","654","NA","148901","11392","7534","654","24522","2","legacy","1024","2","48000","-16","experiment","5","odd","present","1584547","1584547","NA","1553166","1312","169234","1723350","1723871","1371","150289","161699","1723871","1724541","1559957","1723334","Fraction component detection task","1185","672838","1200","yes","1280"
"98.7510407993","98.7510407993","560.597002498","560.597002498","#808080","no","legacy","legacy","legacy","0","uniform","1","undefined","undefined","undefined","1","a","5","5","0","1200","0","0","1200","1200","0","0","0","1200","1200","5","1200","Fri Apr 27 13:03:26 2018","#000000","high","3","The main experiment item","yes","","experiment.osexp","/Users/tom/github/sft-fraction/procedure","no","mono","no","24","no","white","no","yes","800","legacy","120","120","5","/Users/tom/github/sft-fraction/results/data/subject-5a.csv","legacy","#000000","high","4","Jazzy James","3.1.9","0","a","NA","space","space","space","a","return","439","NA","148901","11392","7534","439","24522","2","legacy","1024","2","48000","-16","experiment","5","odd","absent","1584547","1584547","NA","1553166","1312","169234","1724633","1725150","1371","150289","161699","1725150","1725606","1559957","1724613","Fraction component detection task","1186","673277","1201","yes","1280"
"98.7520798669","98.7520798669","560.549916805","560.549916805","#808080","no","legacy","legacy","legacy","0","uniform","1","undefined","undefined","undefined","1","l","5","5","0","1201","0","0","1201","1201","0","0","0","1201","1201","5","1201","Fri Apr 27 13:03:26 2018","#000000","high","2","The main experiment item","yes","","experiment.osexp","/Users/tom/github/sft-fraction/procedure","no","mono","no","24","no","white","no","yes","800","legacy","121","121","5","/Users/tom/github/sft-fraction/results/data/subject-5a.csv","legacy","#000000","high","6","Jazzy James","3.1.9","0","l","NA","space","space","space","l","return","504","NA","148901","11392","7534","504","24522","2","legacy","1024","2","48000","-16","experiment","5","odd","present","1584547","1584547","NA","1553166","1312","169234","1725688","1726205","1371","150289","161699","1726205","1726726","1559957","1725672","Fraction component detection task","1187","673781","1202","yes","1280"
"98.753117207","98.753117207","560.701579385","560.701579385","#808080","no","legacy","legacy","legacy","0","uniform","1","undefined","undefined","undefined","1","l","5","5","0","1202","0","0","1202","1202","0","0","0","1202","1202","5","1202","Fri Apr 27 13:03:26 2018","#757575","low","7","The main experiment item","yes","","experiment.osexp","/Users/tom/github/sft-fraction/procedure","no","mono","no","24","no","white","no","yes","800","legacy","122","122","5","/Users/tom/github/sft-fraction/results/data/subject-5a.csv","legacy","#757575","low","2","Jazzy James","3.1.9","0","l","NA","space","space","space","l","return","743","NA","148901","11392","7534","743","24522","2","legacy","1024","2","48000","-16","experiment","5","odd","present","1584547","1584547","NA","1553166","1312","169234","1726807","1727325","1371","150289","161699","1727325","1728085","1559957","1726791","Fraction component detection task","1188","674524","1203","yes","1280"
"98.7541528239","98.7541528239","560.848006645","560.848006645","#808080","no","legacy","legacy","legacy","0","uniform","1","undefined","undefined","undefined","1","a","5","5","0","1203","0","0","1203","1203","0","0","0","1203","1203","5","1203","Fri Apr 27 13:03:26 2018","#757575","low","2","The main experiment item","yes","","experiment.osexp","/Users/tom/github/sft-fraction/procedure","no","mono","no","24","no","white","no","yes","800","legacy","123","123","5","/Users/tom/github/sft-fraction/results/data/subject-5a.csv","legacy","#000000","high","4","Jazzy James","3.1.9","0","a","NA","space","space","space","a","return","737","NA","148901","11392","7534","737","24522","2","legacy","1024","2","48000","-16","experiment","5","odd","absent","1584547","1584547","NA","1553166","1312","169234","1728166","1728684","1371","150289","161699","1728684","1729438","1559957","1728150","Fraction component detection task","1189","675261","1204","yes","1280"
"98.755186722","98.755186722","560.760995851","560.760995851","#808080","no","legacy","legacy","legacy","0","uniform","1","undefined","undefined","undefined","1","a","5","5","0","1204","0","0","1204","1204","0","0","0","1204","1204","5","1204","Fri Apr 27 13:03:26 2018","#000000","high","3","The main experiment item","yes","","experiment.osexp","/Users/tom/github/sft-fraction/procedure","no","mono","no","24","no","white","no","yes","800","legacy","124","124","5","/Users/tom/github/sft-fraction/results/data/subject-5a.csv","legacy","#000000","high","2","Jazzy James","3.1.9","0","a","NA","space","space","space","a","return","456","NA","148901","11392","7534","456","24522","2","legacy","1024","2","48000","-16","experiment","5","odd","absent","1584547","1584547","NA","1553166","1312","169234","1729531","1730053","1371","150289","161699","1730053","1730526","1559957","1729511","Fraction component detection task","1190","675717","1205","yes","1280"
"98.7562189055","98.7562189055","560.63681592","560.63681592","#808080","no","legacy","legacy","legacy","0","uniform","1","undefined","undefined","undefined","1","a","5","5","0","1205","0","0","1205","1205","0","0","0","1205","1205","5","1205","Fri Apr 27 13:03:26 2018","#000000","high","3","The main experiment item","yes","","experiment.osexp","/Users/tom/github/sft-fraction/procedure","no","mono","no","24","no","white","no","yes","800","legacy","125","125","5","/Users/tom/github/sft-fraction/results/data/subject-5a.csv","legacy","#000000","high","3","Jazzy James","3.1.9","0","a","NA","space","space","space","a","return","411","NA","148901","11392","7534","411","24522","2","legacy","1024","2","48000","-16","experiment","5","odd","absent","1584547","1584547","NA","1553166","1312","169234","1730610","1731130","1371","150289","161699","1731131","1731562","1559957","1730593","Fraction component detection task","1191","676128","1206","yes","1280"
"98.7572493786","98.7572493786","560.618889809","560.618889809","#808080","no","legacy","legacy","legacy","0","uniform","1","undefined","undefined","undefined","1","l","5","5","0","1206","0","0","1206","1206","0","0","0","1206","1206","5","1206","Fri Apr 27 13:03:26 2018","#757575","low","4","The main experiment item","yes","","experiment.osexp","/Users/tom/github/sft-fraction/procedure","no","mono","no","24","no","white","no","yes","800","legacy","126","126","5","/Users/tom/github/sft-fraction/results/data/subject-5a.csv","legacy","#757575","low","8","Jazzy James","3.1.9","0","l","NA","space","space","space","l","return","539","NA","148901","11392","7534","539","24522","2","legacy","1024","2","48000","-16","experiment","5","odd","present","1584547","1584547","NA","1553166","1312","169234","1731652","1732171","1371","150289","161699","1732171","1732730","1559957","1731635","Fraction component detection task","1192","676667","1207","yes","1280"
"98.7582781457","98.7582781457","560.574503311","560.574503311","#808080","no","legacy","legacy","legacy","0","uniform","1","undefined","undefined","undefined","1","a","5","5","0","1207","0","0","1207","1207","0","0","0","1207","1207","5","1207","Fri Apr 27 13:03:26 2018","#757575","low","2","The main experiment item","yes","","experiment.osexp","/Users/tom/github/sft-fraction/procedure","no","mono","no","24","no","white","no","yes","800","legacy","127","127","5","/Users/tom/github/sft-fraction/results/data/subject-5a.csv","legacy","#757575","low","3","Jazzy James","3.1.9","0","a","NA","space","space","space","a","return","507","NA","148901","11392","7534","507","24522","2","legacy","1024","2","48000","-16","experiment","5","odd","absent","1584547","1584547","NA","1553166","1312","169234","1732813","1733331","1371","150289","161699","1733331","1733854","1559957","1732797","Fraction component detection task","1193","677174","1208","yes","1280"
"98.7593052109","98.7593052109","560.513647643","560.513647643","#808080","no","legacy","legacy","legacy","0","uniform","1","undefined","undefined","undefined","1","a","5","5","0","1208","0","0","1208","1208","0","0","0","1208","1208","5","1208","Fri Apr 27 13:03:26 2018","#000000","high","4","The main experiment item","yes","","experiment.osexp","/Users/tom/github/sft-fraction/procedure","no","mono","no","24","no","white","no","yes","800","legacy","128","128","5","/Users/tom/github/sft-fraction/results/data/subject-5a.csv","legacy","#000000","high","4","Jazzy James","3.1.9","0","a","NA","space","space","space","a","return","487","NA","148901","11392","7534","487","24522","2","legacy","1024","2","48000","-16","experiment","5","odd","absent","1584547","1584547","NA","1553166","1312","169234","1733941","1734463","1371","150289","161699","1734463","1734966","1559957","1733926","Fraction component detection task","1194","677661","1209","yes","1280"
"98.7603305785","98.7603305785","560.495867769","560.495867769","#808080","no","legacy","legacy","legacy","0","uniform","1","undefined","undefined","undefined","1","a","5","5","0","1209","0","0","1209","1209","0","0","0","1209","1209","5","1209","Fri Apr 27 13:03:26 2018","#757575","low","2","The main experiment item","yes","","experiment.osexp","/Users/tom/github/sft-fraction/procedure","no","mono","no","24","no","white","no","yes","800","legacy","129","129","5","/Users/tom/github/sft-fraction/results/data/subject-5a.csv","legacy","#000000","high","4","Jazzy James","3.1.9","0","a","NA","space","space","space","a","return","539","NA","148901","11392","7534","539","24522","2","legacy","1024","2","48000","-16","experiment","5","odd","absent","1584547","1584547","NA","1553166","1312","169234","1735050","1735569","1371","150289","161699","1735570","1736125","1559957","1735035","Fraction component detection task","1195","678200","1210","yes","1280"
"98.7613542527","98.7613542527","560.430222956","560.430222956","#808080","no","legacy","legacy","legacy","0","uniform","1","undefined","undefined","undefined","1","l","5","5","0","1210","0","0","1210","1210","0","0","0","1210","1210","5","1210","Fri Apr 27 13:03:26 2018","#757575","low","4","The main experiment item","yes","","experiment.osexp","/Users/tom/github/sft-fraction/procedure","no","mono","no","24","no","white","no","yes","800","legacy","130","130","5","/Users/tom/github/sft-fraction/results/data/subject-5a.csv","legacy","#000000","high","8","Jazzy James","3.1.9","0","l","NA","space","space","space","l","return","481","NA","148901","11392","7534","481","24522","2","legacy","1024","2","48000","-16","experiment","5","odd","present","1584547","1584547","NA","1553166","1312","169234","1736206","1736724","1371","150289","161699","1736724","1737221","1559957","1736191","Fraction component detection task","1196","678681","1211","yes","1280"
"98.7623762376","98.7623762376","560.372937294","560.372937294","#808080","no","legacy","legacy","legacy","0","uniform","1","undefined","undefined","undefined","1","a","5","5","0","1211","0","0","1211","1211","0","0","0","1211","1211","5","1211","Fri Apr 27 13:03:26 2018","#000000","high","4","The main experiment item","yes","","experiment.osexp","/Users/tom/github/sft-fraction/procedure","no","mono","no","24","no","white","no","yes","800","legacy","131","131","5","/Users/tom/github/sft-fraction/results/data/subject-5a.csv","legacy","#757575","low","3","Jazzy James","3.1.9","0","a","NA","space","space","space","a","return","491","NA","148901","11392","7534","491","24522","2","legacy","1024","2","48000","-16","experiment","5","odd","absent","1584547","1584547","NA","1553166","1312","169234","1737306","1737827","1371","150289","161699","1737827","1738334","1559957","1737290","Fraction component detection task","1197","679172","1212","yes","1280"
"98.7633965375","98.7633965375","560.266281946","560.266281946","#808080","no","legacy","legacy","legacy","0","uniform","1","undefined","undefined","undefined","1","a","5","5","0","1212","0","0","1212","1212","0","0","0","1212","1212","5","1212","Fri Apr 27 13:03:26 2018","#757575","low","2","The main experiment item","yes","","experiment.osexp","/Users/tom/github/sft-fraction/procedure","no","mono","no","24","no","white","no","yes","800","legacy","132","132","5","/Users/tom/github/sft-fraction/results/data/subject-5a.csv","legacy","#000000","high","2","Jazzy James","3.1.9","0","a","NA","space","space","space","a","return","431","NA","148901","11392","7534","431","24522","2","legacy","1024","2","48000","-16","experiment","5","odd","absent","1584547","1584547","NA","1553166","1312","169234","1738424","1738942","1371","150289","161699","1738943","1739391","1559957","1738406","Fraction component detection task","1198","679603","1213","yes","1280"
"98.7644151565","98.7644151565","560.182042834","560.182042834","#808080","no","legacy","legacy","legacy","0","uniform","1","undefined","undefined","undefined","1","a","5","5","0","1213","0","0","1213","1213","0","0","0","1213","1213","5","1213","Fri Apr 27 13:03:26 2018","#000000","high","2","The main experiment item","yes","","experiment.osexp","/Users/tom/github/sft-fraction/procedure","no","mono","no","24","no","white","no","yes","800","legacy","133","133","5","/Users/tom/github/sft-fraction/results/data/subject-5a.csv","legacy","#757575","low","4","Jazzy James","3.1.9","0","a","NA","space","space","space","a","return","458","NA","148901","11392","7534","458","24522","2","legacy","1024","2","48000","-16","experiment","5","odd","absent","1584547","1584547","NA","1553166","1312","169234","1739478","1739996","1371","150289","161699","1739996","1740470","1559957","1739462","Fraction component detection task","1199","680061","1214","yes","1280"
"98.7654320988","98.7654320988","560.162962963","560.162962963","#808080","no","legacy","legacy","legacy","0","uniform","1","undefined","undefined","undefined","1","a","5","5","0","1214","0","0","1214","1214","0","0","0","1214","1214","5","1214","Fri Apr 27 13:03:26 2018","#757575","low","2","The main experiment item","yes","","experiment.osexp","/Users/tom/github/sft-fraction/procedure","no","mono","no","24","no","white","no","yes","800","legacy","134","134","5","/Users/tom/github/sft-fraction/results/data/subject-5a.csv","legacy","#000000","high","3","Jazzy James","3.1.9","0","a","NA","space","space","space","a","return","537","NA","148901","11392","7534","537","24522","2","legacy","1024","2","48000","-16","experiment","5","odd","absent","1584547","1584547","NA","1553166","1312","169234","1740561","1741077","1371","150289","161699","1741077","1741630","1559957","1740541","Fraction component detection task","1200","680598","1215","yes","1280"
"98.7664473684","98.7664473684","560.151315789","560.151315789","#808080","no","legacy","legacy","legacy","0","uniform","1","undefined","undefined","undefined","1","l","5","5","0","1215","0","0","1215","1215","0","0","0","1215","1215","5","1215","Fri Apr 27 13:03:26 2018","#757575","low","3","The main experiment item","yes","","experiment.osexp","/Users/tom/github/sft-fraction/procedure","no","mono","no","24","no","white","no","yes","800","legacy","135","135","5","/Users/tom/github/sft-fraction/results/data/subject-5a.csv","legacy","#757575","low","7","Jazzy James","3.1.9","0","l","NA","space","space","space","l","return","546","NA","148901","11392","7534","546","24522","2","legacy","1024","2","48000","-16","experiment","5","odd","present","1584547","1584547","NA","1553166","1312","169234","1741711","1742228","1371","150289","161699","1742228","1742790","1559957","1741695","Fraction component detection task","1201","681144","1216","yes","1280"
"98.7674609696","98.7674609696","560.266228431","560.266228431","#808080","no","legacy","legacy","legacy","0","uniform","1","undefined","undefined","undefined","1","l","5","5","0","1216","0","0","1216","1216","0","0","0","1216","1216","5","1216","Fri Apr 27 13:03:26 2018","#757575","low","6","The main experiment item","yes","","experiment.osexp","/Users/tom/github/sft-fraction/procedure","no","mono","no","24","no","white","no","yes","800","legacy","136","136","5","/Users/tom/github/sft-fraction/results/data/subject-5a.csv","legacy","#757575","low","2","Jazzy James","3.1.9","0","l","NA","space","space","space","l","return","700","NA","148901","11392","7534","700","24522","2","legacy","1024","2","48000","-16","experiment","5","odd","present","1584547","1584547","NA","1553166","1312","169234","1742874","1743393","1371","150289","161699","1743393","1744110","1559957","1742858","Fraction component detection task","1202","681844","1217","yes","1280"
"98.7684729064","98.7684729064","560.229064039","560.229064039","#808080","no","legacy","legacy","legacy","0","uniform","1","undefined","undefined","undefined","1","l","5","5","0","1217","0","0","1217","1217","0","0","0","1217","1217","5","1217","Fri Apr 27 13:03:26 2018","#000000","high","2","The main experiment item","yes","","experiment.osexp","/Users/tom/github/sft-fraction/procedure","no","mono","no","24","no","white","no","yes","800","legacy","137","137","5","/Users/tom/github/sft-fraction/results/data/subject-5a.csv","legacy","#757575","low","8","Jazzy James","3.1.9","0","l","NA","space","space","space","l","return","515","NA","148901","11392","7534","515","24522","2","legacy","1024","2","48000","-16","experiment","5","odd","present","1584547","1584547","NA","1553166","1312","169234","1744197","1744714","1371","150289","161699","1744714","1745250","1559957","1744176","Fraction component detection task","1203","682359","1218","yes","1280"
"98.7694831829","98.7694831829","560.202625103","560.202625103","#808080","no","legacy","legacy","legacy","0","uniform","1","undefined","undefined","undefined","1","a","5","5","0","1218","0","0","1218","1218","0","0","0","1218","1218","5","1218","Fri Apr 27 13:03:26 2018","#000000","high","2","The main experiment item","yes","","experiment.osexp","/Users/tom/github/sft-fraction/procedure","no","mono","no","24","no","white","no","yes","800","legacy","138","138","5","/Users/tom/github/sft-fraction/results/data/subject-5a.csv","legacy","#757575","low","2","Jazzy James","3.1.9","0","a","NA","space","space","space","a","return","528","NA","148901","11392","7534","528","24522","2","legacy","1024","2","48000","-16","experiment","5","odd","absent","1584547","1584547","NA","1553166","1312","169234","1745335","1745854","1371","150289","161699","1745854","1746399","1559957","1745317","Fraction component detection task","1204","682887","1219","yes","1280"
"98.7704918033","98.7704918033","560.233606557","560.233606557","#808080","no","legacy","legacy","legacy","0","uniform","1","undefined","undefined","undefined","1","l","5","5","0","1219","0","0","1219","1219","0","0","0","1219","1219","5","1219","Fri Apr 27 13:03:26 2018","#000000","high","8","The main experiment item","yes","","experiment.osexp","/Users/tom/github/sft-fraction/procedure","no","mono","no","24","no","white","no","yes","800","legacy","139","139","5","/Users/tom/github/sft-fraction/results/data/subject-5a.csv","legacy","#757575","low","4","Jazzy James","3.1.9","0","l","NA","space","space","space","l","return","598","NA","148901","11392","7534","598","24522","2","legacy","1024","2","48000","-16","experiment","5","odd","present","1584547","1584547","NA","1553166","1312","169234","1746482","1747000","1371","150289","161699","1747000","1747615","1559957","1746466","Fraction component detection task","1205","683485","1220","yes","1280"
"98.7714987715","98.7714987715","560.200655201","560.200655201","#808080","no","legacy","legacy","legacy","0","uniform","1","undefined","undefined","undefined","1","l","5","5","0","1220","0","0","1220","1220","0","0","0","1220","1220","5","1220","Fri Apr 27 13:03:26 2018","#757575","low","8","The main experiment item","yes","","experiment.osexp","/Users/tom/github/sft-fraction/procedure","no","mono","no","24","no","white","no","yes","800","legacy","140","140","5","/Users/tom/github/sft-fraction/results/data/subject-5a.csv","legacy","#757575","low","8","Jazzy James","3.1.9","0","l","NA","space","space","space","l","return","520","NA","148901","11392","7534","520","24522","2","legacy","1024","2","48000","-16","experiment","5","odd","present","1584547","1584547","NA","1553166","1312","169234","1747706","1748222","1371","150289","161699","1748222","1748759","1559957","1747687","Fraction component detection task","1206","684005","1221","yes","1280"
"98.7725040917","98.7725040917","560.207855974","560.207855974","#808080","no","legacy","legacy","legacy","0","uniform","1","undefined","undefined","undefined","1","l","5","5","0","1221","0","0","1221","1221","0","0","0","1221","1221","5","1221","Fri Apr 27 13:03:26 2018","#000000","high","6","The main experiment item","yes","","experiment.osexp","/Users/tom/github/sft-fraction/procedure","no","mono","no","24","no","white","no","yes","800","legacy","141","141","5","/Users/tom/github/sft-fraction/results/data/subject-5a.csv","legacy","#000000","high","2","Jazzy James","3.1.9","0","l","NA","space","space","space","l","return","569","NA","148901","11392","7534","569","24522","2","legacy","1024","2","48000","-16","experiment","5","odd","present","1584547","1584547","NA","1553166","1312","169234","1748846","1749364","1371","150289","161699","1749365","1749951","1559957","1748831","Fraction component detection task","1207","684574","1222","yes","1280"
"98.7735077678","98.7735077678","560.092395748","560.092395748","#808080","no","legacy","legacy","legacy","0","uniform","1","undefined","undefined","undefined","1","l","5","5","0","1222","0","0","1222","1222","0","0","0","1222","1222","5","1222","Fri Apr 27 13:03:26 2018","#000000","high","7","The main experiment item","yes","","experiment.osexp","/Users/tom/github/sft-fraction/procedure","no","mono","no","24","no","white","no","yes","800","legacy","142","142","5","/Users/tom/github/sft-fraction/results/data/subject-5a.csv","legacy","#757575","low","8","Jazzy James","3.1.9","0","l","NA","space","space","space","l","return","419","NA","148901","11392","7534","419","24522","2","legacy","1024","2","48000","-16","experiment","5","odd","present","1584547","1584547","NA","1553166","1312","169234","1750034","1750555","1371","150289","161699","1750555","1750991","1559957","1750017","Fraction component detection task","1208","684993","1223","yes","1280"
"98.7745098039","98.7745098039","560.104575163","560.104575163","#808080","no","legacy","legacy","legacy","0","uniform","1","undefined","undefined","undefined","1","a","5","5","0","1223","0","0","1223","1223","0","0","0","1223","1223","5","1223","Fri Apr 27 13:03:26 2018","#757575","low","4","The main experiment item","yes","","experiment.osexp","/Users/tom/github/sft-fraction/procedure","no","mono","no","24","no","white","no","yes","800","legacy","143","143","5","/Users/tom/github/sft-fraction/results/data/subject-5a.csv","legacy","#757575","low","3","Jazzy James","3.1.9","0","a","NA","space","space","space","a","return","575","NA","148901","11392","7534","575","24522","2","legacy","1024","2","48000","-16","experiment","5","odd","absent","1584547","1584547","NA","1553166","1312","169234","1751082","1751599","1371","150289","161699","1751599","1752190","1559957","1751062","Fraction component detection task","1209","685568","1224","yes","1280"
"98.7755102041","98.7755102041","560","560","#808080","no","legacy","legacy","legacy","0","uniform","1","undefined","undefined","undefined","1","a","5","5","0","1224","0","0","1224","1224","0","0","0","1224","1224","5","1224","Fri Apr 27 13:03:26 2018","#000000","high","2","The main experiment item","yes","","experiment.osexp","/Users/tom/github/sft-fraction/procedure","no","mono","no","24","no","white","no","yes","800","legacy","144","144","5","/Users/tom/github/sft-fraction/results/data/subject-5a.csv","legacy","#000000","high","4","Jazzy James","3.1.9","0","a","NA","space","space","space","a","return","432","NA","148901","11392","7534","432","24522","2","legacy","1024","2","48000","-16","experiment","5","odd","absent","1584547","1584547","NA","1553166","1312","169234","1752273","1752790","1371","150289","161699","1752790","1753238","1559957","1752257","Fraction component detection task","1210","686000","1225","yes","1280"
"98.7765089723","98.7765089723","559.949429038","559.949429038","#808080","no","legacy","legacy","legacy","0","uniform","1","undefined","undefined","undefined","1","l","5","5","0","1225","0","0","1225","1225","0","0","0","1225","1225","5","1225","Fri Apr 27 13:03:26 2018","#000000","high","8","The main experiment item","yes","","experiment.osexp","/Users/tom/github/sft-fraction/procedure","no","mono","no","24","no","white","no","yes","800","legacy","145","145","5","/Users/tom/github/sft-fraction/results/data/subject-5a.csv","legacy","#000000","high","8","Jazzy James","3.1.9","0","l","NA","space","space","space","l","return","498","NA","148901","11392","7534","498","24522","2","legacy","1024","2","48000","-16","experiment","5","odd","present","1584547","1584547","NA","1553166","1312","169234","1753320","1753837","1371","150289","161699","1753837","1754351","1559957","1753303","Fraction component detection task","1211","686498","1226","yes","1280"
"98.7775061125","98.7775061125","559.906275469","559.906275469","#808080","no","legacy","legacy","legacy","0","uniform","1","undefined","undefined","undefined","1","a","5","5","0","1226","0","0","1226","1226","0","0","0","1226","1226","5","1226","Fri Apr 27 13:03:26 2018","#757575","low","2","The main experiment item","yes","","experiment.osexp","/Users/tom/github/sft-fraction/procedure","no","mono","no","24","no","white","no","yes","800","legacy","146","146","5","/Users/tom/github/sft-fraction/results/data/subject-5a.csv","legacy","#000000","high","3","Jazzy James","3.1.9","0","a","NA","space","space","space","a","return","507","NA","148901","11392","7534","507","24522","2","legacy","1024","2","48000","-16","experiment","5","odd","absent","1584547","1584547","NA","1553166","1312","169234","1754439","1754956","1371","150289","161699","1754956","1755486","1559957","1754424","Fraction component detection task","1212","687005","1227","yes","1280"
"98.7785016287","98.7785016287","559.848534202","559.848534202","#808080","no","legacy","legacy","legacy","0","uniform","1","undefined","undefined","undefined","1","a","5","5","0","1227","0","0","1227","1227","0","0","0","1227","1227","5","1227","Fri Apr 27 13:03:26 2018","#757575","low","3","The main experiment item","yes","","experiment.osexp","/Users/tom/github/sft-fraction/procedure","no","mono","no","24","no","white","no","yes","800","legacy","147","147","5","/Users/tom/github/sft-fraction/results/data/subject-5a.csv","legacy","#757575","low","3","Jazzy James","3.1.9","0","a","NA","space","space","space","a","return","489","NA","148901","11392","7534","489","24522","2","legacy","1024","2","48000","-16","experiment","5","odd","absent","1584547","1584547","NA","1553166","1312","169234","1755569","1756086","1371","150289","161699","1756086","1756591","1559957","1755553","Fraction component detection task","1213","687494","1228","yes","1280"
"98.7794955248","98.7794955248","559.783563873","559.783563873","#808080","no","legacy","legacy","legacy","0","uniform","1","undefined","undefined","undefined","1","a","5","5","0","1228","0","0","1228","1228","0","0","0","1228","1228","5","1228","Fri Apr 27 13:03:26 2018","#757575","low","4","The main experiment item","yes","","experiment.osexp","/Users/tom/github/sft-fraction/procedure","no","mono","no","24","no","white","no","yes","800","legacy","148","148","5","/Users/tom/github/sft-fraction/results/data/subject-5a.csv","legacy","#757575","low","2","Jazzy James","3.1.9","0","a","NA","space","space","space","a","return","480","NA","148901","11392","7534","480","24522","2","legacy","1024","2","48000","-16","experiment","5","odd","absent","1584547","1584547","NA","1553166","1312","169234","1756681","1757198","1371","150289","161699","1757199","1757697","1559957","1756660","Fraction component detection task","1214","687974","1229","yes","1280"
"98.7804878049","98.7804878049","559.763414634","559.763414634","#808080","no","legacy","legacy","legacy","0","uniform","1","undefined","undefined","undefined","1","l","5","5","0","1229","0","0","1229","1229","0","0","0","1229","1229","5","1229","Fri Apr 27 13:03:26 2018","#000000","high","8","The main experiment item","yes","","experiment.osexp","/Users/tom/github/sft-fraction/procedure","no","mono","no","24","no","white","no","yes","800","legacy","149","149","5","/Users/tom/github/sft-fraction/results/data/subject-5a.csv","legacy","#757575","low","2","Jazzy James","3.1.9","0","l","NA","space","space","space","l","return","535","NA","148901","11392","7534","535","24522","2","legacy","1024","2","48000","-16","experiment","5","odd","present","1584547","1584547","NA","1553166","1312","169234","1757791","1758311","1371","150289","161699","1758312","1758865","1559957","1757770","Fraction component detection task","1215","688509","1230","yes","1280"
"98.7814784728","98.7814784728","559.668562145","559.668562145","#808080","no","legacy","legacy","legacy","0","uniform","1","undefined","undefined","undefined","1","l","5","5","0","1230","0","0","1230","1230","0","0","0","1230","1230","5","1230","Fri Apr 27 13:03:26 2018","#757575","low","6","The main experiment item","yes","","experiment.osexp","/Users/tom/github/sft-fraction/procedure","no","mono","no","24","no","white","no","yes","800","legacy","150","150","5","/Users/tom/github/sft-fraction/results/data/subject-5a.csv","legacy","#000000","high","6","Jazzy James","3.1.9","0","l","NA","space","space","space","l","return","443","NA","148901","11392","7534","443","24522","2","legacy","1024","2","48000","-16","experiment","5","odd","present","1584547","1584547","NA","1553166","1312","169234","1758959","1759476","1371","150289","161699","1759476","1759936","1559957","1758938","Fraction component detection task","1216","688952","1231","yes","1280"
"98.7824675325","98.7824675325","559.616071429","559.616071429","#808080","no","legacy","legacy","legacy","0","uniform","1","undefined","undefined","undefined","1","a","5","5","0","1231","0","0","1231","1231","0","0","0","1231","1231","5","1231","Fri Apr 27 13:03:26 2018","#000000","high","4","The main experiment item","yes","","experiment.osexp","/Users/tom/github/sft-fraction/procedure","no","mono","no","24","no","white","no","yes","800","legacy","151","151","5","/Users/tom/github/sft-fraction/results/data/subject-5a.csv","legacy","#757575","low","4","Jazzy James","3.1.9","0","a","NA","space","space","space","a","return","495","NA","148901","11392","7534","495","24522","2","legacy","1024","2","48000","-16","experiment","5","odd","absent","1584547","1584547","NA","1553166","1312","169234","1760026","1760543","1371","150289","161699","1760543","1761055","1559957","1760009","Fraction component detection task","1217","689447","1232","yes","1280"
"98.702351987","98.702351987","559.498783455","559.498783455","#808080","no","legacy","legacy","legacy","0","uniform","0","undefined","undefined","undefined","0","l","5","5","0","1232","0","0","1232","1232","0","0","0","1232","1232","5","1232","Fri Apr 27 13:03:26 2018","#757575","low","6","The main experiment item","yes","","experiment.osexp","/Users/tom/github/sft-fraction/procedure","no","mono","no","24","no","white","no","yes","800","legacy","152","152","5","/Users/tom/github/sft-fraction/results/data/subject-5a.csv","legacy","#000000","high","3","Jazzy James","3.1.9","0","a","NA","space","space","space","a","return","415","NA","148901","11392","7534","415","24522","2","legacy","1024","2","48000","-16","experiment","5","odd","present","1584547","1584547","NA","1553166","1312","169234","1761146","1761662","1371","150289","161699","1761663","1762096","1559957","1761130","Fraction component detection task","1217","689862","1233","yes","1280"
"98.7034035656","98.7034035656","559.453808752","559.453808752","#808080","no","legacy","legacy","legacy","0","uniform","1","undefined","undefined","undefined","1","l","5","5","0","1233","0","0","1233","1233","0","0","0","1233","1233","5","1233","Fri Apr 27 13:03:26 2018","#757575","low","6","The main experiment item","yes","","experiment.osexp","/Users/tom/github/sft-fraction/procedure","no","mono","no","24","no","white","no","yes","800","legacy","153","153","5","/Users/tom/github/sft-fraction/results/data/subject-5a.csv","legacy","#757575","low","4","Jazzy James","3.1.9","0","l","NA","space","space","space","l","return","504","NA","148901","11392","7534","504","24522","2","legacy","1024","2","48000","-16","experiment","5","odd","present","1584547","1584547","NA","1762117","1312","169234","1763201","1763718","1371","150289","161699","1763718","1764239","1559957","1763183","Fraction component detection task","1218","690366","1234","yes","1280"
"98.7044534413","98.7044534413","559.416194332","559.416194332","#808080","no","legacy","legacy","legacy","0","uniform","1","undefined","undefined","undefined","1","l","5","5","0","1234","0","0","1234","1234","0","0","0","1234","1234","5","1234","Fri Apr 27 13:03:26 2018","#000000","high","8","The main experiment item","yes","","experiment.osexp","/Users/tom/github/sft-fraction/procedure","no","mono","no","24","no","white","no","yes","800","legacy","154","154","5","/Users/tom/github/sft-fraction/results/data/subject-5a.csv","legacy","#000000","high","7","Jazzy James","3.1.9","0","l","NA","space","space","space","l","return","513","NA","148901","11392","7534","513","24522","2","legacy","1024","2","48000","-16","experiment","5","odd","present","1584547","1584547","NA","1762117","1312","169234","1764331","1764846","1371","150289","161699","1764846","1765381","1559957","1764310","Fraction component detection task","1219","690879","1235","yes","1280"
"98.7055016181","98.7055016181","559.364886731","559.364886731","#808080","no","legacy","legacy","legacy","0","uniform","1","undefined","undefined","undefined","1","l","5","5","0","1235","0","0","1235","1235","0","0","0","1235","1235","5","1235","Fri Apr 27 13:03:26 2018","#000000","high","7","The main experiment item","yes","","experiment.osexp","/Users/tom/github/sft-fraction/procedure","no","mono","no","24","no","white","no","yes","800","legacy","155","155","5","/Users/tom/github/sft-fraction/results/data/subject-5a.csv","legacy","#757575","low","4","Jazzy James","3.1.9","0","l","NA","space","space","space","l","return","496","NA","148901","11392","7534","496","24522","2","legacy","1024","2","48000","-16","experiment","5","odd","present","1584547","1584547","NA","1762117","1312","169234","1765465","1765983","1371","150289","161699","1765983","1766496","1559957","1765450","Fraction component detection task","1220","691375","1236","yes","1280"
"98.7065481002","98.7065481002","559.366208569","559.366208569","#808080","no","legacy","legacy","legacy","0","uniform","1","undefined","undefined","undefined","1","a","5","5","0","1236","0","0","1236","1236","0","0","0","1236","1236","5","1236","Fri Apr 27 13:03:26 2018","#757575","low","3","The main experiment item","yes","","experiment.osexp","/Users/tom/github/sft-fraction/procedure","no","mono","no","24","no","white","no","yes","800","legacy","156","156","5","/Users/tom/github/sft-fraction/results/data/subject-5a.csv","legacy","#757575","low","2","Jazzy James","3.1.9","0","a","NA","space","space","space","a","return","561","NA","148901","11392","7534","561","24522","2","legacy","1024","2","48000","-16","experiment","5","odd","absent","1584547","1584547","NA","1762117","1312","169234","1766578","1767094","1371","150289","161699","1767094","1767672","1559957","1766562","Fraction component detection task","1221","691936","1237","yes","1280"
"98.7075928918","98.7075928918","559.343295638","559.343295638","#808080","no","legacy","legacy","legacy","0","uniform","1","undefined","undefined","undefined","1","l","5","5","0","1237","0","0","1237","1237","0","0","0","1237","1237","5","1237","Fri Apr 27 13:03:26 2018","#757575","low","3","The main experiment item","yes","","experiment.osexp","/Users/tom/github/sft-fraction/procedure","no","mono","no","24","no","white","no","yes","800","legacy","157","157","5","/Users/tom/github/sft-fraction/results/data/subject-5a.csv","legacy","#000000","high","6","Jazzy James","3.1.9","0","l","NA","space","space","space","l","return","531","NA","148901","11392","7534","531","24522","2","legacy","1024","2","48000","-16","experiment","5","odd","present","1584547","1584547","NA","1762117","1312","169234","1767758","1768275","1371","150289","161699","1768276","1768824","1559957","1767742","Fraction component detection task","1222","692467","1238","yes","1280"
"98.7086359968","98.7086359968","559.337368846","559.337368846","#808080","no","legacy","legacy","legacy","0","uniform","1","undefined","undefined","undefined","1","l","5","5","0","1238","0","0","1238","1238","0","0","0","1238","1238","5","1238","Fri Apr 27 13:03:26 2018","#000000","high","6","The main experiment item","yes","","experiment.osexp","/Users/tom/github/sft-fraction/procedure","no","mono","no","24","no","white","no","yes","800","legacy","158","158","5","/Users/tom/github/sft-fraction/results/data/subject-5a.csv","legacy","#757575","low","4","Jazzy James","3.1.9","0","l","NA","space","space","space","l","return","552","NA","148901","11392","7534","552","24522","2","legacy","1024","2","48000","-16","experiment","5","odd","present","1584547","1584547","NA","1762117","1312","169234","1768906","1769423","1371","150289","161699","1769423","1769992","1559957","1768890","Fraction component detection task","1223","693019","1239","yes","1280"
"98.7096774194","98.7096774194","559.367741935","559.367741935","#808080","no","legacy","legacy","legacy","0","uniform","1","undefined","undefined","undefined","1","a","5","5","0","1239","0","0","1239","1239","0","0","0","1239","1239","5","1239","Fri Apr 27 13:03:26 2018","#000000","high","4","The main experiment item","yes","","experiment.osexp","/Users/tom/github/sft-fraction/procedure","no","mono","no","24","no","white","no","yes","800","legacy","159","159","5","/Users/tom/github/sft-fraction/results/data/subject-5a.csv","legacy","#757575","low","4","Jazzy James","3.1.9","0","a","NA","space","space","space","a","return","597","NA","148901","11392","7534","597","24522","2","legacy","1024","2","48000","-16","experiment","5","odd","absent","1584547","1584547","NA","1762117","1312","169234","1770076","1770593","1371","150289","161699","1770593","1771207","1559957","1770060","Fraction component detection task","1224","693616","1240","yes","1280"
"98.7107171636","98.7107171636","559.397260274","559.397260274","#808080","no","legacy","legacy","legacy","0","uniform","1","undefined","undefined","undefined","1","a","5","5","0","1240","0","0","1240","1240","0","0","0","1240","1240","5","1240","Fri Apr 27 13:03:26 2018","#000000","high","3","The main experiment item","yes","","experiment.osexp","/Users/tom/github/sft-fraction/procedure","no","mono","no","24","no","white","no","yes","800","legacy","160","160","5","/Users/tom/github/sft-fraction/results/data/subject-5a.csv","legacy","#000000","high","4","Jazzy James","3.1.9","0","a","NA","space","space","space","a","return","596","NA","148901","11392","7534","596","24522","2","legacy","1024","2","48000","-16","experiment","5","odd","absent","1584547","1584547","NA","1762117","1312","169234","1771292","1771811","1371","150289","161699","1771811","1772424","1559957","1771276","Fraction component detection task","1225","694212","1241","yes","1280"
"98.7117552335","98.7117552335","559.390499195","559.390499195","#808080","no","legacy","legacy","legacy","0","uniform","1","undefined","undefined","undefined","1","a","5","5","0","1241","0","0","1241","1241","0","0","0","1241","1241","5","1241","Fri Apr 27 13:03:26 2018","#000000","high","2","The main experiment item","yes","","experiment.osexp","/Users/tom/github/sft-fraction/procedure","no","mono","no","24","no","white","no","yes","800","legacy","161","161","5","/Users/tom/github/sft-fraction/results/data/subject-5a.csv","legacy","#757575","low","3","Jazzy James","3.1.9","0","a","NA","space","space","space","a","return","551","NA","148901","11392","7534","551","24522","2","legacy","1024","2","48000","-16","experiment","5","odd","absent","1584547","1584547","NA","1762117","1312","169234","1772509","1773025","1371","150289","161699","1773025","1773602","1559957","1772489","Fraction component detection task","1226","694763","1242","yes","1280"
"98.7127916331","98.7127916331","559.401448109","559.401448109","#808080","no","legacy","legacy","legacy","0","uniform","1","undefined","undefined","undefined","1","a","5","5","0","1242","0","0","1242","1242","0","0","0","1242","1242","5","1242","Fri Apr 27 13:03:26 2018","#757575","low","4","The main experiment item","yes","","experiment.osexp","/Users/tom/github/sft-fraction/procedure","no","mono","no","24","no","white","no","yes","800","legacy","162","162","5","/Users/tom/github/sft-fraction/results/data/subject-5a.csv","legacy","#757575","low","3","Jazzy James","3.1.9","0","a","NA","space","space","space","a","return","573","NA","148901","11392","7534","573","24522","2","legacy","1024","2","48000","-16","experiment","5","odd","absent","1584547","1584547","NA","1762117","1312","169234","1773678","1774194","1371","150289","161699","1774195","1774784","1559957","1773661","Fraction component detection task","1227","695336","1243","yes","1280"
"98.7138263666","98.7138263666","559.272508039","559.272508039","#808080","no","legacy","legacy","legacy","0","uniform","1","undefined","undefined","undefined","1","a","5","5","0","1243","0","0","1243","1243","0","0","0","1243","1243","5","1243","Fri Apr 27 13:03:26 2018","#000000","high","2","The main experiment item","yes","","experiment.osexp","/Users/tom/github/sft-fraction/procedure","no","mono","no","24","no","white","no","yes","800","legacy","163","163","5","/Users/tom/github/sft-fraction/results/data/subject-5a.csv","legacy","#000000","high","4","Jazzy James","3.1.9","0","a","NA","space","space","space","a","return","399","NA","148901","11392","7534","399","24522","2","legacy","1024","2","48000","-16","experiment","5","odd","absent","1584547","1584547","NA","1762117","1312","169234","1774868","1775384","1371","150289","161699","1775385","1775802","1559957","1774852","Fraction component detection task","1228","695735","1244","yes","1280"
"98.7148594378","98.7148594378","559.266666667","559.266666667","#808080","no","legacy","legacy","legacy","0","uniform","1","undefined","undefined","undefined","1","l","5","5","0","1244","0","0","1244","1244","0","0","0","1244","1244","5","1244","Fri Apr 27 13:03:26 2018","#000000","high","8","The main experiment item","yes","","experiment.osexp","/Users/tom/github/sft-fraction/procedure","no","mono","no","24","no","white","no","yes","800","legacy","164","164","5","/Users/tom/github/sft-fraction/results/data/subject-5a.csv","legacy","#000000","high","4","Jazzy James","3.1.9","0","l","NA","space","space","space","l","return","552","NA","148901","11392","7534","552","24522","2","legacy","1024","2","48000","-16","experiment","5","odd","present","1584547","1584547","NA","1762117","1312","169234","1775883","1776400","1371","150289","161699","1776400","1776973","1559957","1775866","Fraction component detection task","1229","696287","1245","yes","1280"
"98.7158908507","98.7158908507","559.163723917","559.163723917","#808080","no","legacy","legacy","legacy","0","uniform","1","undefined","undefined","undefined","1","a","5","5","0","1245","0","0","1245","1245","0","0","0","1245","1245","5","1245","Fri Apr 27 13:03:26 2018","#000000","high","4","The main experiment item","yes","","experiment.osexp","/Users/tom/github/sft-fraction/procedure","no","mono","no","24","no","white","no","yes","800","legacy","165","165","5","/Users/tom/github/sft-fraction/results/data/subject-5a.csv","legacy","#757575","low","2","Jazzy James","3.1.9","0","a","NA","space","space","space","a","return","431","NA","148901","11392","7534","431","24522","2","legacy","1024","2","48000","-16","experiment","5","odd","absent","1584547","1584547","NA","1762117","1312","169234","1777059","1777576","1371","150289","161699","1777576","1778024","1559957","1777043","Fraction component detection task","1230","696718","1246","yes","1280"
"98.7169206095","98.7169206095","559.145950281","559.145950281","#808080","no","legacy","legacy","legacy","0","uniform","1","undefined","undefined","undefined","1","l","5","5","0","1246","0","0","1246","1246","0","0","0","1246","1246","5","1246","Fri Apr 27 13:03:26 2018","#000000","high","6","The main experiment item","yes","","experiment.osexp","/Users/tom/github/sft-fraction/procedure","no","mono","no","24","no","white","no","yes","800","legacy","166","166","5","/Users/tom/github/sft-fraction/results/data/subject-5a.csv","legacy","#000000","high","7","Jazzy James","3.1.9","0","l","NA","space","space","space","l","return","537","NA","148901","11392","7534","537","24522","2","legacy","1024","2","48000","-16","experiment","5","odd","present","1584547","1584547","NA","1762117","1312","169234","1778109","1778629","1371","150289","161699","1778630","1779184","1559957","1778092","Fraction component detection task","1231","697255","1247","yes","1280"
"98.7179487179","98.7179487179","559.077724359","559.077724359","#808080","no","legacy","legacy","legacy","0","uniform","1","undefined","undefined","undefined","1","l","5","5","0","1247","0","0","1247","1247","0","0","0","1247","1247","5","1247","Fri Apr 27 13:03:26 2018","#757575","low","7","The main experiment item","yes","","experiment.osexp","/Users/tom/github/sft-fraction/procedure","no","mono","no","24","no","white","no","yes","800","legacy","167","167","5","/Users/tom/github/sft-fraction/results/data/subject-5a.csv","legacy","#000000","high","7","Jazzy James","3.1.9","0","l","NA","space","space","space","l","return","474","NA","148901","11392","7534","474","24522","2","legacy","1024","2","48000","-16","experiment","5","odd","present","1584547","1584547","NA","1762117","1312","169234","1779269","1779789","1371","150289","161699","1779789","1780279","1559957","1779253","Fraction component detection task","1232","697729","1248","yes","1280"
"98.7189751801","98.7189751801","559.112089672","559.112089672","#808080","no","legacy","legacy","legacy","0","uniform","1","undefined","undefined","undefined","1","l","5","5","0","1248","0","0","1248","1248","0","0","0","1248","1248","5","1248","Fri Apr 27 13:03:26 2018","#757575","low","7","The main experiment item","yes","","experiment.osexp","/Users/tom/github/sft-fraction/procedure","no","mono","no","24","no","white","no","yes","800","legacy","168","168","5","/Users/tom/github/sft-fraction/results/data/subject-5a.csv","legacy","#000000","high","2","Jazzy James","3.1.9","0","l","NA","space","space","space","l","return","602","NA","148901","11392","7534","602","24522","2","legacy","1024","2","48000","-16","experiment","5","odd","present","1584547","1584547","NA","1762117","1312","169234","1780369","1780885","1371","150289","161699","1780886","1781505","1559957","1780350","Fraction component detection task","1233","698331","1249","yes","1280"
"98.72","98.72","559.036","559.036","#808080","no","legacy","legacy","legacy","0","uniform","1","undefined","undefined","undefined","1","a","5","5","0","1249","0","0","1249","1249","0","0","0","1249","1249","5","1249","Fri Apr 27 13:03:26 2018","#000000","high","3","The main experiment item","yes","","experiment.osexp","/Users/tom/github/sft-fraction/procedure","no","mono","no","24","no","white","no","yes","800","legacy","169","169","5","/Users/tom/github/sft-fraction/results/data/subject-5a.csv","legacy","#000000","high","3","Jazzy James","3.1.9","0","a","NA","space","space","space","a","return","464","NA","148901","11392","7534","464","24522","2","legacy","1024","2","48000","-16","experiment","5","odd","absent","1584547","1584547","NA","1762117","1312","169234","1781595","1782112","1371","150289","161699","1782112","1782593","1559957","1781575","Fraction component detection task","1234","698795","1250","yes","1280"
"98.7210231815","98.7210231815","558.987210232","558.987210232","#808080","no","legacy","legacy","legacy","0","uniform","1","undefined","undefined","undefined","1","l","5","5","0","1250","0","0","1250","1250","0","0","0","1250","1250","5","1250","Fri Apr 27 13:03:26 2018","#757575","low","2","The main experiment item","yes","","experiment.osexp","/Users/tom/github/sft-fraction/procedure","no","mono","no","24","no","white","no","yes","800","legacy","170","170","5","/Users/tom/github/sft-fraction/results/data/subject-5a.csv","legacy","#757575","low","7","Jazzy James","3.1.9","0","l","NA","space","space","space","l","return","498","NA","148901","11392","7534","498","24522","2","legacy","1024","2","48000","-16","experiment","5","odd","present","1584547","1584547","NA","1762117","1312","169234","1782673","1783189","1371","150289","161699","1783190","1783708","1559957","1782658","Fraction component detection task","1235","699293","1251","yes","1280"
"98.7220447284","98.7220447284","558.906549521","558.906549521","#808080","no","legacy","legacy","legacy","0","uniform","1","undefined","undefined","undefined","1","l","5","5","0","1251","0","0","1251","1251","0","0","0","1251","1251","5","1251","Fri Apr 27 13:03:26 2018","#757575","low","2","The main experiment item","yes","","experiment.osexp","/Users/tom/github/sft-fraction/procedure","no","mono","no","24","no","white","no","yes","800","legacy","171","171","5","/Users/tom/github/sft-fraction/results/data/subject-5a.csv","legacy","#000000","high","7","Jazzy James","3.1.9","0","l","NA","space","space","space","l","return","458","NA","148901","11392","7534","458","24522","2","legacy","1024","2","48000","-16","experiment","5","odd","present","1584547","1584547","NA","1762117","1312","169234","1783792","1784310","1371","150289","161699","1784310","1784786","1559957","1783776","Fraction component detection task","1236","699751","1252","yes","1280"
"98.7230646449","98.7230646449","558.823623304","558.823623304","#808080","no","legacy","legacy","legacy","0","uniform","1","undefined","undefined","undefined","1","a","5","5","0","1252","0","0","1252","1252","0","0","0","1252","1252","5","1252","Fri Apr 27 13:03:26 2018","#000000","high","4","The main experiment item","yes","","experiment.osexp","/Users/tom/github/sft-fraction/procedure","no","mono","no","24","no","white","no","yes","800","legacy","172","172","5","/Users/tom/github/sft-fraction/results/data/subject-5a.csv","legacy","#757575","low","4","Jazzy James","3.1.9","0","a","NA","space","space","space","a","return","455","NA","148901","11392","7534","455","24522","2","legacy","1024","2","48000","-16","experiment","5","odd","absent","1584547","1584547","NA","1762117","1312","169234","1784876","1785393","1371","150289","161699","1785393","1785865","1559957","1784855","Fraction component detection task","1237","700206","1253","yes","1280"
"98.7240829346","98.7240829346","558.860446571","558.860446571","#808080","no","legacy","legacy","legacy","0","uniform","1","undefined","undefined","undefined","1","l","5","5","0","1253","0","0","1253","1253","0","0","0","1253","1253","5","1253","Fri Apr 27 13:03:26 2018","#000000","high","7","The main experiment item","yes","","experiment.osexp","/Users/tom/github/sft-fraction/procedure","no","mono","no","24","no","white","no","yes","800","legacy","173","173","5","/Users/tom/github/sft-fraction/results/data/subject-5a.csv","legacy","#757575","low","2","Jazzy James","3.1.9","0","l","NA","space","space","space","l","return","605","NA","148901","11392","7534","605","24522","2","legacy","1024","2","48000","-16","experiment","5","odd","present","1584547","1584547","NA","1762117","1312","169234","1785955","1786474","1371","150289","161699","1786474","1787096","1559957","1785935","Fraction component detection task","1238","700811","1254","yes","1280"
"98.7250996016","98.7250996016","558.80876494","558.80876494","#808080","no","legacy","legacy","legacy","0","uniform","1","undefined","undefined","undefined","1","a","5","5","0","1254","0","0","1254","1254","0","0","0","1254","1254","5","1254","Fri Apr 27 13:03:26 2018","#000000","high","4","The main experiment item","yes","","experiment.osexp","/Users/tom/github/sft-fraction/procedure","no","mono","no","24","no","white","no","yes","800","legacy","174","174","5","/Users/tom/github/sft-fraction/results/data/subject-5a.csv","legacy","#757575","low","2","Jazzy James","3.1.9","0","a","NA","space","space","space","a","return","494","NA","148901","11392","7534","494","24522","2","legacy","1024","2","48000","-16","experiment","5","odd","absent","1584547","1584547","NA","1762117","1312","169234","1787179","1787696","1371","150289","161699","1787697","1788212","1559957","1787161","Fraction component detection task","1239","701305","1255","yes","1280"
"98.7261146497","98.7261146497","558.792993631","558.792993631","#808080","no","legacy","legacy","legacy","0","uniform","1","undefined","undefined","undefined","1","l","5","5","0","1255","0","0","1255","1255","0","0","0","1255","1255","5","1255","Fri Apr 27 13:03:26 2018","#000000","high","3","The main experiment item","yes","","experiment.osexp","/Users/tom/github/sft-fraction/procedure","no","mono","no","24","no","white","no","yes","800","legacy","175","175","5","/Users/tom/github/sft-fraction/results/data/subject-5a.csv","legacy","#000000","high","8","Jazzy James","3.1.9","0","l","NA","space","space","space","l","return","539","NA","148901","11392","7534","539","24522","2","legacy","1024","2","48000","-16","experiment","5","odd","present","1584547","1584547","NA","1762117","1312","169234","1788304","1788822","1371","150289","161699","1788822","1789377","1559957","1788284","Fraction component detection task","1240","701844","1256","yes","1280"
"98.7271280827","98.7271280827","558.84566428","558.84566428","#808080","no","legacy","legacy","legacy","0","uniform","1","undefined","undefined","undefined","1","l","5","5","0","1256","0","0","1256","1256","0","0","0","1256","1256","5","1256","Fri Apr 27 13:03:26 2018","#000000","high","7","The main experiment item","yes","","experiment.osexp","/Users/tom/github/sft-fraction/procedure","no","mono","no","24","no","white","no","yes","800","legacy","176","176","5","/Users/tom/github/sft-fraction/results/data/subject-5a.csv","legacy","#000000","high","4","Jazzy James","3.1.9","0","l","NA","space","space","space","l","return","625","NA","148901","11392","7534","625","24522","2","legacy","1024","2","48000","-16","experiment","5","odd","present","1584547","1584547","NA","1762117","1312","169234","1789467","1789983","1371","150289","161699","1789983","1790625","1559957","1789451","Fraction component detection task","1241","702469","1257","yes","1280"
"98.7281399046","98.7281399046","558.846581876","558.846581876","#808080","no","legacy","legacy","legacy","0","uniform","1","undefined","undefined","undefined","1","a","5","5","0","1257","0","0","1257","1257","0","0","0","1257","1257","5","1257","Fri Apr 27 13:03:26 2018","#757575","low","2","The main experiment item","yes","","experiment.osexp","/Users/tom/github/sft-fraction/procedure","no","mono","no","24","no","white","no","yes","800","legacy","177","177","5","/Users/tom/github/sft-fraction/results/data/subject-5a.csv","legacy","#000000","high","2","Jazzy James","3.1.9","0","a","NA","space","space","space","a","return","560","NA","148901","11392","7534","560","24522","2","legacy","1024","2","48000","-16","experiment","5","odd","absent","1584547","1584547","NA","1762117","1312","169234","1790705","1791224","1371","150289","161699","1791224","1791801","1559957","1790690","Fraction component detection task","1242","703029","1258","yes","1280"
"98.7291501191","98.7291501191","558.754567117","558.754567117","#808080","no","legacy","legacy","legacy","0","uniform","1","undefined","undefined","undefined","1","a","5","5","0","1258","0","0","1258","1258","0","0","0","1258","1258","5","1258","Fri Apr 27 13:03:26 2018","#757575","low","3","The main experiment item","yes","","experiment.osexp","/Users/tom/github/sft-fraction/procedure","no","mono","no","24","no","white","no","yes","800","legacy","178","178","5","/Users/tom/github/sft-fraction/results/data/subject-5a.csv","legacy","#757575","low","2","Jazzy James","3.1.9","0","a","NA","space","space","space","a","return","443","NA","148901","11392","7534","443","24522","2","legacy","1024","2","48000","-16","experiment","5","odd","absent","1584547","1584547","NA","1762117","1312","169234","1791888","1792405","1371","150289","161699","1792405","1792865","1559957","1791868","Fraction component detection task","1243","703472","1259","yes","1280"
"98.7301587302","98.7301587302","558.724603175","558.724603175","#808080","no","legacy","legacy","legacy","0","uniform","1","undefined","undefined","undefined","1","l","5","5","0","1259","0","0","1259","1259","0","0","0","1259","1259","5","1259","Fri Apr 27 13:03:26 2018","#757575","low","2","The main experiment item","yes","","experiment.osexp","/Users/tom/github/sft-fraction/procedure","no","mono","no","24","no","white","no","yes","800","legacy","179","179","5","/Users/tom/github/sft-fraction/results/data/subject-5a.csv","legacy","#000000","high","6","Jazzy James","3.1.9","0","l","NA","space","space","space","l","return","521","NA","148901","11392","7534","521","24522","2","legacy","1024","2","48000","-16","experiment","5","odd","present","1584547","1584547","NA","1762117","1312","169234","1792947","1793464","1371","150289","161699","1793464","1794004","1559957","1792931","Fraction component detection task","1244","703993","1260","yes","1280"
"98.7311657415","98.7311657415","558.731165741","558.731165741","#808080","no","legacy","legacy","legacy","0","uniform","1","undefined","undefined","undefined","1","a","5","5","0","1260","0","0","1260","1260","0","0","0","1260","1260","5","1260","Fri Apr 27 13:03:26 2018","#757575","low","4","The main experiment item","yes","","experiment.osexp","/Users/tom/github/sft-fraction/procedure","no","mono","no","24","no","white","no","yes","800","legacy","180","180","5","/Users/tom/github/sft-fraction/results/data/subject-5a.csv","legacy","#000000","high","3","Jazzy James","3.1.9","0","a","NA","space","space","space","a","return","567","NA","148901","11392","7534","567","24522","2","legacy","1024","2","48000","-16","experiment","5","odd","absent","1584547","1584547","NA","1762117","1312","169234","1794091","1794609","1371","150289","161699","1794609","1795192","1559957","1794071","Fraction component detection task","1245","704560","1261","yes","1280"
"98.7321711569","98.7321711569","558.624405705","558.624405705","#808080","no","legacy","legacy","legacy","0","uniform","1","undefined","undefined","undefined","1","a","5","5","0","1261","0","0","1261","1261","0","0","0","1261","1261","5","1261","Fri Apr 27 13:03:26 2018","#000000","high","3","The main experiment item","yes","","experiment.osexp","/Users/tom/github/sft-fraction/procedure","no","mono","no","24","no","white","no","yes","800","legacy","181","181","5","/Users/tom/github/sft-fraction/results/data/subject-5a.csv","legacy","#000000","high","3","Jazzy James","3.1.9","0","a","NA","space","space","space","a","return","424","NA","148901","11392","7534","424","24522","2","legacy","1024","2","48000","-16","experiment","5","odd","absent","1584547","1584547","NA","1762117","1312","169234","1795283","1795800","1371","150289","161699","1795800","1796241","1559957","1795263","Fraction component detection task","1246","704984","1262","yes","1280"
"98.7331749802","98.7331749802","558.536025337","558.536025337","#808080","no","legacy","legacy","legacy","0","uniform","1","undefined","undefined","undefined","1","a","5","5","0","1262","0","0","1262","1262","0","0","0","1262","1262","5","1262","Fri Apr 27 13:03:26 2018","#757575","low","3","The main experiment item","yes","","experiment.osexp","/Users/tom/github/sft-fraction/procedure","no","mono","no","24","no","white","no","yes","800","legacy","182","182","5","/Users/tom/github/sft-fraction/results/data/subject-5a.csv","legacy","#757575","low","4","Jazzy James","3.1.9","0","a","NA","space","space","space","a","return","447","NA","148901","11392","7534","447","24522","2","legacy","1024","2","48000","-16","experiment","5","odd","absent","1584547","1584547","NA","1762117","1312","169234","1796329","1796849","1371","150289","161699","1796849","1797318","1559957","1796312","Fraction component detection task","1247","705431","1263","yes","1280"
"98.7341772152","98.7341772152","558.540348101","558.540348101","#808080","no","legacy","legacy","legacy","0","uniform","1","undefined","undefined","undefined","1","l","5","5","0","1263","0","0","1263","1263","0","0","0","1263","1263","5","1263","Fri Apr 27 13:03:26 2018","#000000","high","8","The main experiment item","yes","","experiment.osexp","/Users/tom/github/sft-fraction/procedure","no","mono","no","24","no","white","no","yes","800","legacy","183","183","5","/Users/tom/github/sft-fraction/results/data/subject-5a.csv","legacy","#757575","low","7","Jazzy James","3.1.9","0","l","NA","space","space","space","l","return","564","NA","148901","11392","7534","564","24522","2","legacy","1024","2","48000","-16","experiment","5","odd","present","1584547","1584547","NA","1762117","1312","169234","1797400","1797917","1371","150289","161699","1797917","1798498","1559957","1797385","Fraction component detection task","1248","705995","1264","yes","1280"
"98.7351778656","98.7351778656","558.556521739","558.556521739","#808080","no","legacy","legacy","legacy","0","uniform","1","undefined","undefined","undefined","1","a","5","5","0","1264","0","0","1264","1264","0","0","0","1264","1264","5","1264","Fri Apr 27 13:03:26 2018","#757575","low","4","The main experiment item","yes","","experiment.osexp","/Users/tom/github/sft-fraction/procedure","no","mono","no","24","no","white","no","yes","800","legacy","184","184","5","/Users/tom/github/sft-fraction/results/data/subject-5a.csv","legacy","#757575","low","4","Jazzy James","3.1.9","0","a","NA","space","space","space","a","return","579","NA","148901","11392","7534","579","24522","2","legacy","1024","2","48000","-16","experiment","5","odd","absent","1584547","1584547","NA","1762117","1312","169234","1798583","1799102","1371","150289","161699","1799102","1799698","1559957","1798567","Fraction component detection task","1249","706574","1265","yes","1280"
"98.6571879937","98.6571879937","558.45892575","558.45892575","#808080","no","legacy","legacy","legacy","0","uniform","0","undefined","undefined","undefined","0","l","5","5","0","1265","0","0","1265","1265","0","0","0","1265","1265","5","1265","Fri Apr 27 13:03:26 2018","#757575","low","7","The main experiment item","yes","","experiment.osexp","/Users/tom/github/sft-fraction/procedure","no","mono","no","24","no","white","no","yes","800","legacy","185","185","5","/Users/tom/github/sft-fraction/results/data/subject-5a.csv","legacy","#757575","low","3","Jazzy James","3.1.9","0","a","NA","space","space","space","a","return","435","NA","148901","11392","7534","435","24522","2","legacy","1024","2","48000","-16","experiment","5","odd","present","1584547","1584547","NA","1762117","1312","169234","1799784","1800302","1371","150289","161699","1800302","1800754","1559957","1799768","Fraction component detection task","1249","707009","1266","yes","1280"
"98.6582478295","98.6582478295","558.488555643","558.488555643","#808080","no","legacy","legacy","legacy","0","uniform","1","undefined","undefined","undefined","1","a","5","5","0","1266","0","0","1266","1266","0","0","0","1266","1266","5","1266","Fri Apr 27 13:03:26 2018","#757575","low","4","The main experiment item","yes","","experiment.osexp","/Users/tom/github/sft-fraction/procedure","no","mono","no","24","no","white","no","yes","800","legacy","186","186","5","/Users/tom/github/sft-fraction/results/data/subject-5a.csv","legacy","#757575","low","4","Jazzy James","3.1.9","0","a","NA","space","space","space","a","return","596","NA","148901","11392","7534","596","24522","2","legacy","1024","2","48000","-16","experiment","5","odd","absent","1584547","1584547","NA","1800777","1312","169234","1801855","1802373","1371","150289","161699","1802373","1802986","1559957","1801840","Fraction component detection task","1250","707605","1267","yes","1280"
"98.6593059937","98.6593059937","558.450315457","558.450315457","#808080","no","legacy","legacy","legacy","0","uniform","1","undefined","undefined","undefined","1","l","5","5","0","1267","0","0","1267","1267","0","0","0","1267","1267","5","1267","Fri Apr 27 13:03:26 2018","#757575","low","8","The main experiment item","yes","","experiment.osexp","/Users/tom/github/sft-fraction/procedure","no","mono","no","24","no","white","no","yes","800","legacy","187","187","5","/Users/tom/github/sft-fraction/results/data/subject-5a.csv","legacy","#757575","low","6","Jazzy James","3.1.9","0","l","NA","space","space","space","l","return","510","NA","148901","11392","7534","510","24522","2","legacy","1024","2","48000","-16","experiment","5","odd","present","1584547","1584547","NA","1800777","1312","169234","1803067","1803586","1371","150289","161699","1803586","1804113","1559957","1803051","Fraction component detection task","1251","708115","1268","yes","1280"
"98.6603624901","98.6603624901","558.401891253","558.401891253","#808080","no","legacy","legacy","legacy","0","uniform","1","undefined","undefined","undefined","1","a","5","5","0","1268","0","0","1268","1268","0","0","0","1268","1268","5","1268","Fri Apr 27 13:03:26 2018","#000000","high","4","The main experiment item","yes","","experiment.osexp","/Users/tom/github/sft-fraction/procedure","no","mono","no","24","no","white","no","yes","800","legacy","188","188","5","/Users/tom/github/sft-fraction/results/data/subject-5a.csv","legacy","#000000","high","4","Jazzy James","3.1.9","0","a","NA","space","space","space","a","return","497","NA","148901","11392","7534","497","24522","2","legacy","1024","2","48000","-16","experiment","5","odd","absent","1584547","1584547","NA","1800777","1312","169234","1804193","1804711","1371","150289","161699","1804711","1805225","1559957","1804178","Fraction component detection task","1252","708612","1269","yes","1280"
"98.6614173228","98.6614173228","558.398425197","558.398425197","#808080","no","legacy","legacy","legacy","0","uniform","1","undefined","undefined","undefined","1","a","5","5","0","1269","0","0","1269","1269","0","0","0","1269","1269","5","1269","Fri Apr 27 13:03:26 2018","#757575","low","2","The main experiment item","yes","","experiment.osexp","/Users/tom/github/sft-fraction/procedure","no","mono","no","24","no","white","no","yes","800","legacy","189","189","5","/Users/tom/github/sft-fraction/results/data/subject-5a.csv","legacy","#757575","low","2","Jazzy James","3.1.9","0","a","NA","space","space","space","a","return","554","NA","148901","11392","7534","554","24522","2","legacy","1024","2","48000","-16","experiment","5","odd","absent","1584547","1584547","NA","1800777","1312","169234","1805309","1805831","1371","150289","161699","1805831","1806406","1559957","1805292","Fraction component detection task","1253","709166","1270","yes","1280"
"98.6624704957","98.6624704957","558.31313926","558.31313926","#808080","no","legacy","legacy","legacy","0","uniform","1","undefined","undefined","undefined","1","a","5","5","0","1270","0","0","1270","1270","0","0","0","1270","1270","5","1270","Fri Apr 27 13:03:26 2018","#757575","low","2","The main experiment item","yes","","experiment.osexp","/Users/tom/github/sft-fraction/procedure","no","mono","no","24","no","white","no","yes","800","legacy","190","190","5","/Users/tom/github/sft-fraction/results/data/subject-5a.csv","legacy","#000000","high","3","Jazzy James","3.1.9","0","a","NA","space","space","space","a","return","450","NA","148901","11392","7534","450","24522","2","legacy","1024","2","48000","-16","experiment","5","odd","absent","1584547","1584547","NA","1800777","1312","169234","1806491","1807007","1371","150289","161699","1807007","1807493","1559957","1806475","Fraction component detection task","1254","709616","1271","yes","1280"
"98.6635220126","98.6635220126","558.351415094","558.351415094","#808080","no","legacy","legacy","legacy","0","uniform","1","undefined","undefined","undefined","1","l","5","5","0","1271","0","0","1271","1271","0","0","0","1271","1271","5","1271","Fri Apr 27 13:03:26 2018","#757575","low","7","The main experiment item","yes","","experiment.osexp","/Users/tom/github/sft-fraction/procedure","no","mono","no","24","no","white","no","yes","800","legacy","191","191","5","/Users/tom/github/sft-fraction/results/data/subject-5a.csv","legacy","#000000","high","3","Jazzy James","3.1.9","0","l","NA","space","space","space","l","return","607","NA","148901","11392","7534","607","24522","2","legacy","1024","2","48000","-16","experiment","5","odd","present","1584547","1584547","NA","1800777","1312","169234","1807604","1808121","1371","150289","161699","1808122","1808746","1559957","1807582","Fraction component detection task","1255","710223","1272","yes","1280"
"98.6645718775","98.6645718775","558.380989788","558.380989788","#808080","no","legacy","legacy","legacy","0","uniform","1","undefined","undefined","undefined","1","l","5","5","0","1272","0","0","1272","1272","0","0","0","1272","1272","5","1272","Fri Apr 27 13:03:26 2018","#757575","low","8","The main experiment item","yes","","experiment.osexp","/Users/tom/github/sft-fraction/procedure","no","mono","no","24","no","white","no","yes","800","legacy","192","192","5","/Users/tom/github/sft-fraction/results/data/subject-5a.csv","legacy","#757575","low","7","Jazzy James","3.1.9","0","l","NA","space","space","space","l","return","596","NA","148901","11392","7534","596","24522","2","legacy","1024","2","48000","-16","experiment","5","odd","present","1584547","1584547","NA","1800777","1312","169234","1808829","1809348","1371","150289","161699","1809349","1809963","1559957","1808813","Fraction component detection task","1256","710819","1273","yes","1280"
"98.6656200942","98.6656200942","558.333594976","558.333594976","#808080","no","legacy","legacy","legacy","0","uniform","1","undefined","undefined","undefined","1","a","5","5","0","1273","0","0","1273","1273","0","0","0","1273","1273","5","1273","Fri Apr 27 13:03:26 2018","#757575","low","3","The main experiment item","yes","","experiment.osexp","/Users/tom/github/sft-fraction/procedure","no","mono","no","24","no","white","no","yes","800","legacy","193","193","5","/Users/tom/github/sft-fraction/results/data/subject-5a.csv","legacy","#757575","low","4","Jazzy James","3.1.9","0","a","NA","space","space","space","a","return","498","NA","148901","11392","7534","498","24522","2","legacy","1024","2","48000","-16","experiment","5","odd","absent","1584547","1584547","NA","1800777","1312","169234","1810049","1810566","1371","150289","161699","1810566","1811082","1559957","1810033","Fraction component detection task","1257","711317","1274","yes","1280"
"98.6666666667","98.6666666667","558.396078431","558.396078431","#808080","no","legacy","legacy","legacy","0","uniform","1","undefined","undefined","undefined","1","l","5","5","0","1274","0","0","1274","1274","0","0","0","1274","1274","5","1274","Fri Apr 27 13:03:26 2018","#000000","high","7","The main experiment item","yes","","experiment.osexp","/Users/tom/github/sft-fraction/procedure","no","mono","no","24","no","white","no","yes","800","legacy","194","194","5","/Users/tom/github/sft-fraction/results/data/subject-5a.csv","legacy","#000000","high","6","Jazzy James","3.1.9","0","l","NA","space","space","space","l","return","638","NA","148901","11392","7534","638","24522","2","legacy","1024","2","48000","-16","experiment","5","odd","present","1584547","1584547","NA","1800777","1312","169234","1811166","1811682","1371","150289","161699","1811683","1812341","1559957","1811150","Fraction component detection task","1258","711955","1275","yes","1280"
"98.6677115987","98.6677115987","558.329937304","558.329937304","#808080","no","legacy","legacy","legacy","0","uniform","1","undefined","undefined","undefined","1","l","5","5","0","1275","0","0","1275","1275","0","0","0","1275","1275","5","1275","Fri Apr 27 13:03:26 2018","#757575","low","7","The main experiment item","yes","","experiment.osexp","/Users/tom/github/sft-fraction/procedure","no","mono","no","24","no","white","no","yes","800","legacy","195","195","5","/Users/tom/github/sft-fraction/results/data/subject-5a.csv","legacy","#000000","high","8","Jazzy James","3.1.9","0","l","NA","space","space","space","l","return","474","NA","148901","11392","7534","474","24522","2","legacy","1024","2","48000","-16","experiment","5","odd","present","1584547","1584547","NA","1800777","1312","169234","1812429","1812951","1371","150289","161699","1812951","1813447","1559957","1812414","Fraction component detection task","1259","712429","1276","yes","1280"
"98.6687548943","98.6687548943","558.371965544","558.371965544","#808080","no","legacy","legacy","legacy","0","uniform","1","undefined","undefined","undefined","1","l","5","5","0","1276","0","0","1276","1276","0","0","0","1276","1276","5","1276","Fri Apr 27 13:03:26 2018","#000000","high","6","The main experiment item","yes","","experiment.osexp","/Users/tom/github/sft-fraction/procedure","no","mono","no","24","no","white","no","yes","800","legacy","196","196","5","/Users/tom/github/sft-fraction/results/data/subject-5a.csv","legacy","#000000","high","3","Jazzy James","3.1.9","0","l","NA","space","space","space","l","return","612","NA","148901","11392","7534","612","24522","2","legacy","1024","2","48000","-16","experiment","5","odd","present","1584547","1584547","NA","1800777","1312","169234","1813537","1814053","1371","150289","161699","1814053","1814682","1559957","1813520","Fraction component detection task","1260","713041","1277","yes","1280"
"98.6697965571","98.6697965571","558.338028169","558.338028169","#808080","no","legacy","legacy","legacy","0","uniform","1","undefined","undefined","undefined","1","a","5","5","0","1277","0","0","1277","1277","0","0","0","1277","1277","5","1277","Fri Apr 27 13:03:26 2018","#000000","high","4","The main experiment item","yes","","experiment.osexp","/Users/tom/github/sft-fraction/procedure","no","mono","no","24","no","white","no","yes","800","legacy","197","197","5","/Users/tom/github/sft-fraction/results/data/subject-5a.csv","legacy","#000000","high","3","Jazzy James","3.1.9","0","a","NA","space","space","space","a","return","515","NA","148901","11392","7534","515","24522","2","legacy","1024","2","48000","-16","experiment","5","odd","absent","1584547","1584547","NA","1800777","1312","169234","1814763","1815279","1371","150289","161699","1815279","1815811","1559957","1814747","Fraction component detection task","1261","713556","1278","yes","1280"
"98.6708365911","98.6708365911","558.35887412","558.35887412","#808080","no","legacy","legacy","legacy","0","uniform","1","undefined","undefined","undefined","1","l","5","5","0","1278","0","0","1278","1278","0","0","0","1278","1278","5","1278","Fri Apr 27 13:03:26 2018","#757575","low","6","The main experiment item","yes","","experiment.osexp","/Users/tom/github/sft-fraction/procedure","no","mono","no","24","no","white","no","yes","800","legacy","198","198","5","/Users/tom/github/sft-fraction/results/data/subject-5a.csv","legacy","#000000","high","4","Jazzy James","3.1.9","0","l","NA","space","space","space","l","return","585","NA","148901","11392","7534","585","24522","2","legacy","1024","2","48000","-16","experiment","5","odd","present","1584547","1584547","NA","1800777","1312","169234","1815904","1816424","1371","150289","161699","1816424","1817026","1559957","1815887","Fraction component detection task","1262","714141","1279","yes","1280"
"98.671875","98.671875","558.34140625","558.34140625","#808080","no","legacy","legacy","legacy","0","uniform","1","undefined","undefined","undefined","1","a","5","5","0","1279","0","0","1279","1279","0","0","0","1279","1279","5","1279","Fri Apr 27 13:03:26 2018","#000000","high","2","The main experiment item","yes","","experiment.osexp","/Users/tom/github/sft-fraction/procedure","no","mono","no","24","no","white","no","yes","800","legacy","199","199","5","/Users/tom/github/sft-fraction/results/data/subject-5a.csv","legacy","#757575","low","2","Jazzy James","3.1.9","0","a","NA","space","space","space","a","return","536","NA","148901","11392","7534","536","24522","2","legacy","1024","2","48000","-16","experiment","5","odd","absent","1584547","1584547","NA","1800777","1312","169234","1817113","1817633","1371","150289","161699","1817633","1818186","1559957","1817097","Fraction component detection task","1263","714677","1280","yes","1280"
"98.6729117877","98.6729117877","558.309133489","558.309133489","#808080","no","legacy","legacy","legacy","0","uniform","1","undefined","undefined","undefined","1","a","5","5","0","1280","0","0","1280","1280","0","0","0","1280","1280","5","1280","Fri Apr 27 13:03:26 2018","#757575","low","2","The main experiment item","yes","","experiment.osexp","/Users/tom/github/sft-fraction/procedure","no","mono","no","24","no","white","no","yes","800","legacy","200","200","5","/Users/tom/github/sft-fraction/results/data/subject-5a.csv","legacy","#757575","low","2","Jazzy James","3.1.9","0","a","NA","space","space","space","a","return","517","NA","148901","11392","7534","517","24522","2","legacy","1024","2","48000","-16","experiment","5","odd","absent","1584547","1584547","NA","1800777","1312","169234","1818269","1818787","1371","150289","161699","1818788","1819323","1559957","1818252","Fraction component detection task","1264","715194","1281","yes","1280"
"98.6739469579","98.6739469579","558.202028081","558.202028081","#808080","no","legacy","legacy","legacy","0","uniform","1","undefined","undefined","undefined","1","a","5","5","0","1281","0","0","1281","1281","0","0","0","1281","1281","5","1281","Fri Apr 27 13:03:26 2018","#000000","high","2","The main experiment item","yes","","experiment.osexp","/Users/tom/github/sft-fraction/procedure","no","mono","no","24","no","white","no","yes","800","legacy","201","201","5","/Users/tom/github/sft-fraction/results/data/subject-5a.csv","legacy","#757575","low","4","Jazzy James","3.1.9","0","a","NA","space","space","space","a","return","421","NA","148901","11392","7534","421","24522","2","legacy","1024","2","48000","-16","experiment","5","odd","absent","1584547","1584547","NA","1800777","1312","169234","1819405","1819925","1371","150289","161699","1819925","1820368","1559957","1819389","Fraction component detection task","1265","715615","1282","yes","1280"
"98.6749805144","98.6749805144","558.232268122","558.232268122","#808080","no","legacy","legacy","legacy","0","uniform","1","undefined","undefined","undefined","1","l","5","5","0","1282","0","0","1282","1282","0","0","0","1282","1282","5","1282","Fri Apr 27 13:03:26 2018","#757575","low","7","The main experiment item","yes","","experiment.osexp","/Users/tom/github/sft-fraction/procedure","no","mono","no","24","no","white","no","yes","800","legacy","202","202","5","/Users/tom/github/sft-fraction/results/data/subject-5a.csv","legacy","#757575","low","4","Jazzy James","3.1.9","0","l","NA","space","space","space","l","return","597","NA","148901","11392","7534","597","24522","2","legacy","1024","2","48000","-16","experiment","5","odd","present","1584547","1584547","NA","1800777","1312","169234","1820461","1820981","1371","150289","161699","1820981","1821595","1559957","1820438","Fraction component detection task","1266","716212","1283","yes","1280"
"98.6760124611","98.6760124611","558.379283489","558.379283489","#808080","no","legacy","legacy","legacy","0","uniform","1","undefined","undefined","undefined","1","l","5","5","0","1283","0","0","1283","1283","0","0","0","1283","1283","5","1283","Fri Apr 27 13:03:26 2018","#000000","high","4","The main experiment item","yes","","experiment.osexp","/Users/tom/github/sft-fraction/procedure","no","mono","no","24","no","white","no","yes","800","legacy","203","203","5","/Users/tom/github/sft-fraction/results/data/subject-5a.csv","legacy","#000000","high","6","Jazzy James","3.1.9","0","l","NA","space","space","space","l","return","747","NA","148901","11392","7534","747","24522","2","legacy","1024","2","48000","-16","experiment","5","odd","present","1584547","1584547","NA","1800777","1312","169234","1821678","1822199","1371","150289","161699","1822199","1822963","1559957","1821662","Fraction component detection task","1267","716959","1284","yes","1280"
"98.6770428016","98.6770428016","558.349416342","558.349416342","#808080","no","legacy","legacy","legacy","0","uniform","1","undefined","undefined","undefined","1","l","5","5","0","1284","0","0","1284","1284","0","0","0","1284","1284","5","1284","Fri Apr 27 13:03:26 2018","#757575","low","3","The main experiment item","yes","","experiment.osexp","/Users/tom/github/sft-fraction/procedure","no","mono","no","24","no","white","no","yes","800","legacy","204","204","5","/Users/tom/github/sft-fraction/results/data/subject-5a.csv","legacy","#757575","low","8","Jazzy James","3.1.9","0","l","NA","space","space","space","l","return","520","NA","148901","11392","7534","520","24522","2","legacy","1024","2","48000","-16","experiment","5","odd","present","1584547","1584547","NA","1800777","1312","169234","1823052","1823569","1371","150289","161699","1823569","1824108","1559957","1823032","Fraction component detection task","1268","717479","1285","yes","1280"
"98.6780715397","98.6780715397","558.332037325","558.332037325","#808080","no","legacy","legacy","legacy","0","uniform","1","undefined","undefined","undefined","1","a","5","5","0","1285","0","0","1285","1285","0","0","0","1285","1285","5","1285","Fri Apr 27 13:03:26 2018","#757575","low","3","The main experiment item","yes","","experiment.osexp","/Users/tom/github/sft-fraction/procedure","no","mono","no","24","no","white","no","yes","800","legacy","205","205","5","/Users/tom/github/sft-fraction/results/data/subject-5a.csv","legacy","#757575","low","2","Jazzy James","3.1.9","0","a","NA","space","space","space","a","return","536","NA","148901","11392","7534","536","24522","2","legacy","1024","2","48000","-16","experiment","5","odd","absent","1584547","1584547","NA","1800777","1312","169234","1824196","1824713","1371","150289","161699","1824713","1825270","1559957","1824180","Fraction component detection task","1269","718015","1286","yes","1280"
"98.6790986791","98.6790986791","558.28982129","558.28982129","#808080","no","legacy","legacy","legacy","0","uniform","1","undefined","undefined","undefined","1","l","5","5","0","1286","0","0","1286","1286","0","0","0","1286","1286","5","1286","Fri Apr 27 13:03:26 2018","#000000","high","7","The main experiment item","yes","","experiment.osexp","/Users/tom/github/sft-fraction/procedure","no","mono","no","24","no","white","no","yes","800","legacy","206","206","5","/Users/tom/github/sft-fraction/results/data/subject-5a.csv","legacy","#000000","high","3","Jazzy James","3.1.9","0","l","NA","space","space","space","l","return","504","NA","148901","11392","7534","504","24522","2","legacy","1024","2","48000","-16","experiment","5","odd","present","1584547","1584547","NA","1800777","1312","169234","1825356","1825874","1371","150289","161699","1825874","1826395","1559957","1825340","Fraction component detection task","1270","718519","1287","yes","1280"
"98.6801242236","98.6801242236","558.180900621","558.180900621","#808080","no","legacy","legacy","legacy","0","uniform","1","undefined","undefined","undefined","1","a","5","5","0","1287","0","0","1287","1287","0","0","0","1287","1287","5","1287","Fri Apr 27 13:03:26 2018","#000000","high","2","The main experiment item","yes","","experiment.osexp","/Users/tom/github/sft-fraction/procedure","no","mono","no","24","no","white","no","yes","800","legacy","207","207","5","/Users/tom/github/sft-fraction/results/data/subject-5a.csv","legacy","#000000","high","2","Jazzy James","3.1.9","0","a","NA","space","space","space","a","return","418","NA","148901","11392","7534","418","24522","2","legacy","1024","2","48000","-16","experiment","5","odd","absent","1584547","1584547","NA","1800777","1312","169234","1826483","1827000","1371","150289","161699","1827000","1827435","1559957","1826467","Fraction component detection task","1271","718937","1288","yes","1280"
"98.6811481769","98.6811481769","558.183087665","558.183087665","#808080","no","legacy","legacy","legacy","0","uniform","1","undefined","undefined","undefined","1","a","5","5","0","1288","0","0","1288","1288","0","0","0","1288","1288","5","1288","Fri Apr 27 13:03:26 2018","#757575","low","3","The main experiment item","yes","","experiment.osexp","/Users/tom/github/sft-fraction/procedure","no","mono","no","24","no","white","no","yes","800","legacy","208","208","5","/Users/tom/github/sft-fraction/results/data/subject-5a.csv","legacy","#000000","high","3","Jazzy James","3.1.9","0","a","NA","space","space","space","a","return","561","NA","148901","11392","7534","561","24522","2","legacy","1024","2","48000","-16","experiment","5","odd","absent","1584547","1584547","NA","1800777","1312","169234","1827523","1828041","1371","150289","161699","1828041","1828619","1559957","1827507","Fraction component detection task","1272","719498","1289","yes","1280"
"98.6821705426","98.6821705426","558.060465116","558.060465116","#808080","no","legacy","legacy","legacy","0","uniform","1","undefined","undefined","undefined","1","a","5","5","0","1289","0","0","1289","1289","0","0","0","1289","1289","5","1289","Fri Apr 27 13:03:26 2018","#000000","high","3","The main experiment item","yes","","experiment.osexp","/Users/tom/github/sft-fraction/procedure","no","mono","no","24","no","white","no","yes","800","legacy","209","209","5","/Users/tom/github/sft-fraction/results/data/subject-5a.csv","legacy","#000000","high","4","Jazzy James","3.1.9","0","a","NA","space","space","space","a","return","400","NA","148901","11392","7534","400","24522","2","legacy","1024","2","48000","-16","experiment","5","odd","absent","1584547","1584547","NA","1800777","1312","169234","1828701","1829217","1371","150289","161699","1829218","1829637","1559957","1828685","Fraction component detection task","1273","719898","1290","yes","1280"
"98.6831913246","98.6831913246","557.949651433","557.949651433","#808080","no","legacy","legacy","legacy","0","uniform","1","undefined","undefined","undefined","1","a","5","5","0","1290","0","0","1290","1290","0","0","0","1290","1290","5","1290","Fri Apr 27 13:03:26 2018","#757575","low","3","The main experiment item","yes","","experiment.osexp","/Users/tom/github/sft-fraction/procedure","no","mono","no","24","no","white","no","yes","800","legacy","210","210","5","/Users/tom/github/sft-fraction/results/data/subject-5a.csv","legacy","#000000","high","4","Jazzy James","3.1.9","0","a","NA","space","space","space","a","return","415","NA","148901","11392","7534","415","24522","2","legacy","1024","2","48000","-16","experiment","5","odd","absent","1584547","1584547","NA","1800777","1312","169234","1829722","1830242","1371","150289","161699","1830243","1830676","1559957","1829703","Fraction component detection task","1274","720313","1291","yes","1280"
"98.6842105263","98.6842105263","557.962074303","557.962074303","#808080","no","legacy","legacy","legacy","0","uniform","1","undefined","undefined","undefined","1","l","5","5","0","1291","0","0","1291","1291","0","0","0","1291","1291","5","1291","Fri Apr 27 13:03:26 2018","#000000","high","7","The main experiment item","yes","","experiment.osexp","/Users/tom/github/sft-fraction/procedure","no","mono","no","24","no","white","no","yes","800","legacy","211","211","5","/Users/tom/github/sft-fraction/results/data/subject-5a.csv","legacy","#000000","high","2","Jazzy James","3.1.9","0","l","NA","space","space","space","l","return","574","NA","148901","11392","7534","574","24522","2","legacy","1024","2","48000","-16","experiment","5","odd","present","1584547","1584547","NA","1800777","1312","169234","1830763","1831284","1371","150289","161699","1831284","1831876","1559957","1830747","Fraction component detection task","1275","720887","1292","yes","1280"
"98.6852281516","98.6852281516","558.023201856","558.023201856","#808080","no","legacy","legacy","legacy","0","uniform","1","undefined","undefined","undefined","1","a","5","5","0","1292","0","0","1292","1292","0","0","0","1292","1292","5","1292","Fri Apr 27 13:03:26 2018","#000000","high","3","The main experiment item","yes","","experiment.osexp","/Users/tom/github/sft-fraction/procedure","no","mono","no","24","no","white","no","yes","800","legacy","212","212","5","/Users/tom/github/sft-fraction/results/data/subject-5a.csv","legacy","#757575","low","2","Jazzy James","3.1.9","0","a","NA","space","space","space","a","return","637","NA","148901","11392","7534","637","24522","2","legacy","1024","2","48000","-16","experiment","5","odd","absent","1584547","1584547","NA","1800777","1312","169234","1831965","1832484","1371","150289","161699","1832484","1833139","1559957","1831949","Fraction component detection task","1276","721524","1293","yes","1280"
"98.686244204","98.686244204","557.965996909","557.965996909","#808080","no","legacy","legacy","legacy","0","uniform","1","undefined","undefined","undefined","1","a","5","5","0","1293","0","0","1293","1293","0","0","0","1293","1293","5","1293","Fri Apr 27 13:03:26 2018","#000000","high","4","The main experiment item","yes","","experiment.osexp","/Users/tom/github/sft-fraction/procedure","no","mono","no","24","no","white","no","yes","800","legacy","213","213","5","/Users/tom/github/sft-fraction/results/data/subject-5a.csv","legacy","#000000","high","2","Jazzy James","3.1.9","0","a","NA","space","space","space","a","return","484","NA","148901","11392","7534","484","24522","2","legacy","1024","2","48000","-16","experiment","5","odd","absent","1584547","1584547","NA","1800777","1312","169234","1833222","1833741","1371","150289","161699","1833741","1834246","1559957","1833206","Fraction component detection task","1277","722008","1294","yes","1280"
"98.6872586873","98.6872586873","557.925096525","557.925096525","#808080","no","legacy","legacy","legacy","0","uniform","1","undefined","undefined","undefined","1","l","5","5","0","1294","0","0","1294","1294","0","0","0","1294","1294","5","1294","Fri Apr 27 13:03:26 2018","#757575","low","3","The main experiment item","yes","","experiment.osexp","/Users/tom/github/sft-fraction/procedure","no","mono","no","24","no","white","no","yes","800","legacy","214","214","5","/Users/tom/github/sft-fraction/results/data/subject-5a.csv","legacy","#000000","high","7","Jazzy James","3.1.9","0","l","NA","space","space","space","l","return","505","NA","148901","11392","7534","505","24522","2","legacy","1024","2","48000","-16","experiment","5","odd","present","1584547","1584547","NA","1800777","1312","169234","1834340","1834856","1371","150289","161699","1834857","1835380","1559957","1834320","Fraction component detection task","1278","722513","1295","yes","1280"
"98.6882716049","98.6882716049","557.862654321","557.862654321","#808080","no","legacy","legacy","legacy","0","uniform","1","undefined","undefined","undefined","1","a","5","5","0","1295","0","0","1295","1295","0","0","0","1295","1295","5","1295","Fri Apr 27 13:03:26 2018","#000000","high","2","The main experiment item","yes","","experiment.osexp","/Users/tom/github/sft-fraction/procedure","no","mono","no","24","no","white","no","yes","800","legacy","215","215","5","/Users/tom/github/sft-fraction/results/data/subject-5a.csv","legacy","#757575","low","2","Jazzy James","3.1.9","0","a","NA","space","space","space","a","return","477","NA","148901","11392","7534","477","24522","2","legacy","1024","2","48000","-16","experiment","5","odd","absent","1584547","1584547","NA","1800777","1312","169234","1835465","1835981","1371","150289","161699","1835981","1836476","1559957","1835449","Fraction component detection task","1279","722990","1296","yes","1280"
"98.6892829607","98.6892829607","557.851966076","557.851966076","#808080","no","legacy","legacy","legacy","0","uniform","1","undefined","undefined","undefined","1","a","6","6","0","1296","0","0","1296","1296","0","0","0","1296","1296","6","1296","Fri Apr 27 13:03:26 2018","#000000","high","4","The main experiment item","yes","","experiment.osexp","/Users/tom/github/sft-fraction/procedure","no","mono","no","24","no","white","no","yes","800","legacy","0","0","6","/Users/tom/github/sft-fraction/results/data/subject-5a.csv","legacy","#000000","high","4","Jazzy James","3.1.9","0","a","NA","space","space","space","a","return","544","NA","148901","11392","7534","544","40169","2","legacy","1024","2","48000","-16","experiment","5","odd","absent","1876797","1876797","NA","1800777","1312","169234","1876841","1877357","1371","150289","161699","1877357","1877921","1836548","1876825","Fraction component detection task","1280","723534","1297","yes","1280"
"98.6902927581","98.6902927581","557.86825886","557.86825886","#808080","no","legacy","legacy","legacy","0","uniform","1","undefined","undefined","undefined","1","l","6","6","0","1297","0","0","1297","1297","0","0","0","1297","1297","6","1297","Fri Apr 27 13:03:26 2018","#757575","low","6","The main experiment item","yes","","experiment.osexp","/Users/tom/github/sft-fraction/procedure","no","mono","no","24","no","white","no","yes","800","legacy","1","1","6","/Users/tom/github/sft-fraction/results/data/subject-5a.csv","legacy","#000000","high","2","Jazzy James","3.1.9","0","l","NA","space","space","space","l","return","579","NA","148901","11392","7534","579","40169","2","legacy","1024","2","48000","-16","experiment","5","odd","present","1876797","1876797","NA","1800777","1312","169234","1878010","1878527","1371","150289","161699","1878528","1879125","1836548","1877990","Fraction component detection task","1281","724113","1298","yes","1280"
"98.6913010008","98.6913010008","557.79060816","557.79060816","#808080","no","legacy","legacy","legacy","0","uniform","1","undefined","undefined","undefined","1","a","6","6","0","1298","0","0","1298","1298","0","0","0","1298","1298","6","1298","Fri Apr 27 13:03:26 2018","#000000","high","3","The main experiment item","yes","","experiment.osexp","/Users/tom/github/sft-fraction/procedure","no","mono","no","24","no","white","no","yes","800","legacy","2","2","6","/Users/tom/github/sft-fraction/results/data/subject-5a.csv","legacy","#757575","low","2","Jazzy James","3.1.9","0","a","NA","space","space","space","a","return","457","NA","148901","11392","7534","457","40169","2","legacy","1024","2","48000","-16","experiment","5","odd","absent","1876797","1876797","NA","1800777","1312","169234","1879212","1879730","1371","150289","161699","1879731","1880205","1836548","1879196","Fraction component detection task","1282","724570","1299","yes","1280"
"98.6923076923","98.6923076923","557.718461538","557.718461538","#808080","no","legacy","legacy","legacy","0","uniform","1","undefined","undefined","undefined","1","l","6","6","0","1299","0","0","1299","1299","0","0","0","1299","1299","6","1299","Fri Apr 27 13:03:26 2018","#757575","low","3","The main experiment item","yes","","experiment.osexp","/Users/tom/github/sft-fraction/procedure","no","mono","no","24","no","white","no","yes","800","legacy","3","3","6","/Users/tom/github/sft-fraction/results/data/subject-5a.csv","legacy","#757575","low","8","Jazzy James","3.1.9","0","l","NA","space","space","space","l","return","464","NA","148901","11392","7534","464","40169","2","legacy","1024","2","48000","-16","experiment","5","odd","present","1876797","1876797","NA","1800777","1312","169234","1880287","1880804","1371","150289","161699","1880804","1881285","1836548","1880271","Fraction component detection task","1283","725034","1300","yes","1280"
"98.6933128363","98.6933128363","557.644888547","557.644888547","#808080","no","legacy","legacy","legacy","0","uniform","1","undefined","undefined","undefined","1","a","6","6","0","1300","0","0","1300","1300","0","0","0","1300","1300","6","1300","Fri Apr 27 13:03:26 2018","#757575","low","3","The main experiment item","yes","","experiment.osexp","/Users/tom/github/sft-fraction/procedure","no","mono","no","24","no","white","no","yes","800","legacy","4","4","6","/Users/tom/github/sft-fraction/results/data/subject-5a.csv","legacy","#000000","high","3","Jazzy James","3.1.9","0","a","NA","space","space","space","a","return","462","NA","148901","11392","7534","462","40169","2","legacy","1024","2","48000","-16","experiment","5","odd","absent","1876797","1876797","NA","1800777","1312","169234","1881366","1881887","1371","150289","161699","1881887","1882370","1836548","1881350","Fraction component detection task","1284","725496","1301","yes","1280"
"98.6943164363","98.6943164363","557.526113671","557.526113671","#808080","no","legacy","legacy","legacy","0","uniform","1","undefined","undefined","undefined","1","l","6","6","0","1301","0","0","1301","1301","0","0","0","1301","1301","6","1301","Fri Apr 27 13:03:26 2018","#000000","high","8","The main experiment item","yes","","experiment.osexp","/Users/tom/github/sft-fraction/procedure","no","mono","no","24","no","white","no","yes","800","legacy","5","5","6","/Users/tom/github/sft-fraction/results/data/subject-5a.csv","legacy","#000000","high","4","Jazzy James","3.1.9","0","l","NA","space","space","space","l","return","403","NA","148901","11392","7534","403","40169","2","legacy","1024","2","48000","-16","experiment","5","odd","present","1876797","1876797","NA","1800777","1312","169234","1882454","1882970","1371","150289","161699","1882970","1883391","1836548","1882438","Fraction component detection task","1285","725899","1302","yes","1280"
"98.6953184958","98.6953184958","557.429777437","557.429777437","#808080","no","legacy","legacy","legacy","0","uniform","1","undefined","undefined","undefined","1","l","6","6","0","1302","0","0","1302","1302","0","0","0","1302","1302","6","1302","Fri Apr 27 13:03:26 2018","#757575","low","8","The main experiment item","yes","","experiment.osexp","/Users/tom/github/sft-fraction/procedure","no","mono","no","24","no","white","no","yes","800","legacy","6","6","6","/Users/tom/github/sft-fraction/results/data/subject-5a.csv","legacy","#000000","high","7","Jazzy James","3.1.9","0","l","NA","space","space","space","l","return","432","NA","148901","11392","7534","432","40169","2","legacy","1024","2","48000","-16","experiment","5","odd","present","1876797","1876797","NA","1800777","1312","169234","1883484","1884004","1371","150289","161699","1884005","1884458","1836548","1883463","Fraction component detection task","1286","726331","1303","yes","1280"
"98.6963190184","98.6963190184","557.346625767","557.346625767","#808080","no","legacy","legacy","legacy","0","uniform","1","undefined","undefined","undefined","1","a","6","6","0","1303","0","0","1303","1303","0","0","0","1303","1303","6","1303","Fri Apr 27 13:03:26 2018","#000000","high","4","The main experiment item","yes","","experiment.osexp","/Users/tom/github/sft-fraction/procedure","no","mono","no","24","no","white","no","yes","800","legacy","7","7","6","/Users/tom/github/sft-fraction/results/data/subject-5a.csv","legacy","#000000","high","4","Jazzy James","3.1.9","0","a","NA","space","space","space","a","return","449","NA","148901","11392","7534","449","40169","2","legacy","1024","2","48000","-16","experiment","5","odd","absent","1876797","1876797","NA","1800777","1312","169234","1884551","1885068","1371","150289","161699","1885068","1885539","1836548","1884528","Fraction component detection task","1287","726780","1304","yes","1280"
"98.6973180077","98.6973180077","557.314942529","557.314942529","#808080","no","legacy","legacy","legacy","0","uniform","1","undefined","undefined","undefined","1","a","6","6","0","1304","0","0","1304","1304","0","0","0","1304","1304","6","1304","Fri Apr 27 13:03:26 2018","#757575","low","3","The main experiment item","yes","","experiment.osexp","/Users/tom/github/sft-fraction/procedure","no","mono","no","24","no","white","no","yes","800","legacy","8","8","6","/Users/tom/github/sft-fraction/results/data/subject-5a.csv","legacy","#757575","low","3","Jazzy James","3.1.9","0","a","NA","space","space","space","a","return","516","NA","148901","11392","7534","516","40169","2","legacy","1024","2","48000","-16","experiment","5","odd","absent","1876797","1876797","NA","1800777","1312","169234","1885626","1886145","1371","150289","161699","1886145","1886679","1836548","1885608","Fraction component detection task","1288","727296","1305","yes","1280"
"98.6983154671","98.6983154671","557.301684533","557.301684533","#808080","no","legacy","legacy","legacy","0","uniform","1","undefined","undefined","undefined","1","l","6","6","0","1305","0","0","1305","1305","0","0","0","1305","1305","6","1305","Fri Apr 27 13:03:26 2018","#757575","low","7","The main experiment item","yes","","experiment.osexp","/Users/tom/github/sft-fraction/procedure","no","mono","no","24","no","white","no","yes","800","legacy","9","9","6","/Users/tom/github/sft-fraction/results/data/subject-5a.csv","legacy","#757575","low","4","Jazzy James","3.1.9","0","l","NA","space","space","space","l","return","540","NA","148901","11392","7534","540","40169","2","legacy","1024","2","48000","-16","experiment","5","odd","present","1876797","1876797","NA","1800777","1312","169234","1886765","1887281","1371","150289","161699","1887281","1887840","1836548","1886745","Fraction component detection task","1289","727836","1306","yes","1280"
"98.6993114002","98.6993114002","557.245600612","557.245600612","#808080","no","legacy","legacy","legacy","0","uniform","1","undefined","undefined","undefined","1","a","6","6","0","1306","0","0","1306","1306","0","0","0","1306","1306","6","1306","Fri Apr 27 13:03:26 2018","#000000","high","2","The main experiment item","yes","","experiment.osexp","/Users/tom/github/sft-fraction/procedure","no","mono","no","24","no","white","no","yes","800","legacy","10","10","6","/Users/tom/github/sft-fraction/results/data/subject-5a.csv","legacy","#757575","low","2","Jazzy James","3.1.9","0","a","NA","space","space","space","a","return","484","NA","148901","11392","7534","484","40169","2","legacy","1024","2","48000","-16","experiment","5","odd","absent","1876797","1876797","NA","1800777","1312","169234","1887924","1888441","1371","150289","161699","1888441","1888944","1836548","1887908","Fraction component detection task","1290","728320","1307","yes","1280"
"98.7003058104","98.7003058104","557.168960245","557.168960245","#808080","no","legacy","legacy","legacy","0","uniform","1","undefined","undefined","undefined","1","l","6","6","0","1307","0","0","1307","1307","0","0","0","1307","1307","6","1307","Fri Apr 27 13:03:26 2018","#757575","low","4","The main experiment item","yes","","experiment.osexp","/Users/tom/github/sft-fraction/procedure","no","mono","no","24","no","white","no","yes","800","legacy","11","11","6","/Users/tom/github/sft-fraction/results/data/subject-5a.csv","legacy","#757575","low","8","Jazzy James","3.1.9","0","l","NA","space","space","space","l","return","457","NA","148901","11392","7534","457","40169","2","legacy","1024","2","48000","-16","experiment","5","odd","present","1876797","1876797","NA","1800777","1312","169234","1889029","1889547","1371","150289","161699","1889547","1890023","1836548","1889013","Fraction component detection task","1291","728777","1308","yes","1280"
"98.7012987013","98.7012987013","557.079449962","557.079449962","#808080","no","legacy","legacy","legacy","0","uniform","1","undefined","undefined","undefined","1","l","6","6","0","1308","0","0","1308","1308","0","0","0","1308","1308","6","1308","Fri Apr 27 13:03:26 2018","#000000","high","2","The main experiment item","yes","","experiment.osexp","/Users/tom/github/sft-fraction/procedure","no","mono","no","24","no","white","no","yes","800","legacy","12","12","6","/Users/tom/github/sft-fraction/results/data/subject-5a.csv","legacy","#000000","high","8","Jazzy James","3.1.9","0","l","NA","space","space","space","l","return","440","NA","148901","11392","7534","440","40169","2","legacy","1024","2","48000","-16","experiment","5","odd","present","1876797","1876797","NA","1800777","1312","169234","1890109","1890628","1371","150289","161699","1890628","1891086","1836548","1890092","Fraction component detection task","1292","729217","1309","yes","1280"
"98.7022900763","98.7022900763","557.028244275","557.028244275","#808080","no","legacy","legacy","legacy","0","uniform","1","undefined","undefined","undefined","1","l","6","6","0","1309","0","0","1309","1309","0","0","0","1309","1309","6","1309","Fri Apr 27 13:03:26 2018","#757575","low","7","The main experiment item","yes","","experiment.osexp","/Users/tom/github/sft-fraction/procedure","no","mono","no","24","no","white","no","yes","800","legacy","13","13","6","/Users/tom/github/sft-fraction/results/data/subject-5a.csv","legacy","#000000","high","6","Jazzy James","3.1.9","0","l","NA","space","space","space","l","return","490","NA","148901","11392","7534","490","40169","2","legacy","1024","2","48000","-16","experiment","5","odd","present","1876797","1876797","NA","1800777","1312","169234","1891173","1891690","1371","150289","161699","1891690","1892203","1836548","1891157","Fraction component detection task","1293","729707","1310","yes","1280"
"98.703279939","98.703279939","556.978642258","556.978642258","#808080","no","legacy","legacy","legacy","0","uniform","1","undefined","undefined","undefined","1","a","6","6","0","1310","0","0","1310","1310","0","0","0","1310","1310","6","1310","Fri Apr 27 13:03:26 2018","#000000","high","2","The main experiment item","yes","","experiment.osexp","/Users/tom/github/sft-fraction/procedure","no","mono","no","24","no","white","no","yes","800","legacy","14","14","6","/Users/tom/github/sft-fraction/results/data/subject-5a.csv","legacy","#757575","low","2","Jazzy James","3.1.9","0","a","NA","space","space","space","a","return","492","NA","148901","11392","7534","492","40169","2","legacy","1024","2","48000","-16","experiment","5","odd","absent","1876797","1876797","NA","1800777","1312","169234","1892288","1892808","1371","150289","161699","1892808","1893324","1836548","1892269","Fraction component detection task","1294","730199","1311","yes","1280"
"98.7042682927","98.7042682927","556.931402439","556.931402439","#808080","no","legacy","legacy","legacy","0","uniform","1","undefined","undefined","undefined","1","a","6","6","0","1311","0","0","1311","1311","0","0","0","1311","1311","6","1311","Fri Apr 27 13:03:26 2018","#757575","low","3","The main experiment item","yes","","experiment.osexp","/Users/tom/github/sft-fraction/procedure","no","mono","no","24","no","white","no","yes","800","legacy","15","15","6","/Users/tom/github/sft-fraction/results/data/subject-5a.csv","legacy","#000000","high","4","Jazzy James","3.1.9","0","a","NA","space","space","space","a","return","495","NA","148901","11392","7534","495","40169","2","legacy","1024","2","48000","-16","experiment","5","odd","absent","1876797","1876797","NA","1800777","1312","169234","1893407","1893926","1371","150289","161699","1893926","1894447","1836548","1893391","Fraction component detection task","1295","730694","1312","yes","1280"
"98.7052551409","98.7052551409","556.892612338","556.892612338","#808080","no","legacy","legacy","legacy","0","uniform","1","undefined","undefined","undefined","1","l","6","6","0","1312","0","0","1312","1312","0","0","0","1312","1312","6","1312","Fri Apr 27 13:03:26 2018","#757575","low","6","The main experiment item","yes","","experiment.osexp","/Users/tom/github/sft-fraction/procedure","no","mono","no","24","no","white","no","yes","800","legacy","16","16","6","/Users/tom/github/sft-fraction/results/data/subject-5a.csv","legacy","#000000","high","4","Jazzy James","3.1.9","0","l","NA","space","space","space","l","return","506","NA","148901","11392","7534","506","40169","2","legacy","1024","2","48000","-16","experiment","5","odd","present","1876797","1876797","NA","1800777","1312","169234","1894533","1895051","1371","150289","161699","1895051","1895575","1836548","1894514","Fraction component detection task","1296","731200","1313","yes","1280"
"98.7062404871","98.7062404871","557.01217656","557.01217656","#808080","no","legacy","legacy","legacy","0","uniform","1","undefined","undefined","undefined","1","l","6","6","0","1313","0","0","1313","1313","0","0","0","1313","1313","6","1313","Fri Apr 27 13:03:26 2018","#757575","low","7","The main experiment item","yes","","experiment.osexp","/Users/tom/github/sft-fraction/procedure","no","mono","no","24","no","white","no","yes","800","legacy","17","17","6","/Users/tom/github/sft-fraction/results/data/subject-5a.csv","legacy","#000000","high","8","Jazzy James","3.1.9","0","l","NA","space","space","space","l","return","714","NA","148901","11392","7534","714","40169","2","legacy","1024","2","48000","-16","experiment","5","odd","present","1876797","1876797","NA","1800777","1312","169234","1895658","1896179","1371","150289","161699","1896179","1896912","1836548","1895641","Fraction component detection task","1297","731914","1314","yes","1280"
"98.7072243346","98.7072243346","557.05095057","557.05095057","#808080","no","legacy","legacy","legacy","0","uniform","1","undefined","undefined","undefined","1","l","6","6","0","1314","0","0","1314","1314","0","0","0","1314","1314","6","1314","Fri Apr 27 13:03:26 2018","#757575","low","7","The main experiment item","yes","","experiment.osexp","/Users/tom/github/sft-fraction/procedure","no","mono","no","24","no","white","no","yes","800","legacy","18","18","6","/Users/tom/github/sft-fraction/results/data/subject-5a.csv","legacy","#757575","low","6","Jazzy James","3.1.9","0","l","NA","space","space","space","l","return","608","NA","148901","11392","7534","608","40169","2","legacy","1024","2","48000","-16","experiment","5","odd","present","1876797","1876797","NA","1800777","1312","169234","1896995","1897515","1371","150289","161699","1897516","1898142","1836548","1896979","Fraction component detection task","1298","732522","1315","yes","1280"
"98.7082066869","98.7082066869","557.03343465","557.03343465","#808080","no","legacy","legacy","legacy","0","uniform","1","undefined","undefined","undefined","1","l","6","6","0","1315","0","0","1315","1315","0","0","0","1315","1315","6","1315","Fri Apr 27 13:03:26 2018","#757575","low","2","The main experiment item","yes","","experiment.osexp","/Users/tom/github/sft-fraction/procedure","no","mono","no","24","no","white","no","yes","800","legacy","19","19","6","/Users/tom/github/sft-fraction/results/data/subject-5a.csv","legacy","#000000","high","8","Jazzy James","3.1.9","0","l","NA","space","space","space","l","return","534","NA","148901","11392","7534","534","40169","2","legacy","1024","2","48000","-16","experiment","5","odd","present","1876797","1876797","NA","1800777","1312","169234","1898223","1898742","1371","150289","161699","1898742","1899294","1836548","1898206","Fraction component detection task","1299","733056","1316","yes","1280"
"98.7091875475","98.7091875475","557.037965072","557.037965072","#808080","no","legacy","legacy","legacy","0","uniform","1","undefined","undefined","undefined","1","a","6","6","0","1316","0","0","1316","1316","0","0","0","1316","1316","6","1316","Fri Apr 27 13:03:26 2018","#757575","low","4","The main experiment item","yes","","experiment.osexp","/Users/tom/github/sft-fraction/procedure","no","mono","no","24","no","white","no","yes","800","legacy","20","20","6","/Users/tom/github/sft-fraction/results/data/subject-5a.csv","legacy","#757575","low","2","Jazzy James","3.1.9","0","a","NA","space","space","space","a","return","563","NA","148901","11392","7534","563","40169","2","legacy","1024","2","48000","-16","experiment","5","odd","absent","1876797","1876797","NA","1800777","1312","169234","1899377","1899898","1371","150289","161699","1899898","1900479","1836548","1899361","Fraction component detection task","1300","733619","1317","yes","1280"
"98.7101669196","98.7101669196","557.018968134","557.018968134","#808080","no","legacy","legacy","legacy","0","uniform","1","undefined","undefined","undefined","1","a","6","6","0","1317","0","0","1317","1317","0","0","0","1317","1317","6","1317","Fri Apr 27 13:03:26 2018","#757575","low","4","The main experiment item","yes","","experiment.osexp","/Users/tom/github/sft-fraction/procedure","no","mono","no","24","no","white","no","yes","800","legacy","21","21","6","/Users/tom/github/sft-fraction/results/data/subject-5a.csv","legacy","#757575","low","4","Jazzy James","3.1.9","0","a","NA","space","space","space","a","return","532","NA","148901","11392","7534","532","40169","2","legacy","1024","2","48000","-16","experiment","5","odd","absent","1876797","1876797","NA","1800777","1312","169234","1900569","1901090","1371","150289","161699","1901090","1901639","1836548","1900549","Fraction component detection task","1301","734151","1318","yes","1280"
"98.7111448067","98.7111448067","557.006823351","557.006823351","#808080","no","legacy","legacy","legacy","0","uniform","1","undefined","undefined","undefined","1","a","6","6","0","1318","0","0","1318","1318","0","0","0","1318","1318","6","1318","Fri Apr 27 13:03:26 2018","#757575","low","2","The main experiment item","yes","","experiment.osexp","/Users/tom/github/sft-fraction/procedure","no","mono","no","24","no","white","no","yes","800","legacy","22","22","6","/Users/tom/github/sft-fraction/results/data/subject-5a.csv","legacy","#757575","low","2","Jazzy James","3.1.9","0","a","NA","space","space","space","a","return","541","NA","148901","11392","7534","541","40169","2","legacy","1024","2","48000","-16","experiment","5","odd","absent","1876797","1876797","NA","1800777","1312","169234","1901722","1902241","1371","150289","161699","1902241","1902799","1836548","1901706","Fraction component detection task","1302","734692","1319","yes","1280"
"98.7121212121","98.7121212121","556.938636364","556.938636364","#808080","no","legacy","legacy","legacy","0","uniform","1","undefined","undefined","undefined","1","l","6","6","0","1319","0","0","1319","1319","0","0","0","1319","1319","6","1319","Fri Apr 27 13:03:26 2018","#757575","low","7","The main experiment item","yes","","experiment.osexp","/Users/tom/github/sft-fraction/procedure","no","mono","no","24","no","white","no","yes","800","legacy","23","23","6","/Users/tom/github/sft-fraction/results/data/subject-5a.csv","legacy","#000000","high","7","Jazzy James","3.1.9","0","l","NA","space","space","space","l","return","467","NA","148901","11392","7534","467","40169","2","legacy","1024","2","48000","-16","experiment","5","odd","present","1876797","1876797","NA","1800777","1312","169234","1902884","1903403","1371","150289","161699","1903403","1903892","1836548","1902867","Fraction component detection task","1303","735159","1320","yes","1280"
"98.7130961393","98.7130961393","556.858440575","556.858440575","#808080","no","legacy","legacy","legacy","0","uniform","1","undefined","undefined","undefined","1","a","6","6","0","1320","0","0","1320","1320","0","0","0","1320","1320","6","1320","Fri Apr 27 13:03:26 2018","#757575","low","2","The main experiment item","yes","","experiment.osexp","/Users/tom/github/sft-fraction/procedure","no","mono","no","24","no","white","no","yes","800","legacy","24","24","6","/Users/tom/github/sft-fraction/results/data/subject-5a.csv","legacy","#757575","low","2","Jazzy James","3.1.9","0","a","NA","space","space","space","a","return","451","NA","148901","11392","7534","451","40169","2","legacy","1024","2","48000","-16","experiment","5","odd","absent","1876797","1876797","NA","1800777","1312","169234","1903980","1904499","1371","150289","161699","1904499","1904968","1836548","1903961","Fraction component detection task","1304","735610","1321","yes","1280"
"98.7140695915","98.7140695915","556.881240545","556.881240545","#808080","no","legacy","legacy","legacy","0","uniform","1","undefined","undefined","undefined","1","l","6","6","0","1321","0","0","1321","1321","0","0","0","1321","1321","6","1321","Fri Apr 27 13:03:26 2018","#000000","high","6","The main experiment item","yes","","experiment.osexp","/Users/tom/github/sft-fraction/procedure","no","mono","no","24","no","white","no","yes","800","legacy","25","25","6","/Users/tom/github/sft-fraction/results/data/subject-5a.csv","legacy","#757575","low","3","Jazzy James","3.1.9","0","l","NA","space","space","space","l","return","587","NA","148901","11392","7534","587","40169","2","legacy","1024","2","48000","-16","experiment","5","odd","present","1876797","1876797","NA","1800777","1312","169234","1905053","1905570","1371","150289","161699","1905570","1906175","1836548","1905037","Fraction component detection task","1305","736197","1322","yes","1280"
"98.7150415722","98.7150415722","556.839002268","556.839002268","#808080","no","legacy","legacy","legacy","0","uniform","1","undefined","undefined","undefined","1","l","6","6","0","1322","0","0","1322","1322","0","0","0","1322","1322","6","1322","Fri Apr 27 13:03:26 2018","#757575","low","7","The main experiment item","yes","","experiment.osexp","/Users/tom/github/sft-fraction/procedure","no","mono","no","24","no","white","no","yes","800","legacy","26","26","6","/Users/tom/github/sft-fraction/results/data/subject-5a.csv","legacy","#000000","high","4","Jazzy James","3.1.9","0","l","NA","space","space","space","l","return","501","NA","148901","11392","7534","501","40169","2","legacy","1024","2","48000","-16","experiment","5","odd","present","1876797","1876797","NA","1800777","1312","169234","1906266","1906784","1371","150289","161699","1906784","1907303","1836548","1906247","Fraction component detection task","1306","736698","1323","yes","1280"
"98.7160120846","98.7160120846","557.164652568","557.164652568","#808080","no","legacy","legacy","legacy","0","uniform","1","undefined","undefined","undefined","1","a","6","6","0","1323","0","0","1323","1323","0","0","0","1323","1323","6","1323","Fri Apr 27 13:03:26 2018","#757575","low","2","The main experiment item","yes","","experiment.osexp","/Users/tom/github/sft-fraction/procedure","no","mono","no","24","no","white","no","yes","800","legacy","27","27","6","/Users/tom/github/sft-fraction/results/data/subject-5a.csv","legacy","#000000","high","4","Jazzy James","3.1.9","0","a","NA","space","space","space","a","return","988","NA","148901","11392","7534","988","40169","2","legacy","1024","2","48000","-16","experiment","5","odd","absent","1876797","1876797","NA","1800777","1312","169234","1907385","1907905","1371","150289","161699","1907906","1908914","1836548","1907369","Fraction component detection task","1307","737686","1324","yes","1280"
"98.7169811321","98.7169811321","557.121509434","557.121509434","#808080","no","legacy","legacy","legacy","0","uniform","1","undefined","undefined","undefined","1","l","6","6","0","1324","0","0","1324","1324","0","0","0","1324","1324","6","1324","Fri Apr 27 13:03:26 2018","#757575","low","3","The main experiment item","yes","","experiment.osexp","/Users/tom/github/sft-fraction/procedure","no","mono","no","24","no","white","no","yes","800","legacy","28","28","6","/Users/tom/github/sft-fraction/results/data/subject-5a.csv","legacy","#000000","high","6","Jazzy James","3.1.9","0","l","NA","space","space","space","l","return","500","NA","148901","11392","7534","500","40169","2","legacy","1024","2","48000","-16","experiment","5","odd","present","1876797","1876797","NA","1800777","1312","169234","1909004","1909521","1371","150289","161699","1909521","1910042","1836548","1908986","Fraction component detection task","1308","738186","1325","yes","1280"
"98.7179487179","98.7179487179","557.033936652","557.033936652","#808080","no","legacy","legacy","legacy","0","uniform","1","undefined","undefined","undefined","1","a","6","6","0","1325","0","0","1325","1325","0","0","0","1325","1325","6","1325","Fri Apr 27 13:03:26 2018","#000000","high","4","The main experiment item","yes","","experiment.osexp","/Users/tom/github/sft-fraction/procedure","no","mono","no","24","no","white","no","yes","800","legacy","29","29","6","/Users/tom/github/sft-fraction/results/data/subject-5a.csv","legacy","#000000","high","3","Jazzy James","3.1.9","0","a","NA","space","space","space","a","return","441","NA","148901","11392","7534","441","40169","2","legacy","1024","2","48000","-16","experiment","5","odd","absent","1876797","1876797","NA","1800777","1312","169234","1910127","1910644","1371","150289","161699","1910644","1911104","1836548","1910112","Fraction component detection task","1309","738627","1326","yes","1280"
"98.7189148455","98.7189148455","556.920120573","556.920120573","#808080","no","legacy","legacy","legacy","0","uniform","1","undefined","undefined","undefined","1","a","6","6","0","1326","0","0","1326","1326","0","0","0","1326","1326","6","1326","Fri Apr 27 13:03:26 2018","#000000","high","3","The main experiment item","yes","","experiment.osexp","/Users/tom/github/sft-fraction/procedure","no","mono","no","24","no","white","no","yes","800","legacy","30","30","6","/Users/tom/github/sft-fraction/results/data/subject-5a.csv","legacy","#757575","low","3","Jazzy James","3.1.9","0","a","NA","space","space","space","a","return","406","NA","148901","11392","7534","406","40169","2","legacy","1024","2","48000","-16","experiment","5","odd","absent","1876797","1876797","NA","1800777","1312","169234","1911196","1911719","1371","150289","161699","1911719","1912143","1836548","1911176","Fraction component detection task","1310","739033","1327","yes","1280"
"98.7198795181","98.7198795181","556.843373494","556.843373494","#808080","no","legacy","legacy","legacy","0","uniform","1","undefined","undefined","undefined","1","a","6","6","0","1327","0","0","1327","1327","0","0","0","1327","1327","6","1327","Fri Apr 27 13:03:26 2018","#757575","low","2","The main experiment item","yes","","experiment.osexp","/Users/tom/github/sft-fraction/procedure","no","mono","no","24","no","white","no","yes","800","legacy","31","31","6","/Users/tom/github/sft-fraction/results/data/subject-5a.csv","legacy","#757575","low","2","Jazzy James","3.1.9","0","a","NA","space","space","space","a","return","455","NA","148901","11392","7534","455","40169","2","legacy","1024","2","48000","-16","experiment","5","odd","absent","1876797","1876797","NA","1800777","1312","169234","1912233","1912750","1371","150289","161699","1912750","1913225","1836548","1912213","Fraction component detection task","1311","739488","1328","yes","1280"
"98.7208427389","98.7208427389","556.73890143","556.73890143","#808080","no","legacy","legacy","legacy","0","uniform","1","undefined","undefined","undefined","1","a","6","6","0","1328","0","0","1328","1328","0","0","0","1328","1328","6","1328","Fri Apr 27 13:03:26 2018","#000000","high","3","The main experiment item","yes","","experiment.osexp","/Users/tom/github/sft-fraction/procedure","no","mono","no","24","no","white","no","yes","800","legacy","32","32","6","/Users/tom/github/sft-fraction/results/data/subject-5a.csv","legacy","#000000","high","3","Jazzy James","3.1.9","0","a","NA","space","space","space","a","return","418","NA","148901","11392","7534","418","40169","2","legacy","1024","2","48000","-16","experiment","5","odd","absent","1876797","1876797","NA","1800777","1312","169234","1913318","1913834","1371","150289","161699","1913835","1914273","1836548","1913300","Fraction component detection task","1312","739906","1329","yes","1280"
"98.7218045113","98.7218045113","556.65112782","556.65112782","#808080","no","legacy","legacy","legacy","0","uniform","1","undefined","undefined","undefined","1","a","6","6","0","1329","0","0","1329","1329","0","0","0","1329","1329","6","1329","Fri Apr 27 13:03:26 2018","#000000","high","4","The main experiment item","yes","","experiment.osexp","/Users/tom/github/sft-fraction/procedure","no","mono","no","24","no","white","no","yes","800","legacy","33","33","6","/Users/tom/github/sft-fraction/results/data/subject-5a.csv","legacy","#757575","low","2","Jazzy James","3.1.9","0","a","NA","space","space","space","a","return","440","NA","148901","11392","7534","440","40169","2","legacy","1024","2","48000","-16","experiment","5","odd","absent","1876797","1876797","NA","1800777","1312","169234","1914359","1914878","1371","150289","161699","1914878","1915336","1836548","1914339","Fraction component detection task","1313","740346","1330","yes","1280"
"98.7227648385","98.7227648385","556.648384673","556.648384673","#808080","no","legacy","legacy","legacy","0","uniform","1","undefined","undefined","undefined","1","l","6","6","0","1330","0","0","1330","1330","0","0","0","1330","1330","6","1330","Fri Apr 27 13:03:26 2018","#000000","high","8","The main experiment item","yes","","experiment.osexp","/Users/tom/github/sft-fraction/procedure","no","mono","no","24","no","white","no","yes","800","legacy","34","34","6","/Users/tom/github/sft-fraction/results/data/subject-5a.csv","legacy","#757575","low","6","Jazzy James","3.1.9","0","l","NA","space","space","space","l","return","553","NA","148901","11392","7534","553","40169","2","legacy","1024","2","48000","-16","experiment","5","odd","present","1876797","1876797","NA","1800777","1312","169234","1915430","1915949","1371","150289","161699","1915949","1916520","1836548","1915409","Fraction component detection task","1314","740899","1331","yes","1280"
"98.7237237237","98.7237237237","556.663663664","556.663663664","#808080","no","legacy","legacy","legacy","0","uniform","1","undefined","undefined","undefined","1","a","6","6","0","1331","0","0","1331","1331","0","0","0","1331","1331","6","1331","Fri Apr 27 13:03:26 2018","#757575","low","3","The main experiment item","yes","","experiment.osexp","/Users/tom/github/sft-fraction/procedure","no","mono","no","24","no","white","no","yes","800","legacy","35","35","6","/Users/tom/github/sft-fraction/results/data/subject-5a.csv","legacy","#757575","low","3","Jazzy James","3.1.9","0","a","NA","space","space","space","a","return","577","NA","148901","11392","7534","577","40169","2","legacy","1024","2","48000","-16","experiment","5","odd","absent","1876797","1876797","NA","1800777","1312","169234","1916604","1917125","1371","150289","161699","1917125","1917720","1836548","1916588","Fraction component detection task","1315","741476","1332","yes","1280"
"98.7246811703","98.7246811703","556.666166542","556.666166542","#808080","no","legacy","legacy","legacy","0","uniform","1","undefined","undefined","undefined","1","a","6","6","0","1332","0","0","1332","1332","0","0","0","1332","1332","6","1332","Fri Apr 27 13:03:26 2018","#757575","low","3","The main experiment item","yes","","experiment.osexp","/Users/tom/github/sft-fraction/procedure","no","mono","no","24","no","white","no","yes","800","legacy","36","36","6","/Users/tom/github/sft-fraction/results/data/subject-5a.csv","legacy","#757575","low","4","Jazzy James","3.1.9","0","a","NA","space","space","space","a","return","560","NA","148901","11392","7534","560","40169","2","legacy","1024","2","48000","-16","experiment","5","odd","absent","1876797","1876797","NA","1800777","1312","169234","1917804","1918326","1371","150289","161699","1918326","1918904","1836548","1917788","Fraction component detection task","1316","742036","1333","yes","1280"
"98.7256371814","98.7256371814","556.628185907","556.628185907","#808080","no","legacy","legacy","legacy","0","uniform","1","undefined","undefined","undefined","1","l","6","6","0","1333","0","0","1333","1333","0","0","0","1333","1333","6","1333","Fri Apr 27 13:03:26 2018","#757575","low","3","The main experiment item","yes","","experiment.osexp","/Users/tom/github/sft-fraction/procedure","no","mono","no","24","no","white","no","yes","800","legacy","37","37","6","/Users/tom/github/sft-fraction/results/data/subject-5a.csv","legacy","#000000","high","7","Jazzy James","3.1.9","0","l","NA","space","space","space","l","return","506","NA","148901","11392","7534","506","40169","2","legacy","1024","2","48000","-16","experiment","5","odd","present","1876797","1876797","NA","1800777","1312","169234","1918990","1919507","1371","150289","161699","1919507","1920032","1836548","1918974","Fraction component detection task","1317","742542","1334","yes","1280"
"98.7265917603","98.7265917603","556.605992509","556.605992509","#808080","no","legacy","legacy","legacy","0","uniform","1","undefined","undefined","undefined","1","l","6","6","0","1334","0","0","1334","1334","0","0","0","1334","1334","6","1334","Fri Apr 27 13:03:26 2018","#757575","low","4","The main experiment item","yes","","experiment.osexp","/Users/tom/github/sft-fraction/procedure","no","mono","no","24","no","white","no","yes","800","legacy","38","38","6","/Users/tom/github/sft-fraction/results/data/subject-5a.csv","legacy","#000000","high","7","Jazzy James","3.1.9","0","l","NA","space","space","space","l","return","527","NA","148901","11392","7534","527","40169","2","legacy","1024","2","48000","-16","experiment","5","odd","present","1876797","1876797","NA","1800777","1312","169234","1920122","1920639","1371","150289","161699","1920639","1921184","1836548","1920102","Fraction component detection task","1318","743069","1335","yes","1280"
"98.7275449102","98.7275449102","556.589820359","556.589820359","#808080","no","legacy","legacy","legacy","0","uniform","1","undefined","undefined","undefined","1","a","6","6","0","1335","0","0","1335","1335","0","0","0","1335","1335","6","1335","Fri Apr 27 13:03:26 2018","#757575","low","2","The main experiment item","yes","","experiment.osexp","/Users/tom/github/sft-fraction/procedure","no","mono","no","24","no","white","no","yes","800","legacy","39","39","6","/Users/tom/github/sft-fraction/results/data/subject-5a.csv","legacy","#757575","low","4","Jazzy James","3.1.9","0","a","NA","space","space","space","a","return","535","NA","148901","11392","7534","535","40169","2","legacy","1024","2","48000","-16","experiment","5","odd","absent","1876797","1876797","NA","1800777","1312","169234","1921267","1921783","1371","150289","161699","1921784","1922336","1836548","1921251","Fraction component detection task","1319","743604","1336","yes","1280"
"98.7284966343","98.7284966343","556.526551982","556.526551982","#808080","no","legacy","legacy","legacy","0","uniform","1","undefined","undefined","undefined","1","a","6","6","0","1336","0","0","1336","1336","0","0","0","1336","1336","6","1336","Fri Apr 27 13:03:26 2018","#000000","high","4","The main experiment item","yes","","experiment.osexp","/Users/tom/github/sft-fraction/procedure","no","mono","no","24","no","white","no","yes","800","legacy","40","40","6","/Users/tom/github/sft-fraction/results/data/subject-5a.csv","legacy","#757575","low","3","Jazzy James","3.1.9","0","a","NA","space","space","space","a","return","472","NA","148901","11392","7534","472","40169","2","legacy","1024","2","48000","-16","experiment","5","odd","absent","1876797","1876797","NA","1800777","1312","169234","1922418","1922934","1371","150289","161699","1922935","1923425","1836548","1922402","Fraction component detection task","1320","744076","1337","yes","1280"
"98.7294469357","98.7294469357","556.450672646","556.450672646","#808080","no","legacy","legacy","legacy","0","uniform","1","undefined","undefined","undefined","1","a","6","6","0","1337","0","0","1337","1337","0","0","0","1337","1337","6","1337","Fri Apr 27 13:03:26 2018","#757575","low","3","The main experiment item","yes","","experiment.osexp","/Users/tom/github/sft-fraction/procedure","no","mono","no","24","no","white","no","yes","800","legacy","41","41","6","/Users/tom/github/sft-fraction/results/data/subject-5a.csv","legacy","#757575","low","4","Jazzy James","3.1.9","0","a","NA","space","space","space","a","return","455","NA","148901","11392","7534","455","40169","2","legacy","1024","2","48000","-16","experiment","5","odd","absent","1876797","1876797","NA","1800777","1312","169234","1923513","1924032","1371","150289","161699","1924032","1924506","1836548","1923492","Fraction component detection task","1321","744531","1338","yes","1280"
"98.7303958178","98.7303958178","556.376400299","556.376400299","#808080","no","legacy","legacy","legacy","0","uniform","1","undefined","undefined","undefined","1","l","6","6","0","1338","0","0","1338","1338","0","0","0","1338","1338","6","1338","Fri Apr 27 13:03:26 2018","#000000","high","7","The main experiment item","yes","","experiment.osexp","/Users/tom/github/sft-fraction/procedure","no","mono","no","24","no","white","no","yes","800","legacy","42","42","6","/Users/tom/github/sft-fraction/results/data/subject-5a.csv","legacy","#000000","high","7","Jazzy James","3.1.9","0","l","NA","space","space","space","l","return","457","NA","148901","11392","7534","457","40169","2","legacy","1024","2","48000","-16","experiment","5","odd","present","1876797","1876797","NA","1800777","1312","169234","1924592","1925110","1371","150289","161699","1925110","1925585","1836548","1924573","Fraction component detection task","1322","744988","1339","yes","1280"
"98.7313432836","98.7313432836","556.397014925","556.397014925","#808080","no","legacy","legacy","legacy","0","uniform","1","undefined","undefined","undefined","1","a","6","6","0","1339","0","0","1339","1339","0","0","0","1339","1339","6","1339","Fri Apr 27 13:03:26 2018","#757575","low","3","The main experiment item","yes","","experiment.osexp","/Users/tom/github/sft-fraction/procedure","no","mono","no","24","no","white","no","yes","800","legacy","43","43","6","/Users/tom/github/sft-fraction/results/data/subject-5a.csv","legacy","#000000","high","3","Jazzy James","3.1.9","0","a","NA","space","space","space","a","return","584","NA","148901","11392","7534","584","40169","2","legacy","1024","2","48000","-16","experiment","5","odd","absent","1876797","1876797","NA","1800777","1312","169234","1925677","1926199","1371","150289","161699","1926199","1926801","1836548","1925657","Fraction component detection task","1323","745572","1340","yes","1280"
"98.7322893363","98.7322893363","556.425055928","556.425055928","#808080","no","legacy","legacy","legacy","0","uniform","1","undefined","undefined","undefined","1","l","6","6","0","1340","0","0","1340","1340","0","0","0","1340","1340","6","1340","Fri Apr 27 13:03:26 2018","#757575","low","8","The main experiment item","yes","","experiment.osexp","/Users/tom/github/sft-fraction/procedure","no","mono","no","24","no","white","no","yes","800","legacy","44","44","6","/Users/tom/github/sft-fraction/results/data/subject-5a.csv","legacy","#000000","high","4","Jazzy James","3.1.9","0","l","NA","space","space","space","l","return","594","NA","148901","11392","7534","594","40169","2","legacy","1024","2","48000","-16","experiment","5","odd","present","1876797","1876797","NA","1800777","1312","169234","1926888","1927405","1371","150289","161699","1927405","1928016","1836548","1926872","Fraction component detection task","1324","746166","1341","yes","1280"
"98.7332339791","98.7332339791","556.392697466","556.392697466","#808080","no","legacy","legacy","legacy","0","uniform","1","undefined","undefined","undefined","1","l","6","6","0","1341","0","0","1341","1341","0","0","0","1341","1341","6","1341","Fri Apr 27 13:03:26 2018","#757575","low","7","The main experiment item","yes","","experiment.osexp","/Users/tom/github/sft-fraction/procedure","no","mono","no","24","no","white","no","yes","800","legacy","45","45","6","/Users/tom/github/sft-fraction/results/data/subject-5a.csv","legacy","#757575","low","8","Jazzy James","3.1.9","0","l","NA","space","space","space","l","return","513","NA","148901","11392","7534","513","40169","2","legacy","1024","2","48000","-16","experiment","5","odd","present","1876797","1876797","NA","1800777","1312","169234","1928101","1928621","1371","150289","161699","1928621","1929154","1836548","1928085","Fraction component detection task","1325","746679","1342","yes","1280"
"98.7341772152","98.7341772152","556.335815339","556.335815339","#808080","no","legacy","legacy","legacy","0","uniform","1","undefined","undefined","undefined","1","a","6","6","0","1342","0","0","1342","1342","0","0","0","1342","1342","6","1342","Fri Apr 27 13:03:26 2018","#757575","low","2","The main experiment item","yes","","experiment.osexp","/Users/tom/github/sft-fraction/procedure","no","mono","no","24","no","white","no","yes","800","legacy","46","46","6","/Users/tom/github/sft-fraction/results/data/subject-5a.csv","legacy","#757575","low","4","Jazzy James","3.1.9","0","a","NA","space","space","space","a","return","480","NA","148901","11392","7534","480","40169","2","legacy","1024","2","48000","-16","experiment","5","odd","absent","1876797","1876797","NA","1800777","1312","169234","1929233","1929750","1371","150289","161699","1929750","1930253","1836548","1929216","Fraction component detection task","1326","747159","1343","yes","1280"
"98.7351190476","98.7351190476","556.485863095","556.485863095","#808080","no","legacy","legacy","legacy","0","uniform","1","undefined","undefined","undefined","1","l","6","6","0","1343","0","0","1343","1343","0","0","0","1343","1343","6","1343","Fri Apr 27 13:03:26 2018","#757575","low","8","The main experiment item","yes","","experiment.osexp","/Users/tom/github/sft-fraction/procedure","no","mono","no","24","no","white","no","yes","800","legacy","47","47","6","/Users/tom/github/sft-fraction/results/data/subject-5a.csv","legacy","#757575","low","3","Jazzy James","3.1.9","0","l","NA","space","space","space","l","return","758","NA","148901","11392","7534","758","40169","2","legacy","1024","2","48000","-16","experiment","5","odd","present","1876797","1876797","NA","1800777","1312","169234","1930339","1930856","1371","150289","161699","1930857","1931636","1836548","1930319","Fraction component detection task","1327","747917","1344","yes","1280"
"98.7360594796","98.7360594796","556.466914498","556.466914498","#808080","no","legacy","legacy","legacy","0","uniform","1","undefined","undefined","undefined","1","l","6","6","0","1344","0","0","1344","1344","0","0","0","1344","1344","6","1344","Fri Apr 27 13:03:26 2018","#757575","low","6","The main experiment item","yes","","experiment.osexp","/Users/tom/github/sft-fraction/procedure","no","mono","no","24","no","white","no","yes","800","legacy","48","48","6","/Users/tom/github/sft-fraction/results/data/subject-5a.csv","legacy","#757575","low","6","Jazzy James","3.1.9","0","l","NA","space","space","space","l","return","531","NA","148901","11392","7534","531","40169","2","legacy","1024","2","48000","-16","experiment","5","odd","present","1876797","1876797","NA","1800777","1312","169234","1931727","1932244","1371","150289","161699","1932244","1932798","1836548","1931707","Fraction component detection task","1328","748448","1345","yes","1280"
"98.7369985141","98.7369985141","556.38410104","556.38410104","#808080","no","legacy","legacy","legacy","0","uniform","1","undefined","undefined","undefined","1","l","6","6","0","1345","0","0","1345","1345","0","0","0","1345","1345","6","1345","Fri Apr 27 13:03:26 2018","#757575","low","3","The main experiment item","yes","","experiment.osexp","/Users/tom/github/sft-fraction/procedure","no","mono","no","24","no","white","no","yes","800","legacy","49","49","6","/Users/tom/github/sft-fraction/results/data/subject-5a.csv","legacy","#000000","high","8","Jazzy James","3.1.9","0","l","NA","space","space","space","l","return","445","NA","148901","11392","7534","445","40169","2","legacy","1024","2","48000","-16","experiment","5","odd","present","1876797","1876797","NA","1800777","1312","169234","1932885","1933402","1371","150289","161699","1933402","1933868","1836548","1932866","Fraction component detection task","1329","748893","1346","yes","1280"
"98.7379361544","98.7379361544","556.359317001","556.359317001","#808080","no","legacy","legacy","legacy","0","uniform","1","undefined","undefined","undefined","1","a","6","6","0","1346","0","0","1346","1346","0","0","0","1346","1346","6","1346","Fri Apr 27 13:03:26 2018","#757575","low","2","The main experiment item","yes","","experiment.osexp","/Users/tom/github/sft-fraction/procedure","no","mono","no","24","no","white","no","yes","800","legacy","50","50","6","/Users/tom/github/sft-fraction/results/data/subject-5a.csv","legacy","#757575","low","3","Jazzy James","3.1.9","0","a","NA","space","space","space","a","return","523","NA","148901","11392","7534","523","40169","2","legacy","1024","2","48000","-16","experiment","5","odd","absent","1876797","1876797","NA","1800777","1312","169234","1933949","1934468","1371","150289","161699","1934468","1935011","1836548","1933933","Fraction component detection task","1330","749416","1347","yes","1280"
"98.7388724036","98.7388724036","556.285608309","556.285608309","#808080","no","legacy","legacy","legacy","0","uniform","1","undefined","undefined","undefined","1","l","6","6","0","1347","0","0","1347","1347","0","0","0","1347","1347","6","1347","Fri Apr 27 13:03:26 2018","#000000","high","6","The main experiment item","yes","","experiment.osexp","/Users/tom/github/sft-fraction/procedure","no","mono","no","24","no","white","no","yes","800","legacy","51","51","6","/Users/tom/github/sft-fraction/results/data/subject-5a.csv","legacy","#757575","low","7","Jazzy James","3.1.9","0","l","NA","space","space","space","l","return","457","NA","148901","11392","7534","457","40169","2","legacy","1024","2","48000","-16","experiment","5","odd","present","1876797","1876797","NA","1800777","1312","169234","1935094","1935613","1371","150289","161699","1935613","1936088","1836548","1935078","Fraction component detection task","1331","749873","1348","yes","1280"
"98.7398072646","98.7398072646","556.28539659","556.28539659","#808080","no","legacy","legacy","legacy","0","uniform","1","undefined","undefined","undefined","1","a","6","6","0","1348","0","0","1348","1348","0","0","0","1348","1348","6","1348","Fri Apr 27 13:03:26 2018","#757575","low","2","The main experiment item","yes","","experiment.osexp","/Users/tom/github/sft-fraction/procedure","no","mono","no","24","no","white","no","yes","800","legacy","52","52","6","/Users/tom/github/sft-fraction/results/data/subject-5a.csv","legacy","#000000","high","4","Jazzy James","3.1.9","0","a","NA","space","space","space","a","return","556","NA","148901","11392","7534","556","40169","2","legacy","1024","2","48000","-16","experiment","5","odd","absent","1876797","1876797","NA","1800777","1312","169234","1936173","1936690","1371","150289","161699","1936690","1937268","1836548","1936155","Fraction component detection task","1332","750429","1349","yes","1280"
"98.7407407407","98.7407407407","556.23037037","556.23037037","#808080","no","legacy","legacy","legacy","0","uniform","1","undefined","undefined","undefined","1","l","6","6","0","1349","0","0","1349","1349","0","0","0","1349","1349","6","1349","Fri Apr 27 13:03:26 2018","#757575","low","3","The main experiment item","yes","","experiment.osexp","/Users/tom/github/sft-fraction/procedure","no","mono","no","24","no","white","no","yes","800","legacy","53","53","6","/Users/tom/github/sft-fraction/results/data/subject-5a.csv","legacy","#757575","low","6","Jazzy James","3.1.9","0","l","NA","space","space","space","l","return","482","NA","148901","11392","7534","482","40169","2","legacy","1024","2","48000","-16","experiment","5","odd","present","1876797","1876797","NA","1800777","1312","169234","1937357","1937877","1371","150289","161699","1937877","1938380","1836548","1937341","Fraction component detection task","1333","750911","1350","yes","1280"
"98.7416728349","98.7416728349","556.22353812","556.22353812","#808080","no","legacy","legacy","legacy","0","uniform","1","undefined","undefined","undefined","1","a","6","6","0","1350","0","0","1350","1350","0","0","0","1350","1350","6","1350","Fri Apr 27 13:03:26 2018","#757575","low","4","The main experiment item","yes","","experiment.osexp","/Users/tom/github/sft-fraction/procedure","no","mono","no","24","no","white","no","yes","800","legacy","54","54","6","/Users/tom/github/sft-fraction/results/data/subject-5a.csv","legacy","#000000","high","2","Jazzy James","3.1.9","0","a","NA","space","space","space","a","return","547","NA","148901","11392","7534","547","40169","2","legacy","1024","2","48000","-16","experiment","5","odd","absent","1876797","1876797","NA","1800777","1312","169234","1938463","1938980","1371","150289","161699","1938980","1939545","1836548","1938448","Fraction component detection task","1334","751458","1351","yes","1280"
"98.7426035503","98.7426035503","556.124260355","556.124260355","#808080","no","legacy","legacy","legacy","0","uniform","1","undefined","undefined","undefined","1","a","6","6","0","1351","0","0","1351","1351","0","0","0","1351","1351","6","1351","Fri Apr 27 13:03:26 2018","#000000","high","3","The main experiment item","yes","","experiment.osexp","/Users/tom/github/sft-fraction/procedure","no","mono","no","24","no","white","no","yes","800","legacy","55","55","6","/Users/tom/github/sft-fraction/results/data/subject-5a.csv","legacy","#000000","high","3","Jazzy James","3.1.9","0","a","NA","space","space","space","a","return","422","NA","148901","11392","7534","422","40169","2","legacy","1024","2","48000","-16","experiment","5","odd","absent","1876797","1876797","NA","1800777","1312","169234","1939628","1940145","1371","150289","161699","1940145","1940585","1836548","1939612","Fraction component detection task","1335","751880","1352","yes","1280"
"98.7435328899","98.7435328899","556.076866223","556.076866223","#808080","no","legacy","legacy","legacy","0","uniform","1","undefined","undefined","undefined","1","l","6","6","0","1352","0","0","1352","1352","0","0","0","1352","1352","6","1352","Fri Apr 27 13:03:26 2018","#000000","high","7","The main experiment item","yes","","experiment.osexp","/Users/tom/github/sft-fraction/procedure","no","mono","no","24","no","white","no","yes","800","legacy","56","56","6","/Users/tom/github/sft-fraction/results/data/subject-5a.csv","legacy","#000000","high","6","Jazzy James","3.1.9","0","l","NA","space","space","space","l","return","492","NA","148901","11392","7534","492","40169","2","legacy","1024","2","48000","-16","experiment","5","odd","present","1876797","1876797","NA","1800777","1312","169234","1940668","1941188","1371","150289","161699","1941188","1941698","1836548","1940652","Fraction component detection task","1336","752372","1353","yes","1280"
"98.7444608567","98.7444608567","556.05760709","556.05760709","#808080","no","legacy","legacy","legacy","0","uniform","1","undefined","undefined","undefined","1","a","6","6","0","1353","0","0","1353","1353","0","0","0","1353","1353","6","1353","Fri Apr 27 13:03:26 2018","#000000","high","3","The main experiment item","yes","","experiment.osexp","/Users/tom/github/sft-fraction/procedure","no","mono","no","24","no","white","no","yes","800","legacy","57","57","6","/Users/tom/github/sft-fraction/results/data/subject-5a.csv","legacy","#757575","low","3","Jazzy James","3.1.9","0","a","NA","space","space","space","a","return","530","NA","148901","11392","7534","530","40169","2","legacy","1024","2","48000","-16","experiment","5","odd","absent","1876797","1876797","NA","1800777","1312","169234","1941778","1942294","1371","150289","161699","1942294","1942843","1836548","1941762","Fraction component detection task","1337","752902","1354","yes","1280"
"98.7453874539","98.7453874539","556.037638376","556.037638376","#808080","no","legacy","legacy","legacy","0","uniform","1","undefined","undefined","undefined","1","a","6","6","0","1354","0","0","1354","1354","0","0","0","1354","1354","6","1354","Fri Apr 27 13:03:26 2018","#000000","high","4","The main experiment item","yes","","experiment.osexp","/Users/tom/github/sft-fraction/procedure","no","mono","no","24","no","white","no","yes","800","legacy","58","58","6","/Users/tom/github/sft-fraction/results/data/subject-5a.csv","legacy","#000000","high","4","Jazzy James","3.1.9","0","a","NA","space","space","space","a","return","529","NA","148901","11392","7534","529","40169","2","legacy","1024","2","48000","-16","experiment","5","odd","absent","1876797","1876797","NA","1800777","1312","169234","1942928","1943446","1371","150289","161699","1943447","1943999","1836548","1942910","Fraction component detection task","1338","753431","1355","yes","1280"
"98.7463126844","98.7463126844","555.983038348","555.983038348","#808080","no","legacy","legacy","legacy","0","uniform","1","undefined","undefined","undefined","1","l","6","6","0","1355","0","0","1355","1355","0","0","0","1355","1355","6","1355","Fri Apr 27 13:03:26 2018","#000000","high","3","The main experiment item","yes","","experiment.osexp","/Users/tom/github/sft-fraction/procedure","no","mono","no","24","no","white","no","yes","800","legacy","59","59","6","/Users/tom/github/sft-fraction/results/data/subject-5a.csv","legacy","#757575","low","8","Jazzy James","3.1.9","0","l","NA","space","space","space","l","return","482","NA","148901","11392","7534","482","40169","2","legacy","1024","2","48000","-16","experiment","5","odd","present","1876797","1876797","NA","1800777","1312","169234","1944087","1944605","1371","150289","161699","1944605","1945105","1836548","1944066","Fraction component detection task","1339","753913","1356","yes","1280"
"98.7472365512","98.7472365512","555.95431098","555.95431098","#808080","no","legacy","legacy","legacy","0","uniform","1","undefined","undefined","undefined","1","l","6","6","0","1356","0","0","1356","1356","0","0","0","1356","1356","6","1356","Fri Apr 27 13:03:26 2018","#000000","high","4","The main experiment item","yes","","experiment.osexp","/Users/tom/github/sft-fraction/procedure","no","mono","no","24","no","white","no","yes","800","legacy","60","60","6","/Users/tom/github/sft-fraction/results/data/subject-5a.csv","legacy","#000000","high","6","Jazzy James","3.1.9","0","l","NA","space","space","space","l","return","517","NA","148901","11392","7534","517","40169","2","legacy","1024","2","48000","-16","experiment","5","odd","present","1876797","1876797","NA","1800777","1312","169234","1945187","1945706","1371","150289","161699","1945706","1946241","1836548","1945172","Fraction component detection task","1340","754430","1357","yes","1280"
"98.7481590574","98.7481590574","555.956553756","555.956553756","#808080","no","legacy","legacy","legacy","0","uniform","1","undefined","undefined","undefined","1","l","6","6","0","1357","0","0","1357","1357","0","0","0","1357","1357","6","1357","Fri Apr 27 13:03:26 2018","#000000","high","8","The main experiment item","yes","","experiment.osexp","/Users/tom/github/sft-fraction/procedure","no","mono","no","24","no","white","no","yes","800","legacy","61","61","6","/Users/tom/github/sft-fraction/results/data/subject-5a.csv","legacy","#000000","high","2","Jazzy James","3.1.9","0","l","NA","space","space","space","l","return","559","NA","148901","11392","7534","559","40169","2","legacy","1024","2","48000","-16","experiment","5","odd","present","1876797","1876797","NA","1800777","1312","169234","1946332","1946849","1371","150289","161699","1946849","1947426","1836548","1946311","Fraction component detection task","1341","754989","1358","yes","1280"
"98.749080206","98.749080206","555.949963208","555.949963208","#808080","no","legacy","legacy","legacy","0","uniform","1","undefined","undefined","undefined","1","a","6","6","0","1358","0","0","1358","1358","0","0","0","1358","1358","6","1358","Fri Apr 27 13:03:26 2018","#757575","low","3","The main experiment item","yes","","experiment.osexp","/Users/tom/github/sft-fraction/procedure","no","mono","no","24","no","white","no","yes","800","legacy","62","62","6","/Users/tom/github/sft-fraction/results/data/subject-5a.csv","legacy","#757575","low","2","Jazzy James","3.1.9","0","a","NA","space","space","space","a","return","547","NA","148901","11392","7534","547","40169","2","legacy","1024","2","48000","-16","experiment","5","odd","absent","1876797","1876797","NA","1800777","1312","169234","1947513","1948029","1371","150289","161699","1948029","1948598","1836548","1947497","Fraction component detection task","1342","755536","1359","yes","1280"
"98.75","98.75","556.265441176","556.265441176","#808080","no","legacy","legacy","legacy","0","uniform","1","undefined","undefined","undefined","1","l","6","6","0","1359","0","0","1359","1359","0","0","0","1359","1359","6","1359","Fri Apr 27 13:03:26 2018","#757575","low","8","The main experiment item","yes","","experiment.osexp","/Users/tom/github/sft-fraction/procedure","no","mono","no","24","no","white","no","yes","800","legacy","63","63","6","/Users/tom/github/sft-fraction/results/data/subject-5a.csv","legacy","#757575","low","4","Jazzy James","3.1.9","0","l","NA","space","space","space","l","return","985","NA","148901","11392","7534","985","40169","2","legacy","1024","2","48000","-16","experiment","5","odd","present","1876797","1876797","NA","1800777","1312","169234","1948682","1949198","1371","150289","161699","1949198","1950201","1836548","1948666","Fraction component detection task","1343","756521","1360","yes","1280"
"98.7509184423","98.7509184423","556.202792065","556.202792065","#808080","no","legacy","legacy","legacy","0","uniform","1","undefined","undefined","undefined","1","a","6","6","0","1360","0","0","1360","1360","0","0","0","1360","1360","6","1360","Fri Apr 27 13:03:26 2018","#757575","low","4","The main experiment item","yes","","experiment.osexp","/Users/tom/github/sft-fraction/procedure","no","mono","no","24","no","white","no","yes","800","legacy","64","64","6","/Users/tom/github/sft-fraction/results/data/subject-5a.csv","legacy","#000000","high","2","Jazzy James","3.1.9","0","a","NA","space","space","space","a","return","471","NA","148901","11392","7534","471","40169","2","legacy","1024","2","48000","-16","experiment","5","odd","absent","1876797","1876797","NA","1800777","1312","169234","1950282","1950800","1371","150289","161699","1950800","1951289","1836548","1950266","Fraction component detection task","1344","756992","1361","yes","1280"
"98.751835536","98.751835536","556.143171806","556.143171806","#808080","no","legacy","legacy","legacy","0","uniform","1","undefined","undefined","undefined","1","a","6","6","0","1361","0","0","1361","1361","0","0","0","1361","1361","6","1361","Fri Apr 27 13:03:26 2018","#000000","high","4","The main experiment item","yes","","experiment.osexp","/Users/tom/github/sft-fraction/procedure","no","mono","no","24","no","white","no","yes","800","legacy","65","65","6","/Users/tom/github/sft-fraction/results/data/subject-5a.csv","legacy","#757575","low","4","Jazzy James","3.1.9","0","a","NA","space","space","space","a","return","475","NA","148901","11392","7534","475","40169","2","legacy","1024","2","48000","-16","experiment","5","odd","absent","1876797","1876797","NA","1800777","1312","169234","1951385","1951901","1371","150289","161699","1951901","1952394","1836548","1951364","Fraction component detection task","1345","757467","1362","yes","1280"
"98.7527512839","98.7527512839","556.109317682","556.109317682","#808080","no","legacy","legacy","legacy","0","uniform","1","undefined","undefined","undefined","1","a","6","6","0","1362","0","0","1362","1362","0","0","0","1362","1362","6","1362","Fri Apr 27 13:03:26 2018","#000000","high","3","The main experiment item","yes","","experiment.osexp","/Users/tom/github/sft-fraction/procedure","no","mono","no","24","no","white","no","yes","800","legacy","66","66","6","/Users/tom/github/sft-fraction/results/data/subject-5a.csv","legacy","#757575","low","3","Jazzy James","3.1.9","0","a","NA","space","space","space","a","return","510","NA","148901","11392","7534","510","40169","2","legacy","1024","2","48000","-16","experiment","5","odd","absent","1876797","1876797","NA","1800777","1312","169234","1952483","1953002","1371","150289","161699","1953002","1953530","1836548","1952464","Fraction component detection task","1346","757977","1363","yes","1280"
"98.7536656891","98.7536656891","556.074780059","556.074780059","#808080","no","legacy","legacy","legacy","0","uniform","1","undefined","undefined","undefined","1","a","6","6","0","1363","0","0","1363","1363","0","0","0","1363","1363","6","1363","Fri Apr 27 13:03:26 2018","#757575","low","3","The main experiment item","yes","","experiment.osexp","/Users/tom/github/sft-fraction/procedure","no","mono","no","24","no","white","no","yes","800","legacy","67","67","6","/Users/tom/github/sft-fraction/results/data/subject-5a.csv","legacy","#000000","high","3","Jazzy James","3.1.9","0","a","NA","space","space","space","a","return","509","NA","148901","11392","7534","509","40169","2","legacy","1024","2","48000","-16","experiment","5","odd","absent","1876797","1876797","NA","1800777","1312","169234","1953614","1954131","1371","150289","161699","1954131","1954659","1836548","1953598","Fraction component detection task","1347","758486","1364","yes","1280"
"98.7545787546","98.7545787546","556.018315018","556.018315018","#808080","no","legacy","legacy","legacy","0","uniform","1","undefined","undefined","undefined","1","l","6","6","0","1364","0","0","1364","1364","0","0","0","1364","1364","6","1364","Fri Apr 27 13:03:26 2018","#000000","high","7","The main experiment item","yes","","experiment.osexp","/Users/tom/github/sft-fraction/procedure","no","mono","no","24","no","white","no","yes","800","legacy","68","68","6","/Users/tom/github/sft-fraction/results/data/subject-5a.csv","legacy","#000000","high","3","Jazzy James","3.1.9","0","l","NA","space","space","space","l","return","479","NA","148901","11392","7534","479","40169","2","legacy","1024","2","48000","-16","experiment","5","odd","present","1876797","1876797","NA","1800777","1312","169234","1954748","1955264","1371","150289","161699","1955265","1955762","1836548","1954728","Fraction component detection task","1348","758965","1365","yes","1280"
"98.7554904832","98.7554904832","556.002196193","556.002196193","#808080","no","legacy","legacy","legacy","0","uniform","1","undefined","undefined","undefined","1","l","6","6","0","1365","0","0","1365","1365","0","0","0","1365","1365","6","1365","Fri Apr 27 13:03:26 2018","#000000","high","8","The main experiment item","yes","","experiment.osexp","/Users/tom/github/sft-fraction/procedure","no","mono","no","24","no","white","no","yes","800","legacy","69","69","6","/Users/tom/github/sft-fraction/results/data/subject-5a.csv","legacy","#757575","low","7","Jazzy James","3.1.9","0","l","NA","space","space","space","l","return","534","NA","148901","11392","7534","534","40169","2","legacy","1024","2","48000","-16","experiment","5","odd","present","1876797","1876797","NA","1800777","1312","169234","1955853","1956370","1371","150289","161699","1956370","1956923","1836548","1955833","Fraction component detection task","1349","759499","1366","yes","1280"
"98.7564008778","98.7564008778","555.910753475","555.910753475","#808080","no","legacy","legacy","legacy","0","uniform","1","undefined","undefined","undefined","1","l","6","6","0","1366","0","0","1366","1366","0","0","0","1366","1366","6","1366","Fri Apr 27 13:03:26 2018","#000000","high","6","The main experiment item","yes","","experiment.osexp","/Users/tom/github/sft-fraction/procedure","no","mono","no","24","no","white","no","yes","800","legacy","70","70","6","/Users/tom/github/sft-fraction/results/data/subject-5a.csv","legacy","#000000","high","4","Jazzy James","3.1.9","0","l","NA","space","space","space","l","return","431","NA","148901","11392","7534","431","40169","2","legacy","1024","2","48000","-16","experiment","5","odd","present","1876797","1876797","NA","1800777","1312","169234","1957003","1957521","1371","150289","161699","1957521","1957971","1836548","1956988","Fraction component detection task","1350","759930","1367","yes","1280"
"98.7573099415","98.7573099415","555.833333333","555.833333333","#808080","no","legacy","legacy","legacy","0","uniform","1","undefined","undefined","undefined","1","l","6","6","0","1367","0","0","1367","1367","0","0","0","1367","1367","6","1367","Fri Apr 27 13:03:26 2018","#000000","high","6","The main experiment item","yes","","experiment.osexp","/Users/tom/github/sft-fraction/procedure","no","mono","no","24","no","white","no","yes","800","legacy","71","71","6","/Users/tom/github/sft-fraction/results/data/subject-5a.csv","legacy","#000000","high","2","Jazzy James","3.1.9","0","l","NA","space","space","space","l","return","450","NA","148901","11392","7534","450","40169","2","legacy","1024","2","48000","-16","experiment","5","odd","present","1876797","1876797","NA","1800777","1312","169234","1958055","1958573","1371","150289","161699","1958573","1959042","1836548","1958040","Fraction component detection task","1351","760380","1368","yes","1280"
"98.7582176771","98.7582176771","555.874360847","555.874360847","#808080","no","legacy","legacy","legacy","0","uniform","1","undefined","undefined","undefined","1","l","6","6","0","1368","0","0","1368","1368","0","0","0","1368","1368","6","1368","Fri Apr 27 13:03:26 2018","#000000","high","8","The main experiment item","yes","","experiment.osexp","/Users/tom/github/sft-fraction/procedure","no","mono","no","24","no","white","no","yes","800","legacy","72","72","6","/Users/tom/github/sft-fraction/results/data/subject-5a.csv","legacy","#757575","low","4","Jazzy James","3.1.9","0","l","NA","space","space","space","l","return","612","NA","148901","11392","7534","612","40169","2","legacy","1024","2","48000","-16","experiment","5","odd","present","1876797","1876797","NA","1800777","1312","169234","1959134","1959651","1371","150289","161699","1959651","1960282","1836548","1959114","Fraction component detection task","1352","760992","1369","yes","1280"
"98.7591240876","98.7591240876","555.872992701","555.872992701","#808080","no","legacy","legacy","legacy","0","uniform","1","undefined","undefined","undefined","1","a","6","6","0","1369","0","0","1369","1369","0","0","0","1369","1369","6","1369","Fri Apr 27 13:03:26 2018","#000000","high","2","The main experiment item","yes","","experiment.osexp","/Users/tom/github/sft-fraction/procedure","no","mono","no","24","no","white","no","yes","800","legacy","73","73","6","/Users/tom/github/sft-fraction/results/data/subject-5a.csv","legacy","#000000","high","4","Jazzy James","3.1.9","0","a","NA","space","space","space","a","return","554","NA","148901","11392","7534","554","40169","2","legacy","1024","2","48000","-16","experiment","5","odd","absent","1876797","1876797","NA","1800777","1312","169234","1960373","1960894","1371","150289","161699","1960894","1961470","1836548","1960352","Fraction component detection task","1353","761546","1370","yes","1280"
"98.7600291758","98.7600291758","555.916849015","555.916849015","#808080","no","legacy","legacy","legacy","0","uniform","1","undefined","undefined","undefined","1","l","6","6","0","1370","0","0","1370","1370","0","0","0","1370","1370","6","1370","Fri Apr 27 13:03:26 2018","#757575","low","8","The main experiment item","yes","","experiment.osexp","/Users/tom/github/sft-fraction/procedure","no","mono","no","24","no","white","no","yes","800","legacy","74","74","6","/Users/tom/github/sft-fraction/results/data/subject-5a.csv","legacy","#000000","high","3","Jazzy James","3.1.9","0","l","NA","space","space","space","l","return","616","NA","148901","11392","7534","616","40169","2","legacy","1024","2","48000","-16","experiment","5","odd","present","1876797","1876797","NA","1800777","1312","169234","1961555","1962073","1371","150289","161699","1962073","1962707","1836548","1961539","Fraction component detection task","1354","762162","1371","yes","1280"
"98.7609329446","98.7609329446","555.846209913","555.846209913","#808080","no","legacy","legacy","legacy","0","uniform","1","undefined","undefined","undefined","1","l","6","6","0","1371","0","0","1371","1371","0","0","0","1371","1371","6","1371","Fri Apr 27 13:03:26 2018","#757575","low","6","The main experiment item","yes","","experiment.osexp","/Users/tom/github/sft-fraction/procedure","no","mono","no","24","no","white","no","yes","800","legacy","75","75","6","/Users/tom/github/sft-fraction/results/data/subject-5a.csv","legacy","#757575","low","8","Jazzy James","3.1.9","0","l","NA","space","space","space","l","return","459","NA","148901","11392","7534","459","40169","2","legacy","1024","2","48000","-16","experiment","5","odd","present","1876797","1876797","NA","1800777","1312","169234","1962793","1963310","1371","150289","161699","1963310","1963792","1836548","1962777","Fraction component detection task","1355","762621","1372","yes","1280"
"98.7618353969","98.7618353969","555.794610342","555.794610342","#808080","no","legacy","legacy","legacy","0","uniform","1","undefined","undefined","undefined","1","l","6","6","0","1372","0","0","1372","1372","0","0","0","1372","1372","6","1372","Fri Apr 27 13:03:26 2018","#757575","low","4","The main experiment item","yes","","experiment.osexp","/Users/tom/github/sft-fraction/procedure","no","mono","no","24","no","white","no","yes","800","legacy","76","76","6","/Users/tom/github/sft-fraction/results/data/subject-5a.csv","legacy","#000000","high","6","Jazzy James","3.1.9","0","l","NA","space","space","space","l","return","485","NA","148901","11392","7534","485","40169","2","legacy","1024","2","48000","-16","experiment","5","odd","present","1876797","1876797","NA","1800777","1312","169234","1963879","1964396","1371","150289","161699","1964396","1964899","1836548","1963859","Fraction component detection task","1356","763106","1373","yes","1280"
"98.7627365357","98.7627365357","555.963609898","555.963609898","#808080","no","legacy","legacy","legacy","0","uniform","1","undefined","undefined","undefined","1","a","6","6","0","1373","0","0","1373","1373","0","0","0","1373","1373","6","1373","Fri Apr 27 13:03:26 2018","#757575","low","2","The main experiment item","yes","","experiment.osexp","/Users/tom/github/sft-fraction/procedure","no","mono","no","24","no","white","no","yes","800","legacy","77","77","6","/Users/tom/github/sft-fraction/results/data/subject-5a.csv","legacy","#000000","high","3","Jazzy James","3.1.9","0","a","NA","space","space","space","a","return","788","NA","148901","11392","7534","788","40169","2","legacy","1024","2","48000","-16","experiment","5","odd","absent","1876797","1876797","NA","1800777","1312","169234","1964991","1965507","1371","150289","161699","1965508","1966315","1836548","1964971","Fraction component detection task","1357","763894","1374","yes","1280"
"98.7636363636","98.7636363636","555.936","555.936","#808080","no","legacy","legacy","legacy","0","uniform","1","undefined","undefined","undefined","1","a","6","6","0","1374","0","0","1374","1374","0","0","0","1374","1374","6","1374","Fri Apr 27 13:03:26 2018","#000000","high","2","The main experiment item","yes","","experiment.osexp","/Users/tom/github/sft-fraction/procedure","no","mono","no","24","no","white","no","yes","800","legacy","78","78","6","/Users/tom/github/sft-fraction/results/data/subject-5a.csv","legacy","#000000","high","2","Jazzy James","3.1.9","0","a","NA","space","space","space","a","return","518","NA","148901","11392","7534","518","40169","2","legacy","1024","2","48000","-16","experiment","5","odd","absent","1876797","1876797","NA","1800777","1312","169234","1966398","1966915","1371","150289","161699","1966915","1967453","1836548","1966383","Fraction component detection task","1358","764412","1375","yes","1280"
"98.7645348837","98.7645348837","555.842296512","555.842296512","#808080","no","legacy","legacy","legacy","0","uniform","1","undefined","undefined","undefined","1","a","6","6","0","1375","0","0","1375","1375","0","0","0","1375","1375","6","1375","Fri Apr 27 13:03:26 2018","#757575","low","2","The main experiment item","yes","","experiment.osexp","/Users/tom/github/sft-fraction/procedure","no","mono","no","24","no","white","no","yes","800","legacy","79","79","6","/Users/tom/github/sft-fraction/results/data/subject-5a.csv","legacy","#000000","high","2","Jazzy James","3.1.9","0","a","NA","space","space","space","a","return","427","NA","148901","11392","7534","427","40169","2","legacy","1024","2","48000","-16","experiment","5","odd","absent","1876797","1876797","NA","1800777","1312","169234","1967545","1968061","1371","150289","161699","1968062","1968507","1836548","1967527","Fraction component detection task","1359","764839","1376","yes","1280"
"98.7654320988","98.7654320988","555.783587509","555.783587509","#808080","no","legacy","legacy","legacy","0","uniform","1","undefined","undefined","undefined","1","a","6","6","0","1376","0","0","1376","1376","0","0","0","1376","1376","6","1376","Fri Apr 27 13:03:26 2018","#000000","high","2","The main experiment item","yes","","experiment.osexp","/Users/tom/github/sft-fraction/procedure","no","mono","no","24","no","white","no","yes","800","legacy","80","80","6","/Users/tom/github/sft-fraction/results/data/subject-5a.csv","legacy","#000000","high","3","Jazzy James","3.1.9","0","a","NA","space","space","space","a","return","475","NA","148901","11392","7534","475","40169","2","legacy","1024","2","48000","-16","experiment","5","odd","absent","1876797","1876797","NA","1800777","1312","169234","1968596","1969118","1371","150289","161699","1969118","1969613","1836548","1968579","Fraction component detection task","1360","765314","1377","yes","1280"
"98.7663280116","98.7663280116","555.696661829","555.696661829","#808080","no","legacy","legacy","legacy","0","uniform","1","undefined","undefined","undefined","1","l","6","6","0","1377","0","0","1377","1377","0","0","0","1377","1377","6","1377","Fri Apr 27 13:03:26 2018","#757575","low","2","The main experiment item","yes","","experiment.osexp","/Users/tom/github/sft-fraction/procedure","no","mono","no","24","no","white","no","yes","800","legacy","81","81","6","/Users/tom/github/sft-fraction/results/data/subject-5a.csv","legacy","#000000","high","6","Jazzy James","3.1.9","0","l","NA","space","space","space","l","return","436","NA","148901","11392","7534","436","40169","2","legacy","1024","2","48000","-16","experiment","5","odd","present","1876797","1876797","NA","1800777","1312","169234","1969705","1970221","1371","150289","161699","1970221","1970675","1836548","1969684","Fraction component detection task","1361","765750","1378","yes","1280"
"98.7672226251","98.7672226251","555.669325598","555.669325598","#808080","no","legacy","legacy","legacy","0","uniform","1","undefined","undefined","undefined","1","a","6","6","0","1378","0","0","1378","1378","0","0","0","1378","1378","6","1378","Fri Apr 27 13:03:26 2018","#000000","high","2","The main experiment item","yes","","experiment.osexp","/Users/tom/github/sft-fraction/procedure","no","mono","no","24","no","white","no","yes","800","legacy","82","82","6","/Users/tom/github/sft-fraction/results/data/subject-5a.csv","legacy","#757575","low","3","Jazzy James","3.1.9","0","a","NA","space","space","space","a","return","518","NA","148901","11392","7534","518","40169","2","legacy","1024","2","48000","-16","experiment","5","odd","absent","1876797","1876797","NA","1800777","1312","169234","1970759","1971275","1371","150289","161699","1971275","1971811","1836548","1970741","Fraction component detection task","1362","766268","1379","yes","1280"
"98.768115942","98.768115942","555.598550725","555.598550725","#808080","no","legacy","legacy","legacy","0","uniform","1","undefined","undefined","undefined","1","l","6","6","0","1379","0","0","1379","1379","0","0","0","1379","1379","6","1379","Fri Apr 27 13:03:26 2018","#757575","low","6","The main experiment item","yes","","experiment.osexp","/Users/tom/github/sft-fraction/procedure","no","mono","no","24","no","white","no","yes","800","legacy","83","83","6","/Users/tom/github/sft-fraction/results/data/subject-5a.csv","legacy","#757575","low","4","Jazzy James","3.1.9","0","l","NA","space","space","space","l","return","458","NA","148901","11392","7534","458","40169","2","legacy","1024","2","48000","-16","experiment","5","odd","present","1876797","1876797","NA","1800777","1312","169234","1971896","1972415","1371","150289","161699","1972415","1972893","1836548","1971881","Fraction component detection task","1363","766726","1380","yes","1280"
"98.7690079652","98.7690079652","555.507603186","555.507603186","#808080","no","legacy","legacy","legacy","0","uniform","1","undefined","undefined","undefined","1","a","6","6","0","1380","0","0","1380","1380","0","0","0","1380","1380","6","1380","Fri Apr 27 13:03:26 2018","#757575","low","2","The main experiment item","yes","","experiment.osexp","/Users/tom/github/sft-fraction/procedure","no","mono","no","24","no","white","no","yes","800","legacy","84","84","6","/Users/tom/github/sft-fraction/results/data/subject-5a.csv","legacy","#757575","low","3","Jazzy James","3.1.9","0","a","NA","space","space","space","a","return","430","NA","148901","11392","7534","430","40169","2","legacy","1024","2","48000","-16","experiment","5","odd","absent","1876797","1876797","NA","1800777","1312","169234","1972979","1973499","1371","150289","161699","1973499","1973947","1836548","1972959","Fraction component detection task","1364","767156","1381","yes","1280"
"98.7698986975","98.7698986975","555.396526773","555.396526773","#808080","no","legacy","legacy","legacy","0","uniform","1","undefined","undefined","undefined","1","l","6","6","0","1381","0","0","1381","1381","0","0","0","1381","1381","6","1381","Fri Apr 27 13:03:26 2018","#000000","high","8","The main experiment item","yes","","experiment.osexp","/Users/tom/github/sft-fraction/procedure","no","mono","no","24","no","white","no","yes","800","legacy","85","85","6","/Users/tom/github/sft-fraction/results/data/subject-5a.csv","legacy","#000000","high","7","Jazzy James","3.1.9","0","l","NA","space","space","space","l","return","402","NA","148901","11392","7534","402","40169","2","legacy","1024","2","48000","-16","experiment","5","odd","present","1876797","1876797","NA","1800777","1312","169234","1974032","1974551","1371","150289","161699","1974551","1974971","1836548","1974013","Fraction component detection task","1365","767558","1382","yes","1280"
"98.7707881417","98.7707881417","555.369486623","555.369486623","#808080","no","legacy","legacy","legacy","0","uniform","1","undefined","undefined","undefined","1","l","6","6","0","1382","0","0","1382","1382","0","0","0","1382","1382","6","1382","Fri Apr 27 13:03:26 2018","#757575","low","2","The main experiment item","yes","","experiment.osexp","/Users/tom/github/sft-fraction/procedure","no","mono","no","24","no","white","no","yes","800","legacy","86","86","6","/Users/tom/github/sft-fraction/results/data/subject-5a.csv","legacy","#757575","low","6","Jazzy James","3.1.9","0","l","NA","space","space","space","l","return","518","NA","148901","11392","7534","518","40169","2","legacy","1024","2","48000","-16","experiment","5","odd","present","1876797","1876797","NA","1800777","1312","169234","1975062","1975578","1371","150289","161699","1975578","1976115","1836548","1975041","Fraction component detection task","1366","768076","1383","yes","1280"
"98.7716763006","98.7716763006","555.294797688","555.294797688","#808080","no","legacy","legacy","legacy","0","uniform","1","undefined","undefined","undefined","1","l","6","6","0","1383","0","0","1383","1383","0","0","0","1383","1383","6","1383","Fri Apr 27 13:03:26 2018","#757575","low","3","The main experiment item","yes","","experiment.osexp","/Users/tom/github/sft-fraction/procedure","no","mono","no","24","no","white","no","yes","800","legacy","87","87","6","/Users/tom/github/sft-fraction/results/data/subject-5a.csv","legacy","#757575","low","7","Jazzy James","3.1.9","0","l","NA","space","space","space","l","return","452","NA","148901","11392","7534","452","40169","2","legacy","1024","2","48000","-16","experiment","5","odd","present","1876797","1876797","NA","1800777","1312","169234","1976205","1976724","1371","150289","161699","1976724","1977198","1836548","1976184","Fraction component detection task","1367","768528","1384","yes","1280"
"98.7725631769","98.7725631769","555.206498195","555.206498195","#808080","no","legacy","legacy","legacy","0","uniform","1","undefined","undefined","undefined","1","a","6","6","0","1384","0","0","1384","1384","0","0","0","1384","1384","6","1384","Fri Apr 27 13:03:26 2018","#000000","high","4","The main experiment item","yes","","experiment.osexp","/Users/tom/github/sft-fraction/procedure","no","mono","no","24","no","white","no","yes","800","legacy","88","88","6","/Users/tom/github/sft-fraction/results/data/subject-5a.csv","legacy","#000000","high","3","Jazzy James","3.1.9","0","a","NA","space","space","space","a","return","433","NA","148901","11392","7534","433","40169","2","legacy","1024","2","48000","-16","experiment","5","odd","absent","1876797","1876797","NA","1800777","1312","169234","1977282","1977799","1371","150289","161699","1977800","1978259","1836548","1977267","Fraction component detection task","1368","768961","1385","yes","1280"
"98.7734487734","98.7734487734","555.187590188","555.187590188","#808080","no","legacy","legacy","legacy","0","uniform","1","undefined","undefined","undefined","1","a","6","6","0","1385","0","0","1385","1385","0","0","0","1385","1385","6","1385","Fri Apr 27 13:03:26 2018","#000000","high","4","The main experiment item","yes","","experiment.osexp","/Users/tom/github/sft-fraction/procedure","no","mono","no","24","no","white","no","yes","800","legacy","89","89","6","/Users/tom/github/sft-fraction/results/data/subject-5a.csv","legacy","#757575","low","3","Jazzy James","3.1.9","0","a","NA","space","space","space","a","return","529","NA","148901","11392","7534","529","40169","2","legacy","1024","2","48000","-16","experiment","5","odd","absent","1876797","1876797","NA","1800777","1312","169234","1978347","1978864","1371","150289","161699","1978864","1979412","1836548","1978330","Fraction component detection task","1369","769490","1386","yes","1280"
"98.774333093","98.774333093","555.157894737","555.157894737","#808080","no","legacy","legacy","legacy","0","uniform","1","undefined","undefined","undefined","1","l","6","6","0","1386","0","0","1386","1386","0","0","0","1386","1386","6","1386","Fri Apr 27 13:03:26 2018","#757575","low","4","The main experiment item","yes","","experiment.osexp","/Users/tom/github/sft-fraction/procedure","no","mono","no","24","no","white","no","yes","800","legacy","90","90","6","/Users/tom/github/sft-fraction/results/data/subject-5a.csv","legacy","#757575","low","7","Jazzy James","3.1.9","0","l","NA","space","space","space","l","return","514","NA","148901","11392","7534","514","40169","2","legacy","1024","2","48000","-16","experiment","5","odd","present","1876797","1876797","NA","1800777","1312","169234","1979498","1980014","1371","150289","161699","1980015","1980548","1836548","1979483","Fraction component detection task","1370","770004","1387","yes","1280"
"98.7752161383","98.7752161383","555.038904899","555.038904899","#808080","no","legacy","legacy","legacy","0","uniform","1","undefined","undefined","undefined","1","l","6","6","0","1387","0","0","1387","1387","0","0","0","1387","1387","6","1387","Fri Apr 27 13:03:26 2018","#000000","high","6","The main experiment item","yes","","experiment.osexp","/Users/tom/github/sft-fraction/procedure","no","mono","no","24","no","white","no","yes","800","legacy","91","91","6","/Users/tom/github/sft-fraction/results/data/subject-5a.csv","legacy","#000000","high","6","Jazzy James","3.1.9","0","l","NA","space","space","space","l","return","390","NA","148901","11392","7534","390","40169","2","legacy","1024","2","48000","-16","experiment","5","odd","present","1876797","1876797","NA","1800777","1312","169234","1980638","1981155","1371","150289","161699","1981155","1981564","1836548","1980618","Fraction component detection task","1371","770394","1388","yes","1280"
"98.7760979122","98.7760979122","554.904967603","554.904967603","#808080","no","legacy","legacy","legacy","0","uniform","1","undefined","undefined","undefined","1","l","6","6","0","1388","0","0","1388","1388","0","0","0","1388","1388","6","1388","Fri Apr 27 13:03:26 2018","#000000","high","4","The main experiment item","yes","","experiment.osexp","/Users/tom/github/sft-fraction/procedure","no","mono","no","24","no","white","no","yes","800","legacy","92","92","6","/Users/tom/github/sft-fraction/results/data/subject-5a.csv","legacy","#000000","high","7","Jazzy James","3.1.9","0","l","NA","space","space","space","l","return","369","NA","148901","11392","7534","369","40169","2","legacy","1024","2","48000","-16","experiment","5","odd","present","1876797","1876797","NA","1800777","1312","169234","1981650","1982168","1371","150289","161699","1982168","1982556","1836548","1981631","Fraction component detection task","1372","770763","1389","yes","1280"
"98.7769784173","98.7769784173","554.799280576","554.799280576","#808080","no","legacy","legacy","legacy","0","uniform","1","undefined","undefined","undefined","1","l","6","6","0","1389","0","0","1389","1389","0","0","0","1389","1389","6","1389","Fri Apr 27 13:03:26 2018","#757575","low","8","The main experiment item","yes","","experiment.osexp","/Users/tom/github/sft-fraction/procedure","no","mono","no","24","no","white","no","yes","800","legacy","93","93","6","/Users/tom/github/sft-fraction/results/data/subject-5a.csv","legacy","#757575","low","8","Jazzy James","3.1.9","0","l","NA","space","space","space","l","return","408","NA","148901","11392","7534","408","40169","2","legacy","1024","2","48000","-16","experiment","5","odd","present","1876797","1876797","NA","1800777","1312","169234","1982643","1983160","1371","150289","161699","1983161","1983588","1836548","1982622","Fraction component detection task","1373","771171","1390","yes","1280"
"98.7778576564","98.7778576564","554.713156003","554.713156003","#808080","no","legacy","legacy","legacy","0","uniform","1","undefined","undefined","undefined","1","a","6","6","0","1390","0","0","1390","1390","0","0","0","1390","1390","6","1390","Fri Apr 27 13:03:26 2018","#000000","high","4","The main experiment item","yes","","experiment.osexp","/Users/tom/github/sft-fraction/procedure","no","mono","no","24","no","white","no","yes","800","legacy","94","94","6","/Users/tom/github/sft-fraction/results/data/subject-5a.csv","legacy","#757575","low","2","Jazzy James","3.1.9","0","a","NA","space","space","space","a","return","435","NA","148901","11392","7534","435","40169","2","legacy","1024","2","48000","-16","experiment","5","odd","absent","1876797","1876797","NA","1800777","1312","169234","1983675","1984191","1371","150289","161699","1984191","1984653","1836548","1983659","Fraction component detection task","1374","771606","1391","yes","1280"
"98.7787356322","98.7787356322","554.671695402","554.671695402","#808080","no","legacy","legacy","legacy","0","uniform","1","undefined","undefined","undefined","1","l","6","6","0","1391","0","0","1391","1391","0","0","0","1391","1391","6","1391","Fri Apr 27 13:03:26 2018","#757575","low","4","The main experiment item","yes","","experiment.osexp","/Users/tom/github/sft-fraction/procedure","no","mono","no","24","no","white","no","yes","800","legacy","95","95","6","/Users/tom/github/sft-fraction/results/data/subject-5a.csv","legacy","#757575","low","6","Jazzy James","3.1.9","0","l","NA","space","space","space","l","return","497","NA","148901","11392","7534","497","40169","2","legacy","1024","2","48000","-16","experiment","5","odd","present","1876797","1876797","NA","1800777","1312","169234","1984744","1985264","1371","150289","161699","1985265","1985786","1836548","1984722","Fraction component detection task","1375","772103","1392","yes","1280"
"98.7796123475","98.7796123475","554.613065327","554.613065327","#808080","no","legacy","legacy","legacy","0","uniform","1","undefined","undefined","undefined","1","l","6","6","0","1392","0","0","1392","1392","0","0","0","1392","1392","6","1392","Fri Apr 27 13:03:26 2018","#757575","low","2","The main experiment item","yes","","experiment.osexp","/Users/tom/github/sft-fraction/procedure","no","mono","no","24","no","white","no","yes","800","legacy","96","96","6","/Users/tom/github/sft-fraction/results/data/subject-5a.csv","legacy","#000000","high","7","Jazzy James","3.1.9","0","l","NA","space","space","space","l","return","473","NA","148901","11392","7534","473","40169","2","legacy","1024","2","48000","-16","experiment","5","odd","present","1876797","1876797","NA","1800777","1312","169234","1985874","1986393","1371","150289","161699","1986393","1986884","1836548","1985858","Fraction component detection task","1376","772576","1393","yes","1280"
"98.7804878049","98.7804878049","554.543041607","554.543041607","#808080","no","legacy","legacy","legacy","0","uniform","1","undefined","undefined","undefined","1","a","6","6","0","1393","0","0","1393","1393","0","0","0","1393","1393","6","1393","Fri Apr 27 13:03:26 2018","#757575","low","3","The main experiment item","yes","","experiment.osexp","/Users/tom/github/sft-fraction/procedure","no","mono","no","24","no","white","no","yes","800","legacy","97","97","6","/Users/tom/github/sft-fraction/results/data/subject-5a.csv","legacy","#757575","low","3","Jazzy James","3.1.9","0","a","NA","space","space","space","a","return","457","NA","148901","11392","7534","457","40169","2","legacy","1024","2","48000","-16","experiment","5","odd","absent","1876797","1876797","NA","1800777","1312","169234","1986971","1987488","1371","150289","161699","1987489","1987964","1836548","1986955","Fraction component detection task","1377","773033","1394","yes","1280"
"98.7813620072","98.7813620072","554.461648746","554.461648746","#808080","no","legacy","legacy","legacy","0","uniform","1","undefined","undefined","undefined","1","a","6","6","0","1394","0","0","1394","1394","0","0","0","1394","1394","6","1394","Fri Apr 27 13:03:26 2018","#757575","low","4","The main experiment item","yes","","experiment.osexp","/Users/tom/github/sft-fraction/procedure","no","mono","no","24","no","white","no","yes","800","legacy","98","98","6","/Users/tom/github/sft-fraction/results/data/subject-5a.csv","legacy","#000000","high","2","Jazzy James","3.1.9","0","a","NA","space","space","space","a","return","441","NA","148901","11392","7534","441","40169","2","legacy","1024","2","48000","-16","experiment","5","odd","absent","1876797","1876797","NA","1800777","1312","169234","1988050","1988567","1371","150289","161699","1988568","1989027","1836548","1988031","Fraction component detection task","1378","773474","1395","yes","1280"
"98.782234957","98.782234957","554.372492837","554.372492837","#808080","no","legacy","legacy","legacy","0","uniform","1","undefined","undefined","undefined","1","l","6","6","0","1395","0","0","1395","1395","0","0","0","1395","1395","6","1395","Fri Apr 27 13:03:26 2018","#000000","high","7","The main experiment item","yes","","experiment.osexp","/Users/tom/github/sft-fraction/procedure","no","mono","no","24","no","white","no","yes","800","legacy","99","99","6","/Users/tom/github/sft-fraction/results/data/subject-5a.csv","legacy","#000000","high","2","Jazzy James","3.1.9","0","l","NA","space","space","space","l","return","430","NA","148901","11392","7534","430","40169","2","legacy","1024","2","48000","-16","experiment","5","odd","present","1876797","1876797","NA","1800777","1312","169234","1989114","1989634","1371","150289","161699","1989635","1990084","1836548","1989095","Fraction component detection task","1379","773904","1396","yes","1280"
"98.7831066571","98.7831066571","554.272727273","554.272727273","#808080","no","legacy","legacy","legacy","0","uniform","1","undefined","undefined","undefined","1","a","6","6","0","1396","0","0","1396","1396","0","0","0","1396","1396","6","1396","Fri Apr 27 13:03:26 2018","#000000","high","2","The main experiment item","yes","","experiment.osexp","/Users/tom/github/sft-fraction/procedure","no","mono","no","24","no","white","no","yes","800","legacy","100","100","6","/Users/tom/github/sft-fraction/results/data/subject-5a.csv","legacy","#000000","high","2","Jazzy James","3.1.9","0","a","NA","space","space","space","a","return","415","NA","148901","11392","7534","415","40169","2","legacy","1024","2","48000","-16","experiment","5","odd","absent","1876797","1876797","NA","1800777","1312","169234","1990165","1990682","1371","150289","161699","1990682","1991116","1836548","1990149","Fraction component detection task","1380","774319","1397","yes","1280"
"98.7839771102","98.7839771102","554.207439199","554.207439199","#808080","no","legacy","legacy","legacy","0","uniform","1","undefined","undefined","undefined","1","a","6","6","0","1397","0","0","1397","1397","0","0","0","1397","1397","6","1397","Fri Apr 27 13:03:26 2018","#000000","high","3","The main experiment item","yes","","experiment.osexp","/Users/tom/github/sft-fraction/procedure","no","mono","no","24","no","white","no","yes","800","legacy","101","101","6","/Users/tom/github/sft-fraction/results/data/subject-5a.csv","legacy","#000000","high","4","Jazzy James","3.1.9","0","a","NA","space","space","space","a","return","463","NA","148901","11392","7534","463","40169","2","legacy","1024","2","48000","-16","experiment","5","odd","absent","1876797","1876797","NA","1800777","1312","169234","1991204","1991722","1371","150289","161699","1991722","1992203","1836548","1991187","Fraction component detection task","1381","774782","1398","yes","1280"
"98.7848463188","98.7848463188","554.144388849","554.144388849","#808080","no","legacy","legacy","legacy","0","uniform","1","undefined","undefined","undefined","1","a","6","6","0","1398","0","0","1398","1398","0","0","0","1398","1398","6","1398","Fri Apr 27 13:03:26 2018","#000000","high","2","The main experiment item","yes","","experiment.osexp","/Users/tom/github/sft-fraction/procedure","no","mono","no","24","no","white","no","yes","800","legacy","102","102","6","/Users/tom/github/sft-fraction/results/data/subject-5a.csv","legacy","#000000","high","3","Jazzy James","3.1.9","0","a","NA","space","space","space","a","return","466","NA","148901","11392","7534","466","40169","2","legacy","1024","2","48000","-16","experiment","5","odd","absent","1876797","1876797","NA","1800777","1312","169234","1992288","1992807","1371","150289","161699","1992807","1993292","1836548","1992268","Fraction component detection task","1382","775248","1399","yes","1280"
"98.7857142857","98.7857142857","554.012142857","554.012142857","#808080","no","legacy","legacy","legacy","0","uniform","1","undefined","undefined","undefined","1","a","6","6","0","1399","0","0","1399","1399","0","0","0","1399","1399","6","1399","Fri Apr 27 13:03:26 2018","#000000","high","3","The main experiment item","yes","","experiment.osexp","/Users/tom/github/sft-fraction/procedure","no","mono","no","24","no","white","no","yes","800","legacy","103","103","6","/Users/tom/github/sft-fraction/results/data/subject-5a.csv","legacy","#757575","low","4","Jazzy James","3.1.9","0","a","NA","space","space","space","a","return","369","NA","148901","11392","7534","369","40169","2","legacy","1024","2","48000","-16","experiment","5","odd","absent","1876797","1876797","NA","1800777","1312","169234","1993379","1993896","1371","150289","161699","1993896","1994284","1836548","1993363","Fraction component detection task","1383","775617","1400","yes","1280"
"98.7865810136","98.7865810136","553.912205567","553.912205567","#808080","no","legacy","legacy","legacy","0","uniform","1","undefined","undefined","undefined","1","a","6","6","0","1400","0","0","1400","1400","0","0","0","1400","1400","6","1400","Fri Apr 27 13:03:26 2018","#757575","low","3","The main experiment item","yes","","experiment.osexp","/Users/tom/github/sft-fraction/procedure","no","mono","no","24","no","white","no","yes","800","legacy","104","104","6","/Users/tom/github/sft-fraction/results/data/subject-5a.csv","legacy","#000000","high","2","Jazzy James","3.1.9","0","a","NA","space","space","space","a","return","414","NA","148901","11392","7534","414","40169","2","legacy","1024","2","48000","-16","experiment","5","odd","absent","1876797","1876797","NA","1800777","1312","169234","1994366","1994883","1371","150289","161699","1994883","1995317","1836548","1994351","Fraction component detection task","1384","776031","1401","yes","1280"
"98.787446505","98.787446505","553.815263909","553.815263909","#808080","no","legacy","legacy","legacy","0","uniform","1","undefined","undefined","undefined","1","a","6","6","0","1401","0","0","1401","1401","0","0","0","1401","1401","6","1401","Fri Apr 27 13:03:26 2018","#000000","high","3","The main experiment item","yes","","experiment.osexp","/Users/tom/github/sft-fraction/procedure","no","mono","no","24","no","white","no","yes","800","legacy","105","105","6","/Users/tom/github/sft-fraction/results/data/subject-5a.csv","legacy","#000000","high","3","Jazzy James","3.1.9","0","a","NA","space","space","space","a","return","418","NA","148901","11392","7534","418","40169","2","legacy","1024","2","48000","-16","experiment","5","odd","absent","1876797","1876797","NA","1800777","1312","169234","1995401","1995919","1371","150289","161699","1995920","1996357","1836548","1995382","Fraction component detection task","1385","776449","1402","yes","1280"
"98.7883107627","98.7883107627","553.7106201","553.7106201","#808080","no","legacy","legacy","legacy","0","uniform","1","undefined","undefined","undefined","1","l","6","6","0","1402","0","0","1402","1402","0","0","0","1402","1402","6","1402","Fri Apr 27 13:03:26 2018","#000000","high","8","The main experiment item","yes","","experiment.osexp","/Users/tom/github/sft-fraction/procedure","no","mono","no","24","no","white","no","yes","800","legacy","106","106","6","/Users/tom/github/sft-fraction/results/data/subject-5a.csv","legacy","#000000","high","8","Jazzy James","3.1.9","0","l","NA","space","space","space","l","return","407","NA","148901","11392","7534","407","40169","2","legacy","1024","2","48000","-16","experiment","5","odd","present","1876797","1876797","NA","1800777","1312","169234","1996446","1996963","1371","150289","161699","1996963","1997389","1836548","1996426","Fraction component detection task","1386","776856","1403","yes","1280"
"98.7891737892","98.7891737892","553.623931624","553.623931624","#808080","no","legacy","legacy","legacy","0","uniform","1","undefined","undefined","undefined","1","l","6","6","0","1403","0","0","1403","1403","0","0","0","1403","1403","6","1403","Fri Apr 27 13:03:26 2018","#000000","high","6","The main experiment item","yes","","experiment.osexp","/Users/tom/github/sft-fraction/procedure","no","mono","no","24","no","white","no","yes","800","legacy","107","107","6","/Users/tom/github/sft-fraction/results/data/subject-5a.csv","legacy","#757575","low","6","Jazzy James","3.1.9","0","l","NA","space","space","space","l","return","432","NA","148901","11392","7534","432","40169","2","legacy","1024","2","48000","-16","experiment","5","odd","present","1876797","1876797","NA","1800777","1312","169234","1997470","1997986","1371","150289","161699","1997986","1998437","1836548","1997454","Fraction component detection task","1387","777288","1404","yes","1280"
"98.71886121","98.71886121","553.53594306","553.53594306","#808080","no","legacy","legacy","legacy","0","uniform","0","undefined","undefined","undefined","0","l","6","6","0","1404","0","0","1404","1404","0","0","0","1404","1404","6","1404","Fri Apr 27 13:03:26 2018","#757575","low","6","The main experiment item","yes","","experiment.osexp","/Users/tom/github/sft-fraction/procedure","no","mono","no","24","no","white","no","yes","800","legacy","108","108","6","/Users/tom/github/sft-fraction/results/data/subject-5a.csv","legacy","#757575","low","2","Jazzy James","3.1.9","0","a","NA","space","space","space","a","return","430","NA","148901","11392","7534","430","40169","2","legacy","1024","2","48000","-16","experiment","5","odd","present","1876797","1876797","NA","1800777","1312","169234","1998519","1999036","1371","150289","161699","1999036","1999485","1836548","1998502","Fraction component detection task","1387","777718","1405","yes","1280"
"98.719772404","98.719772404","553.544807966","553.544807966","#808080","no","legacy","legacy","legacy","0","uniform","1","undefined","undefined","undefined","1","a","6","6","0","1405","0","0","1405","1405","0","0","0","1405","1405","6","1405","Fri Apr 27 13:03:26 2018","#000000","high","3","The main experiment item","yes","","experiment.osexp","/Users/tom/github/sft-fraction/procedure","no","mono","no","24","no","white","no","yes","800","legacy","109","109","6","/Users/tom/github/sft-fraction/results/data/subject-5a.csv","legacy","#000000","high","2","Jazzy James","3.1.9","0","a","NA","space","space","space","a","return","566","NA","148901","11392","7534","566","40169","2","legacy","1024","2","48000","-16","experiment","5","odd","absent","1876797","1876797","NA","1999505","1312","169234","2000587","2001108","1371","150289","161699","2001108","2001693","1836548","2000571","Fraction component detection task","1388","778284","1406","yes","1280"
"98.6496090974","98.6496090974","553.576403696","553.576403696","#808080","no","legacy","legacy","legacy","0","uniform","0","undefined","undefined","undefined","0","a","6","6","0","1406","0","0","1406","1406","0","0","0","1406","1406","6","1406","Fri Apr 27 13:03:26 2018","#757575","low","4","The main experiment item","yes","","experiment.osexp","/Users/tom/github/sft-fraction/procedure","no","mono","no","24","no","white","no","yes","800","legacy","110","110","6","/Users/tom/github/sft-fraction/results/data/subject-5a.csv","legacy","#757575","low","2","Jazzy James","3.1.9","0","l","NA","space","space","space","l","return","598","NA","148901","11392","7534","598","40169","2","legacy","1024","2","48000","-16","experiment","5","odd","absent","1876797","1876797","NA","1999505","1312","169234","2001775","2002292","1371","150289","161699","2002292","2002910","1836548","2001760","Fraction component detection task","1388","778882","1407","yes","1280"
"98.6505681818","98.6505681818","553.548295455","553.548295455","#808080","no","legacy","legacy","legacy","0","uniform","1","undefined","undefined","undefined","1","l","6","6","0","1407","0","0","1407","1407","0","0","0","1407","1407","6","1407","Fri Apr 27 13:03:26 2018","#000000","high","6","The main experiment item","yes","","experiment.osexp","/Users/tom/github/sft-fraction/procedure","no","mono","no","24","no","white","no","yes","800","legacy","111","111","6","/Users/tom/github/sft-fraction/results/data/subject-5a.csv","legacy","#757575","low","2","Jazzy James","3.1.9","0","l","NA","space","space","space","l","return","514","NA","148901","11392","7534","514","40169","2","legacy","1024","2","48000","-16","experiment","5","odd","present","1876797","1876797","NA","2002930","1312","169234","2004006","2004527","1371","150289","161699","2004527","2005063","1836548","2003991","Fraction component detection task","1389","779396","1408","yes","1280"
"98.6515259049","98.6515259049","553.559971611","553.559971611","#808080","no","legacy","legacy","legacy","0","uniform","1","undefined","undefined","undefined","1","a","6","6","0","1408","0","0","1408","1408","0","0","0","1408","1408","6","1408","Fri Apr 27 13:03:26 2018","#757575","low","2","The main experiment item","yes","","experiment.osexp","/Users/tom/github/sft-fraction/procedure","no","mono","no","24","no","white","no","yes","800","legacy","112","112","6","/Users/tom/github/sft-fraction/results/data/subject-5a.csv","legacy","#000000","high","3","Jazzy James","3.1.9","0","a","NA","space","space","space","a","return","570","NA","148901","11392","7534","570","40169","2","legacy","1024","2","48000","-16","experiment","5","odd","absent","1876797","1876797","NA","2002930","1312","169234","2005155","2005672","1371","150289","161699","2005672","2006264","1836548","2005133","Fraction component detection task","1390","779966","1409","yes","1280"
"98.6524822695","98.6524822695","553.478723404","553.478723404","#808080","no","legacy","legacy","legacy","0","uniform","1","undefined","undefined","undefined","1","a","6","6","0","1409","0","0","1409","1409","0","0","0","1409","1409","6","1409","Fri Apr 27 13:03:26 2018","#757575","low","4","The main experiment item","yes","","experiment.osexp","/Users/tom/github/sft-fraction/procedure","no","mono","no","24","no","white","no","yes","800","legacy","113","113","6","/Users/tom/github/sft-fraction/results/data/subject-5a.csv","legacy","#757575","low","3","Jazzy James","3.1.9","0","a","NA","space","space","space","a","return","439","NA","148901","11392","7534","439","40169","2","legacy","1024","2","48000","-16","experiment","5","odd","absent","1876797","1876797","NA","2002930","1312","169234","2006349","2006867","1371","150289","161699","2006867","2007329","1836548","2006333","Fraction component detection task","1391","780405","1410","yes","1280"
"98.6534372785","98.6534372785","553.440822112","553.440822112","#808080","no","legacy","legacy","legacy","0","uniform","1","undefined","undefined","undefined","1","l","6","6","0","1410","0","0","1410","1410","0","0","0","1410","1410","6","1410","Fri Apr 27 13:03:26 2018","#000000","high","3","The main experiment item","yes","","experiment.osexp","/Users/tom/github/sft-fraction/procedure","no","mono","no","24","no","white","no","yes","800","legacy","114","114","6","/Users/tom/github/sft-fraction/results/data/subject-5a.csv","legacy","#757575","low","7","Jazzy James","3.1.9","0","l","NA","space","space","space","l","return","500","NA","148901","11392","7534","500","40169","2","legacy","1024","2","48000","-16","experiment","5","odd","present","1876797","1876797","NA","2002930","1312","169234","2007419","2007935","1371","150289","161699","2007935","2008453","1836548","2007399","Fraction component detection task","1392","780905","1411","yes","1280"
"98.6543909348","98.6543909348","553.339943343","553.339943343","#808080","no","legacy","legacy","legacy","0","uniform","1","undefined","undefined","undefined","1","l","6","6","0","1411","0","0","1411","1411","0","0","0","1411","1411","6","1411","Fri Apr 27 13:03:26 2018","#757575","low","6","The main experiment item","yes","","experiment.osexp","/Users/tom/github/sft-fraction/procedure","no","mono","no","24","no","white","no","yes","800","legacy","115","115","6","/Users/tom/github/sft-fraction/results/data/subject-5a.csv","legacy","#000000","high","8","Jazzy James","3.1.9","0","l","NA","space","space","space","l","return","411","NA","148901","11392","7534","411","40169","2","legacy","1024","2","48000","-16","experiment","5","odd","present","1876797","1876797","NA","2002930","1312","169234","2008539","2009055","1371","150289","161699","2009056","2009488","1836548","2008519","Fraction component detection task","1393","781316","1412","yes","1280"
"98.6553432413","98.6553432413","553.28591649","553.28591649","#808080","no","legacy","legacy","legacy","0","uniform","1","undefined","undefined","undefined","1","a","6","6","0","1412","0","0","1412","1412","0","0","0","1412","1412","6","1412","Fri Apr 27 13:03:26 2018","#757575","low","4","The main experiment item","yes","","experiment.osexp","/Users/tom/github/sft-fraction/procedure","no","mono","no","24","no","white","no","yes","800","legacy","116","116","6","/Users/tom/github/sft-fraction/results/data/subject-5a.csv","legacy","#757575","low","2","Jazzy James","3.1.9","0","a","NA","space","space","space","a","return","477","NA","148901","11392","7534","477","40169","2","legacy","1024","2","48000","-16","experiment","5","odd","absent","1876797","1876797","NA","2002930","1312","169234","2009569","2010086","1371","150289","161699","2010086","2010581","1836548","2009553","Fraction component detection task","1394","781793","1413","yes","1280"
"98.6562942008","98.6562942008","553.255304102","553.255304102","#808080","no","legacy","legacy","legacy","0","uniform","1","undefined","undefined","undefined","1","a","6","6","0","1413","0","0","1413","1413","0","0","0","1413","1413","6","1413","Fri Apr 27 13:03:26 2018","#000000","high","3","The main experiment item","yes","","experiment.osexp","/Users/tom/github/sft-fraction/procedure","no","mono","no","24","no","white","no","yes","800","legacy","117","117","6","/Users/tom/github/sft-fraction/results/data/subject-5a.csv","legacy","#000000","high","4","Jazzy James","3.1.9","0","a","NA","space","space","space","a","return","510","NA","148901","11392","7534","510","40169","2","legacy","1024","2","48000","-16","experiment","5","odd","absent","1876797","1876797","NA","2002930","1312","169234","2010666","2011189","1371","150289","161699","2011189","2011718","1836548","2010651","Fraction component detection task","1395","782303","1414","yes","1280"
"98.6572438163","98.6572438163","553.234628975","553.234628975","#808080","no","legacy","legacy","legacy","0","uniform","1","undefined","undefined","undefined","1","l","6","6","0","1414","0","0","1414","1414","0","0","0","1414","1414","6","1414","Fri Apr 27 13:03:26 2018","#757575","low","7","The main experiment item","yes","","experiment.osexp","/Users/tom/github/sft-fraction/procedure","no","mono","no","24","no","white","no","yes","800","legacy","118","118","6","/Users/tom/github/sft-fraction/results/data/subject-5a.csv","legacy","#757575","low","2","Jazzy James","3.1.9","0","l","NA","space","space","space","l","return","524","NA","148901","11392","7534","524","40169","2","legacy","1024","2","48000","-16","experiment","5","odd","present","1876797","1876797","NA","2002930","1312","169234","2011798","2012319","1371","150289","161699","2012319","2012862","1836548","2011783","Fraction component detection task","1396","782827","1415","yes","1280"
"98.6581920904","98.6581920904","553.212570621","553.212570621","#808080","no","legacy","legacy","legacy","0","uniform","1","undefined","undefined","undefined","1","l","6","6","0","1415","0","0","1415","1415","0","0","0","1415","1415","6","1415","Fri Apr 27 13:03:26 2018","#000000","high","8","The main experiment item","yes","","experiment.osexp","/Users/tom/github/sft-fraction/procedure","no","mono","no","24","no","white","no","yes","800","legacy","119","119","6","/Users/tom/github/sft-fraction/results/data/subject-5a.csv","legacy","#000000","high","3","Jazzy James","3.1.9","0","l","NA","space","space","space","l","return","522","NA","148901","11392","7534","522","40169","2","legacy","1024","2","48000","-16","experiment","5","odd","present","1876797","1876797","NA","2002930","1312","169234","2012948","2013465","1371","150289","161699","2013465","2014005","1836548","2012929","Fraction component detection task","1397","783349","1416","yes","1280"
"98.6591390261","98.6591390261","553.17360621","553.17360621","#808080","no","legacy","legacy","legacy","0","uniform","1","undefined","undefined","undefined","1","a","6","6","0","1416","0","0","1416","1416","0","0","0","1416","1416","6","1416","Fri Apr 27 13:03:26 2018","#757575","low","2","The main experiment item","yes","","experiment.osexp","/Users/tom/github/sft-fraction/procedure","no","mono","no","24","no","white","no","yes","800","legacy","120","120","6","/Users/tom/github/sft-fraction/results/data/subject-5a.csv","legacy","#000000","high","3","Jazzy James","3.1.9","0","a","NA","space","space","space","a","return","498","NA","148901","11392","7534","498","40169","2","legacy","1024","2","48000","-16","experiment","5","odd","absent","1876797","1876797","NA","2002930","1312","169234","2014090","2014608","1371","150289","161699","2014608","2015129","1836548","2014071","Fraction component detection task","1398","783847","1417","yes","1280"
"98.6600846262","98.6600846262","553.138222849","553.138222849","#808080","no","legacy","legacy","legacy","0","uniform","1","undefined","undefined","undefined","1","l","6","6","0","1417","0","0","1417","1417","0","0","0","1417","1417","6","1417","Fri Apr 27 13:03:26 2018","#000000","high","2","The main experiment item","yes","","experiment.osexp","/Users/tom/github/sft-fraction/procedure","no","mono","no","24","no","white","no","yes","800","legacy","121","121","6","/Users/tom/github/sft-fraction/results/data/subject-5a.csv","legacy","#757575","low","8","Jazzy James","3.1.9","0","l","NA","space","space","space","l","return","503","NA","148901","11392","7534","503","40169","2","legacy","1024","2","48000","-16","experiment","5","odd","present","1876797","1876797","NA","2002930","1312","169234","2015214","2015731","1371","150289","161699","2015731","2016253","1836548","2015198","Fraction component detection task","1399","784350","1418","yes","1280"
"98.6610288936","98.6610288936","553.294573643","553.294573643","#808080","no","legacy","legacy","legacy","0","uniform","1","undefined","undefined","undefined","1","a","6","6","0","1418","0","0","1418","1418","0","0","0","1418","1418","6","1418","Fri Apr 27 13:03:26 2018","#757575","low","3","The main experiment item","yes","","experiment.osexp","/Users/tom/github/sft-fraction/procedure","no","mono","no","24","no","white","no","yes","800","legacy","122","122","6","/Users/tom/github/sft-fraction/results/data/subject-5a.csv","legacy","#000000","high","2","Jazzy James","3.1.9","0","a","NA","space","space","space","a","return","775","NA","148901","11392","7534","775","40169","2","legacy","1024","2","48000","-16","experiment","5","odd","absent","1876797","1876797","NA","2002930","1312","169234","2016340","2016860","1371","150289","161699","2016860","2017654","1836548","2016321","Fraction component detection task","1400","785125","1419","yes","1280"
"98.661971831","98.661971831","553.538028169","553.538028169","#808080","no","legacy","legacy","legacy","0","uniform","1","undefined","undefined","undefined","1","a","6","6","0","1419","0","0","1419","1419","0","0","0","1419","1419","6","1419","Fri Apr 27 13:03:26 2018","#000000","high","2","The main experiment item","yes","","experiment.osexp","/Users/tom/github/sft-fraction/procedure","no","mono","no","24","no","white","no","yes","800","legacy","123","123","6","/Users/tom/github/sft-fraction/results/data/subject-5a.csv","legacy","#757575","low","4","Jazzy James","3.1.9","0","a","NA","space","space","space","a","return","899","NA","148901","11392","7534","899","40169","2","legacy","1024","2","48000","-16","experiment","5","odd","absent","1876797","1876797","NA","2002930","1312","169234","2017739","2018255","1371","150289","161699","2018255","2019177","1836548","2017723","Fraction component detection task","1401","786024","1420","yes","1280"
"98.6629134412","98.6629134412","553.658691063","553.658691063","#808080","no","legacy","legacy","legacy","0","uniform","1","undefined","undefined","undefined","1","l","6","6","0","1420","0","0","1420","1420","0","0","0","1420","1420","6","1420","Fri Apr 27 13:03:26 2018","#000000","high","4","The main experiment item","yes","","experiment.osexp","/Users/tom/github/sft-fraction/procedure","no","mono","no","24","no","white","no","yes","800","legacy","124","124","6","/Users/tom/github/sft-fraction/results/data/subject-5a.csv","legacy","#757575","low","7","Jazzy James","3.1.9","0","l","NA","space","space","space","l","return","725","NA","148901","11392","7534","725","40169","2","legacy","1024","2","48000","-16","experiment","5","odd","present","1876797","1876797","NA","2002930","1312","169234","2019261","2019782","1371","150289","161699","2019782","2020526","1836548","2019245","Fraction component detection task","1402","786749","1421","yes","1280"
"98.6638537271","98.6638537271","553.597046414","553.597046414","#808080","no","legacy","legacy","legacy","0","uniform","1","undefined","undefined","undefined","1","a","6","6","0","1421","0","0","1421","1421","0","0","0","1421","1421","6","1421","Fri Apr 27 13:03:26 2018","#000000","high","4","The main experiment item","yes","","experiment.osexp","/Users/tom/github/sft-fraction/procedure","no","mono","no","24","no","white","no","yes","800","legacy","125","125","6","/Users/tom/github/sft-fraction/results/data/subject-5a.csv","legacy","#757575","low","4","Jazzy James","3.1.9","0","a","NA","space","space","space","a","return","466","NA","148901","11392","7534","466","40169","2","legacy","1024","2","48000","-16","experiment","5","odd","absent","1876797","1876797","NA","2002930","1312","169234","2020618","2021137","1371","150289","161699","2021137","2021622","1836548","2020599","Fraction component detection task","1403","787215","1422","yes","1280"
"98.6647926915","98.6647926915","553.539002108","553.539002108","#808080","no","legacy","legacy","legacy","0","uniform","1","undefined","undefined","undefined","1","l","6","6","0","1422","0","0","1422","1422","0","0","0","1422","1422","6","1422","Fri Apr 27 13:03:26 2018","#000000","high","7","The main experiment item","yes","","experiment.osexp","/Users/tom/github/sft-fraction/procedure","no","mono","no","24","no","white","no","yes","800","legacy","126","126","6","/Users/tom/github/sft-fraction/results/data/subject-5a.csv","legacy","#000000","high","4","Jazzy James","3.1.9","0","l","NA","space","space","space","l","return","471","NA","148901","11392","7534","471","40169","2","legacy","1024","2","48000","-16","experiment","5","odd","present","1876797","1876797","NA","2002930","1312","169234","2021712","2022228","1371","150289","161699","2022228","2022718","1836548","2021693","Fraction component detection task","1404","787686","1423","yes","1280"
"98.6657303371","98.6657303371","553.457865169","553.457865169","#808080","no","legacy","legacy","legacy","0","uniform","1","undefined","undefined","undefined","1","l","6","6","0","1423","0","0","1423","1423","0","0","0","1423","1423","6","1423","Fri Apr 27 13:03:26 2018","#757575","low","4","The main experiment item","yes","","experiment.osexp","/Users/tom/github/sft-fraction/procedure","no","mono","no","24","no","white","no","yes","800","legacy","127","127","6","/Users/tom/github/sft-fraction/results/data/subject-5a.csv","legacy","#000000","high","8","Jazzy James","3.1.9","0","l","NA","space","space","space","l","return","438","NA","148901","11392","7534","438","40169","2","legacy","1024","2","48000","-16","experiment","5","odd","present","1876797","1876797","NA","2002930","1312","169234","2022809","2023333","1371","150289","161699","2023333","2023791","1836548","2022791","Fraction component detection task","1405","788124","1424","yes","1280"
"98.6666666667","98.6666666667","553.416842105","553.416842105","#808080","no","legacy","legacy","legacy","0","uniform","1","undefined","undefined","undefined","1","a","6","6","0","1424","0","0","1424","1424","0","0","0","1424","1424","6","1424","Fri Apr 27 13:03:26 2018","#000000","high","2","The main experiment item","yes","","experiment.osexp","/Users/tom/github/sft-fraction/procedure","no","mono","no","24","no","white","no","yes","800","legacy","128","128","6","/Users/tom/github/sft-fraction/results/data/subject-5a.csv","legacy","#757575","low","2","Jazzy James","3.1.9","0","a","NA","space","space","space","a","return","495","NA","148901","11392","7534","495","40169","2","legacy","1024","2","48000","-16","experiment","5","odd","absent","1876797","1876797","NA","2002930","1312","169234","2023878","2024396","1371","150289","161699","2024396","2024913","1836548","2023858","Fraction component detection task","1406","788619","1425","yes","1280"
"98.667601683","98.667601683","553.453015428","553.453015428","#808080","no","legacy","legacy","legacy","0","uniform","1","undefined","undefined","undefined","1","a","6","6","0","1425","0","0","1425","1425","0","0","0","1425","1425","6","1425","Fri Apr 27 13:03:26 2018","#000000","high","3","The main experiment item","yes","","experiment.osexp","/Users/tom/github/sft-fraction/procedure","no","mono","no","24","no","white","no","yes","800","legacy","129","129","6","/Users/tom/github/sft-fraction/results/data/subject-5a.csv","legacy","#757575","low","2","Jazzy James","3.1.9","0","a","NA","space","space","space","a","return","605","NA","148901","11392","7534","605","40169","2","legacy","1024","2","48000","-16","experiment","5","odd","absent","1876797","1876797","NA","2002930","1312","169234","2025005","2025526","1371","150289","161699","2025526","2026151","1836548","2024983","Fraction component detection task","1407","789224","1426","yes","1280"
"98.6685353889","98.6685353889","553.448493343","553.448493343","#808080","no","legacy","legacy","legacy","0","uniform","1","undefined","undefined","undefined","1","a","6","6","0","1426","0","0","1426","1426","0","0","0","1426","1426","6","1426","Fri Apr 27 13:03:26 2018","#000000","high","3","The main experiment item","yes","","experiment.osexp","/Users/tom/github/sft-fraction/procedure","no","mono","no","24","no","white","no","yes","800","legacy","130","130","6","/Users/tom/github/sft-fraction/results/data/subject-5a.csv","legacy","#000000","high","4","Jazzy James","3.1.9","0","a","NA","space","space","space","a","return","547","NA","148901","11392","7534","547","40169","2","legacy","1024","2","48000","-16","experiment","5","odd","absent","1876797","1876797","NA","2002930","1312","169234","2026239","2026760","1371","150289","161699","2026760","2027327","1836548","2026223","Fraction component detection task","1408","789771","1427","yes","1280"
"98.6694677871","98.6694677871","553.470588235","553.470588235","#808080","no","legacy","legacy","legacy","0","uniform","1","undefined","undefined","undefined","1","l","6","6","0","1427","0","0","1427","1427","0","0","0","1427","1427","6","1427","Fri Apr 27 13:03:26 2018","#757575","low","8","The main experiment item","yes","","experiment.osexp","/Users/tom/github/sft-fraction/procedure","no","mono","no","24","no","white","no","yes","800","legacy","131","131","6","/Users/tom/github/sft-fraction/results/data/subject-5a.csv","legacy","#000000","high","2","Jazzy James","3.1.9","0","l","NA","space","space","space","l","return","585","NA","148901","11392","7534","585","40169","2","legacy","1024","2","48000","-16","experiment","5","odd","present","1876797","1876797","NA","2002930","1312","169234","2027414","2027931","1371","150289","161699","2027931","2028535","1836548","2027398","Fraction component detection task","1409","790356","1428","yes","1280"
"98.6703988803","98.6703988803","553.413575927","553.413575927","#808080","no","legacy","legacy","legacy","0","uniform","1","undefined","undefined","undefined","1","l","6","6","0","1428","0","0","1428","1428","0","0","0","1428","1428","6","1428","Fri Apr 27 13:03:26 2018","#000000","high","7","The main experiment item","yes","","experiment.osexp","/Users/tom/github/sft-fraction/procedure","no","mono","no","24","no","white","no","yes","800","legacy","132","132","6","/Users/tom/github/sft-fraction/results/data/subject-5a.csv","legacy","#757575","low","2","Jazzy James","3.1.9","0","l","NA","space","space","space","l","return","472","NA","148901","11392","7534","472","40169","2","legacy","1024","2","48000","-16","experiment","5","odd","present","1876797","1876797","NA","2002930","1312","169234","2028622","2029139","1371","150289","161699","2029140","2029634","1836548","2028605","Fraction component detection task","1410","790828","1429","yes","1280"
"98.6713286713","98.6713286713","553.287412587","553.287412587","#808080","no","legacy","legacy","legacy","0","uniform","1","undefined","undefined","undefined","1","l","6","6","0","1429","0","0","1429","1429","0","0","0","1429","1429","6","1429","Fri Apr 27 13:03:26 2018","#000000","high","3","The main experiment item","yes","","experiment.osexp","/Users/tom/github/sft-fraction/procedure","no","mono","no","24","no","white","no","yes","800","legacy","133","133","6","/Users/tom/github/sft-fraction/results/data/subject-5a.csv","legacy","#000000","high","7","Jazzy James","3.1.9","0","l","NA","space","space","space","l","return","373","NA","148901","11392","7534","373","40169","2","legacy","1024","2","48000","-16","experiment","5","odd","present","1876797","1876797","NA","2002930","1312","169234","2029722","2030239","1371","150289","161699","2030239","2030632","1836548","2029703","Fraction component detection task","1411","791201","1430","yes","1280"
"98.6722571628","98.6722571628","553.290006988","553.290006988","#808080","no","legacy","legacy","legacy","0","uniform","1","undefined","undefined","undefined","1","l","6","6","0","1430","0","0","1430","1430","0","0","0","1430","1430","6","1430","Fri Apr 27 13:03:26 2018","#757575","low","6","The main experiment item","yes","","experiment.osexp","/Users/tom/github/sft-fraction/procedure","no","mono","no","24","no","white","no","yes","800","legacy","134","134","6","/Users/tom/github/sft-fraction/results/data/subject-5a.csv","legacy","#757575","low","3","Jazzy James","3.1.9","0","l","NA","space","space","space","l","return","557","NA","148901","11392","7534","557","40169","2","legacy","1024","2","48000","-16","experiment","5","odd","present","1876797","1876797","NA","2002930","1312","169234","2030725","2031247","1371","150289","161699","2031247","2031823","1836548","2030705","Fraction component detection task","1412","791758","1431","yes","1280"
"98.6731843575","98.6731843575","553.190642458","553.190642458","#808080","no","legacy","legacy","legacy","0","uniform","1","undefined","undefined","undefined","1","l","6","6","0","1431","0","0","1431","1431","0","0","0","1431","1431","6","1431","Fri Apr 27 13:03:26 2018","#000000","high","8","The main experiment item","yes","","experiment.osexp","/Users/tom/github/sft-fraction/procedure","no","mono","no","24","no","white","no","yes","800","legacy","135","135","6","/Users/tom/github/sft-fraction/results/data/subject-5a.csv","legacy","#757575","low","8","Jazzy James","3.1.9","0","l","NA","space","space","space","l","return","411","NA","148901","11392","7534","411","40169","2","legacy","1024","2","48000","-16","experiment","5","odd","present","1876797","1876797","NA","2002930","1312","169234","2031908","2032425","1371","150289","161699","2032425","2032855","1836548","2031888","Fraction component detection task","1413","792169","1432","yes","1280"
"98.6741102582","98.6741102582","553.081646895","553.081646895","#808080","no","legacy","legacy","legacy","0","uniform","1","undefined","undefined","undefined","1","l","6","6","0","1432","0","0","1432","1432","0","0","0","1432","1432","6","1432","Fri Apr 27 13:03:26 2018","#000000","high","2","The main experiment item","yes","","experiment.osexp","/Users/tom/github/sft-fraction/procedure","no","mono","no","24","no","white","no","yes","800","legacy","136","136","6","/Users/tom/github/sft-fraction/results/data/subject-5a.csv","legacy","#000000","high","6","Jazzy James","3.1.9","0","l","NA","space","space","space","l","return","397","NA","148901","11392","7534","397","40169","2","legacy","1024","2","48000","-16","experiment","5","odd","present","1876797","1876797","NA","2002930","1312","169234","2032938","2033455","1371","150289","161699","2033455","2033871","1836548","2032921","Fraction component detection task","1414","792566","1433","yes","1280"
"98.6750348675","98.6750348675","553.089260809","553.089260809","#808080","no","legacy","legacy","legacy","0","uniform","1","undefined","undefined","undefined","1","a","6","6","0","1433","0","0","1433","1433","0","0","0","1433","1433","6","1433","Fri Apr 27 13:03:26 2018","#000000","high","2","The main experiment item","yes","","experiment.osexp","/Users/tom/github/sft-fraction/procedure","no","mono","no","24","no","white","no","yes","800","legacy","137","137","6","/Users/tom/github/sft-fraction/results/data/subject-5a.csv","legacy","#757575","low","3","Jazzy James","3.1.9","0","a","NA","space","space","space","a","return","564","NA","148901","11392","7534","564","40169","2","legacy","1024","2","48000","-16","experiment","5","odd","absent","1876797","1876797","NA","2002930","1312","169234","2033967","2034486","1371","150289","161699","2034487","2035071","1836548","2033942","Fraction component detection task","1415","793130","1434","yes","1280"
"98.6759581882","98.6759581882","553.045296167","553.045296167","#808080","no","legacy","legacy","legacy","0","uniform","1","undefined","undefined","undefined","1","a","6","6","0","1434","0","0","1434","1434","0","0","0","1434","1434","6","1434","Fri Apr 27 13:03:26 2018","#757575","low","2","The main experiment item","yes","","experiment.osexp","/Users/tom/github/sft-fraction/procedure","no","mono","no","24","no","white","no","yes","800","legacy","138","138","6","/Users/tom/github/sft-fraction/results/data/subject-5a.csv","legacy","#000000","high","2","Jazzy James","3.1.9","0","a","NA","space","space","space","a","return","490","NA","148901","11392","7534","490","40169","2","legacy","1024","2","48000","-16","experiment","5","odd","absent","1876797","1876797","NA","2002930","1312","169234","2035164","2035681","1371","150289","161699","2035681","2036190","1836548","2035143","Fraction component detection task","1416","793620","1435","yes","1280"
"98.6768802228","98.6768802228","553.048746518","553.048746518","#808080","no","legacy","legacy","legacy","0","uniform","1","undefined","undefined","undefined","1","a","6","6","0","1435","0","0","1435","1435","0","0","0","1435","1435","6","1435","Fri Apr 27 13:03:26 2018","#757575","low","3","The main experiment item","yes","","experiment.osexp","/Users/tom/github/sft-fraction/procedure","no","mono","no","24","no","white","no","yes","800","legacy","139","139","6","/Users/tom/github/sft-fraction/results/data/subject-5a.csv","legacy","#000000","high","4","Jazzy James","3.1.9","0","a","NA","space","space","space","a","return","558","NA","148901","11392","7534","558","40169","2","legacy","1024","2","48000","-16","experiment","5","odd","absent","1876797","1876797","NA","2002930","1312","169234","2036280","2036798","1371","150289","161699","2036798","2037379","1836548","2036264","Fraction component detection task","1417","794178","1436","yes","1280"
"98.6778009743","98.6778009743","552.988169798","552.988169798","#808080","no","legacy","legacy","legacy","0","uniform","1","undefined","undefined","undefined","1","a","6","6","0","1436","0","0","1436","1436","0","0","0","1436","1436","6","1436","Fri Apr 27 13:03:26 2018","#757575","low","2","The main experiment item","yes","","experiment.osexp","/Users/tom/github/sft-fraction/procedure","no","mono","no","24","no","white","no","yes","800","legacy","140","140","6","/Users/tom/github/sft-fraction/results/data/subject-5a.csv","legacy","#000000","high","2","Jazzy James","3.1.9","0","a","NA","space","space","space","a","return","466","NA","148901","11392","7534","466","40169","2","legacy","1024","2","48000","-16","experiment","5","odd","absent","1876797","1876797","NA","2002930","1312","169234","2037461","2037978","1371","150289","161699","2037978","2038463","1836548","2037446","Fraction component detection task","1418","794644","1437","yes","1280"
"98.6787204451","98.6787204451","552.911682893","552.911682893","#808080","no","legacy","legacy","legacy","0","uniform","1","undefined","undefined","undefined","1","a","6","6","0","1437","0","0","1437","1437","0","0","0","1437","1437","6","1437","Fri Apr 27 13:03:26 2018","#757575","low","3","The main experiment item","yes","","experiment.osexp","/Users/tom/github/sft-fraction/procedure","no","mono","no","24","no","white","no","yes","800","legacy","141","141","6","/Users/tom/github/sft-fraction/results/data/subject-5a.csv","legacy","#757575","low","2","Jazzy James","3.1.9","0","a","NA","space","space","space","a","return","443","NA","148901","11392","7534","443","40169","2","legacy","1024","2","48000","-16","experiment","5","odd","absent","1876797","1876797","NA","2002930","1312","169234","2038549","2039065","1371","150289","161699","2039065","2039533","1836548","2038528","Fraction component detection task","1419","795087","1438","yes","1280"
"98.6796386379","98.6796386379","552.915218902","552.915218902","#808080","no","legacy","legacy","legacy","0","uniform","1","undefined","undefined","undefined","1","a","6","6","0","1438","0","0","1438","1438","0","0","0","1438","1438","6","1438","Fri Apr 27 13:03:26 2018","#000000","high","2","The main experiment item","yes","","experiment.osexp","/Users/tom/github/sft-fraction/procedure","no","mono","no","24","no","white","no","yes","800","legacy","142","142","6","/Users/tom/github/sft-fraction/results/data/subject-5a.csv","legacy","#757575","low","3","Jazzy James","3.1.9","0","a","NA","space","space","space","a","return","558","NA","148901","11392","7534","558","40169","2","legacy","1024","2","48000","-16","experiment","5","odd","absent","1876797","1876797","NA","2002930","1312","169234","2039625","2040141","1371","150289","161699","2040142","2040725","1836548","2039605","Fraction component detection task","1420","795645","1439","yes","1280"
"98.6805555556","98.6805555556","552.85","552.85","#808080","no","legacy","legacy","legacy","0","uniform","1","undefined","undefined","undefined","1","l","6","6","0","1439","0","0","1439","1439","0","0","0","1439","1439","6","1439","Fri Apr 27 13:03:26 2018","#000000","high","7","The main experiment item","yes","","experiment.osexp","/Users/tom/github/sft-fraction/procedure","no","mono","no","24","no","white","no","yes","800","legacy","143","143","6","/Users/tom/github/sft-fraction/results/data/subject-5a.csv","legacy","#757575","low","6","Jazzy James","3.1.9","0","l","NA","space","space","space","l","return","459","NA","148901","11392","7534","459","40169","2","legacy","1024","2","48000","-16","experiment","5","odd","present","1876797","1876797","NA","2002930","1312","169234","2040810","2041328","1371","150289","161699","2041329","2041807","1836548","2040795","Fraction component detection task","1421","796104","1440","yes","1280"
"98.6814712006","98.6814712006","552.701596114","552.701596114","#808080","no","legacy","legacy","legacy","0","uniform","1","undefined","undefined","undefined","1","l","6","6","0","1440","0","0","1440","1440","0","0","0","1440","1440","6","1440","Fri Apr 27 13:03:26 2018","#000000","high","2","The main experiment item","yes","","experiment.osexp","/Users/tom/github/sft-fraction/procedure","no","mono","no","24","no","white","no","yes","800","legacy","144","144","6","/Users/tom/github/sft-fraction/results/data/subject-5a.csv","legacy","#000000","high","7","Jazzy James","3.1.9","0","l","NA","space","space","space","l","return","339","NA","148901","11392","7534","339","40169","2","legacy","1024","2","48000","-16","experiment","5","odd","present","1876797","1876797","NA","2002930","1312","169234","2041892","2042409","1371","150289","161699","2042409","2042783","1836548","2041876","Fraction component detection task","1422","796443","1441","yes","1280"
"98.6823855756","98.6823855756","552.834951456","552.834951456","#808080","no","legacy","legacy","legacy","0","uniform","1","undefined","undefined","undefined","1","a","6","6","0","1441","0","0","1441","1441","0","0","0","1441","1441","6","1441","Fri Apr 27 13:03:26 2018","#000000","high","3","The main experiment item","yes","","experiment.osexp","/Users/tom/github/sft-fraction/procedure","no","mono","no","24","no","white","no","yes","800","legacy","145","145","6","/Users/tom/github/sft-fraction/results/data/subject-5a.csv","legacy","#757575","low","4","Jazzy James","3.1.9","0","a","NA","space","space","space","a","return","745","NA","148901","11392","7534","745","40169","2","legacy","1024","2","48000","-16","experiment","5","odd","absent","1876797","1876797","NA","2002930","1312","169234","2042868","2043385","1371","150289","161699","2043386","2044151","1836548","2042850","Fraction component detection task","1423","797188","1442","yes","1280"
"98.6832986833","98.6832986833","552.714483714","552.714483714","#808080","no","legacy","legacy","legacy","0","uniform","1","undefined","undefined","undefined","1","l","6","6","0","1442","0","0","1442","1442","0","0","0","1442","1442","6","1442","Fri Apr 27 13:03:26 2018","#000000","high","8","The main experiment item","yes","","experiment.osexp","/Users/tom/github/sft-fraction/procedure","no","mono","no","24","no","white","no","yes","800","legacy","146","146","6","/Users/tom/github/sft-fraction/results/data/subject-5a.csv","legacy","#000000","high","6","Jazzy James","3.1.9","0","l","NA","space","space","space","l","return","379","NA","148901","11392","7534","379","40169","2","legacy","1024","2","48000","-16","experiment","5","odd","present","1876797","1876797","NA","2002930","1312","169234","2044236","2044753","1371","150289","161699","2044753","2045152","1836548","2044217","Fraction component detection task","1424","797567","1443","yes","1280"
"98.6842105263","98.6842105263","552.605263158","552.605263158","#808080","no","legacy","legacy","legacy","0","uniform","1","undefined","undefined","undefined","1","l","6","6","0","1443","0","0","1443","1443","0","0","0","1443","1443","6","1443","Fri Apr 27 13:03:26 2018","#000000","high","4","The main experiment item","yes","","experiment.osexp","/Users/tom/github/sft-fraction/procedure","no","mono","no","24","no","white","no","yes","800","legacy","147","147","6","/Users/tom/github/sft-fraction/results/data/subject-5a.csv","legacy","#757575","low","8","Jazzy James","3.1.9","0","l","NA","space","space","space","l","return","395","NA","148901","11392","7534","395","40169","2","legacy","1024","2","48000","-16","experiment","5","odd","present","1876797","1876797","NA","2002930","1312","169234","2045235","2045752","1371","150289","161699","2045752","2046167","1836548","2045219","Fraction component detection task","1425","797962","1444","yes","1280"
"98.6851211073","98.6851211073","552.575778547","552.575778547","#808080","no","legacy","legacy","legacy","0","uniform","1","undefined","undefined","undefined","1","a","6","6","0","1444","0","0","1444","1444","0","0","0","1444","1444","6","1444","Fri Apr 27 13:03:26 2018","#757575","low","3","The main experiment item","yes","","experiment.osexp","/Users/tom/github/sft-fraction/procedure","no","mono","no","24","no","white","no","yes","800","legacy","148","148","6","/Users/tom/github/sft-fraction/results/data/subject-5a.csv","legacy","#757575","low","2","Jazzy James","3.1.9","0","a","NA","space","space","space","a","return","510","NA","148901","11392","7534","510","40169","2","legacy","1024","2","48000","-16","experiment","5","odd","absent","1876797","1876797","NA","2002930","1312","169234","2046264","2046780","1371","150289","161699","2046781","2047311","1836548","2046243","Fraction component detection task","1426","798472","1445","yes","1280"
"98.6860304288","98.6860304288","552.505532503","552.505532503","#808080","no","legacy","legacy","legacy","0","uniform","1","undefined","undefined","undefined","1","l","6","6","0","1445","0","0","1445","1445","0","0","0","1445","1445","6","1445","Fri Apr 27 13:03:26 2018","#757575","low","6","The main experiment item","yes","","experiment.osexp","/Users/tom/github/sft-fraction/procedure","no","mono","no","24","no","white","no","yes","800","legacy","149","149","6","/Users/tom/github/sft-fraction/results/data/subject-5a.csv","legacy","#000000","high","6","Jazzy James","3.1.9","0","l","NA","space","space","space","l","return","451","NA","148901","11392","7534","451","40169","2","legacy","1024","2","48000","-16","experiment","5","odd","present","1876797","1876797","NA","2002930","1312","169234","2047405","2047922","1371","150289","161699","2047922","2048392","1836548","2047384","Fraction component detection task","1427","798923","1446","yes","1280"
"98.6869384934","98.6869384934","552.565307533","552.565307533","#808080","no","legacy","legacy","legacy","0","uniform","1","undefined","undefined","undefined","1","a","6","6","0","1446","0","0","1446","1446","0","0","0","1446","1446","6","1446","Fri Apr 27 13:03:26 2018","#000000","high","4","The main experiment item","yes","","experiment.osexp","/Users/tom/github/sft-fraction/procedure","no","mono","no","24","no","white","no","yes","800","legacy","150","150","6","/Users/tom/github/sft-fraction/results/data/subject-5a.csv","legacy","#757575","low","2","Jazzy James","3.1.9","0","a","NA","space","space","space","a","return","639","NA","148901","11392","7534","639","40169","2","legacy","1024","2","48000","-16","experiment","5","odd","absent","1876797","1876797","NA","2002930","1312","169234","2048474","2048990","1371","150289","161699","2048990","2049648","1836548","2048458","Fraction component detection task","1428","799562","1447","yes","1280"
"98.6878453039","98.6878453039","552.561464088","552.561464088","#808080","no","legacy","legacy","legacy","0","uniform","1","undefined","undefined","undefined","1","l","6","6","0","1447","0","0","1447","1447","0","0","0","1447","1447","6","1447","Fri Apr 27 13:03:26 2018","#757575","low","7","The main experiment item","yes","","experiment.osexp","/Users/tom/github/sft-fraction/procedure","no","mono","no","24","no","white","no","yes","800","legacy","151","151","6","/Users/tom/github/sft-fraction/results/data/subject-5a.csv","legacy","#000000","high","3","Jazzy James","3.1.9","0","l","NA","space","space","space","l","return","547","NA","148901","11392","7534","547","40169","2","legacy","1024","2","48000","-16","experiment","5","odd","present","1876797","1876797","NA","2002930","1312","169234","2049734","2050250","1371","150289","161699","2050250","2050816","1836548","2049714","Fraction component detection task","1429","800109","1448","yes","1280"
"98.6887508627","98.6887508627","552.458937198","552.458937198","#808080","no","legacy","legacy","legacy","0","uniform","1","undefined","undefined","undefined","1","l","6","6","0","1448","0","0","1448","1448","0","0","0","1448","1448","6","1448","Fri Apr 27 13:03:26 2018","#757575","low","8","The main experiment item","yes","","experiment.osexp","/Users/tom/github/sft-fraction/procedure","no","mono","no","24","no","white","no","yes","800","legacy","152","152","6","/Users/tom/github/sft-fraction/results/data/subject-5a.csv","legacy","#757575","low","7","Jazzy James","3.1.9","0","l","NA","space","space","space","l","return","404","NA","148901","11392","7534","404","40169","2","legacy","1024","2","48000","-16","experiment","5","odd","present","1876797","1876797","NA","2002930","1312","169234","2050900","2051416","1371","150289","161699","2051417","2051840","1836548","2050884","Fraction component detection task","1430","800513","1449","yes","1280"
"98.6896551724","98.6896551724","552.384137931","552.384137931","#808080","no","legacy","legacy","legacy","0","uniform","1","undefined","undefined","undefined","1","l","6","6","0","1449","0","0","1449","1449","0","0","0","1449","1449","6","1449","Fri Apr 27 13:03:26 2018","#000000","high","7","The main experiment item","yes","","experiment.osexp","/Users/tom/github/sft-fraction/procedure","no","mono","no","24","no","white","no","yes","800","legacy","153","153","6","/Users/tom/github/sft-fraction/results/data/subject-5a.csv","legacy","#757575","low","8","Jazzy James","3.1.9","0","l","NA","space","space","space","l","return","444","NA","148901","11392","7534","444","40169","2","legacy","1024","2","48000","-16","experiment","5","odd","present","1876797","1876797","NA","2002930","1312","169234","2051925","2052441","1371","150289","161699","2052441","2052904","1836548","2051905","Fraction component detection task","1431","800957","1450","yes","1280"
"98.6905582357","98.6905582357","552.774638181","552.774638181","#808080","no","legacy","legacy","legacy","0","uniform","1","undefined","undefined","undefined","1","a","6","6","0","1450","0","0","1450","1450","0","0","0","1450","1450","6","1450","Fri Apr 27 13:03:26 2018","#757575","low","4","The main experiment item","yes","","experiment.osexp","/Users/tom/github/sft-fraction/procedure","no","mono","no","24","no","white","no","yes","800","legacy","154","154","6","/Users/tom/github/sft-fraction/results/data/subject-5a.csv","legacy","#757575","low","3","Jazzy James","3.1.9","0","a","NA","space","space","space","a","return","1119","NA","148901","11392","7534","1119","40169","2","legacy","1024","2","48000","-16","experiment","5","odd","absent","1876797","1876797","NA","2002930","1312","169234","2052986","2053502","1371","150289","161699","2053502","2054641","1836548","2052971","Fraction component detection task","1432","802076","1451","yes","1280"
"98.6914600551","98.6914600551","552.756887052","552.756887052","#808080","no","legacy","legacy","legacy","0","uniform","1","undefined","undefined","undefined","1","l","6","6","0","1451","0","0","1451","1451","0","0","0","1451","1451","6","1451","Fri Apr 27 13:03:26 2018","#000000","high","4","The main experiment item","yes","","experiment.osexp","/Users/tom/github/sft-fraction/procedure","no","mono","no","24","no","white","no","yes","800","legacy","155","155","6","/Users/tom/github/sft-fraction/results/data/subject-5a.csv","legacy","#757575","low","6","Jazzy James","3.1.9","0","l","NA","space","space","space","l","return","527","NA","148901","11392","7534","527","40169","2","legacy","1024","2","48000","-16","experiment","5","odd","present","1876797","1876797","NA","2002930","1312","169234","2054729","2055246","1371","150289","161699","2055246","2055792","1836548","2054709","Fraction component detection task","1433","802603","1452","yes","1280"
"98.6923606332","98.6923606332","552.794218858","552.794218858","#808080","no","legacy","legacy","legacy","0","uniform","1","undefined","undefined","undefined","1","a","6","6","0","1452","0","0","1452","1452","0","0","0","1452","1452","6","1452","Fri Apr 27 13:03:26 2018","#757575","low","4","The main experiment item","yes","","experiment.osexp","/Users/tom/github/sft-fraction/procedure","no","mono","no","24","no","white","no","yes","800","legacy","156","156","6","/Users/tom/github/sft-fraction/results/data/subject-5a.csv","legacy","#000000","high","3","Jazzy James","3.1.9","0","a","NA","space","space","space","a","return","607","NA","148901","11392","7534","607","40169","2","legacy","1024","2","48000","-16","experiment","5","odd","absent","1876797","1876797","NA","2002930","1312","169234","2055879","2056397","1371","150289","161699","2056397","2057023","1836548","2055859","Fraction component detection task","1434","803210","1453","yes","1280"
"98.6932599725","98.6932599725","552.745529574","552.745529574","#808080","no","legacy","legacy","legacy","0","uniform","1","undefined","undefined","undefined","1","l","6","6","0","1453","0","0","1453","1453","0","0","0","1453","1453","6","1453","Fri Apr 27 13:03:26 2018","#757575","low","7","The main experiment item","yes","","experiment.osexp","/Users/tom/github/sft-fraction/procedure","no","mono","no","24","no","white","no","yes","800","legacy","157","157","6","/Users/tom/github/sft-fraction/results/data/subject-5a.csv","legacy","#757575","low","3","Jazzy James","3.1.9","0","l","NA","space","space","space","l","return","482","NA","148901","11392","7534","482","40169","2","legacy","1024","2","48000","-16","experiment","5","odd","present","1876797","1876797","NA","2002930","1312","169234","2057108","2057626","1371","150289","161699","2057626","2058132","1836548","2057092","Fraction component detection task","1435","803692","1454","yes","1280"
"98.6941580756","98.6941580756","552.639862543","552.639862543","#808080","no","legacy","legacy","legacy","0","uniform","1","undefined","undefined","undefined","1","l","6","6","0","1454","0","0","1454","1454","0","0","0","1454","1454","6","1454","Fri Apr 27 13:03:26 2018","#000000","high","8","The main experiment item","yes","","experiment.osexp","/Users/tom/github/sft-fraction/procedure","no","mono","no","24","no","white","no","yes","800","legacy","158","158","6","/Users/tom/github/sft-fraction/results/data/subject-5a.csv","legacy","#757575","low","2","Jazzy James","3.1.9","0","l","NA","space","space","space","l","return","399","NA","148901","11392","7534","399","40169","2","legacy","1024","2","48000","-16","experiment","5","odd","present","1876797","1876797","NA","2002930","1312","169234","2058216","2058733","1371","150289","161699","2058733","2059152","1836548","2058200","Fraction component detection task","1436","804091","1455","yes","1280"
"98.6950549451","98.6950549451","552.54739011","552.54739011","#808080","no","legacy","legacy","legacy","0","uniform","1","undefined","undefined","undefined","1","a","6","6","0","1455","0","0","1455","1455","0","0","0","1455","1455","6","1455","Fri Apr 27 13:03:26 2018","#757575","low","3","The main experiment item","yes","","experiment.osexp","/Users/tom/github/sft-fraction/procedure","no","mono","no","24","no","white","no","yes","800","legacy","159","159","6","/Users/tom/github/sft-fraction/results/data/subject-5a.csv","legacy","#000000","high","4","Jazzy James","3.1.9","0","a","NA","space","space","space","a","return","418","NA","148901","11392","7534","418","40169","2","legacy","1024","2","48000","-16","experiment","5","odd","absent","1876797","1876797","NA","2002930","1312","169234","2059237","2059754","1371","150289","161699","2059754","2060195","1836548","2059221","Fraction component detection task","1437","804509","1456","yes","1280"
"98.6959505834","98.6959505834","552.448181194","552.448181194","#808080","no","legacy","legacy","legacy","0","uniform","1","undefined","undefined","undefined","1","l","6","6","0","1456","0","0","1456","1456","0","0","0","1456","1456","6","1456","Fri Apr 27 13:03:26 2018","#000000","high","6","The main experiment item","yes","","experiment.osexp","/Users/tom/github/sft-fraction/procedure","no","mono","no","24","no","white","no","yes","800","legacy","160","160","6","/Users/tom/github/sft-fraction/results/data/subject-5a.csv","legacy","#000000","high","7","Jazzy James","3.1.9","0","l","NA","space","space","space","l","return","408","NA","148901","11392","7534","408","40169","2","legacy","1024","2","48000","-16","experiment","5","odd","present","1876797","1876797","NA","2002930","1312","169234","2060277","2060796","1371","150289","161699","2060796","2061223","1836548","2060260","Fraction component detection task","1438","804917","1457","yes","1280"
"98.6968449931","98.6968449931","552.397119342","552.397119342","#808080","no","legacy","legacy","legacy","0","uniform","1","undefined","undefined","undefined","1","a","6","6","0","1457","0","0","1457","1457","0","0","0","1457","1457","6","1457","Fri Apr 27 13:03:26 2018","#000000","high","3","The main experiment item","yes","","experiment.osexp","/Users/tom/github/sft-fraction/procedure","no","mono","no","24","no","white","no","yes","800","legacy","161","161","6","/Users/tom/github/sft-fraction/results/data/subject-5a.csv","legacy","#757575","low","4","Jazzy James","3.1.9","0","a","NA","space","space","space","a","return","478","NA","148901","11392","7534","478","40169","2","legacy","1024","2","48000","-16","experiment","5","odd","absent","1876797","1876797","NA","2002930","1312","169234","2061304","2061822","1371","150289","161699","2061822","2062321","1836548","2061289","Fraction component detection task","1439","805395","1458","yes","1280"
"98.6977381768","98.6977381768","552.374914325","552.374914325","#808080","no","legacy","legacy","legacy","0","uniform","1","undefined","undefined","undefined","1","a","6","6","0","1458","0","0","1458","1458","0","0","0","1458","1458","6","1458","Fri Apr 27 13:03:26 2018","#757575","low","4","The main experiment item","yes","","experiment.osexp","/Users/tom/github/sft-fraction/procedure","no","mono","no","24","no","white","no","yes","800","legacy","162","162","6","/Users/tom/github/sft-fraction/results/data/subject-5a.csv","legacy","#000000","high","4","Jazzy James","3.1.9","0","a","NA","space","space","space","a","return","520","NA","148901","11392","7534","520","40169","2","legacy","1024","2","48000","-16","experiment","5","odd","absent","1876797","1876797","NA","2002930","1312","169234","2062406","2062925","1371","150289","161699","2062925","2063465","1836548","2062385","Fraction component detection task","1440","805915","1459","yes","1280"
"98.698630137","98.698630137","552.292465753","552.292465753","#808080","no","legacy","legacy","legacy","0","uniform","1","undefined","undefined","undefined","1","a","6","6","0","1459","0","0","1459","1459","0","0","0","1459","1459","6","1459","Fri Apr 27 13:03:26 2018","#000000","high","3","The main experiment item","yes","","experiment.osexp","/Users/tom/github/sft-fraction/procedure","no","mono","no","24","no","white","no","yes","800","legacy","163","163","6","/Users/tom/github/sft-fraction/results/data/subject-5a.csv","legacy","#000000","high","2","Jazzy James","3.1.9","0","a","NA","space","space","space","a","return","432","NA","148901","11392","7534","432","40169","2","legacy","1024","2","48000","-16","experiment","5","odd","absent","1876797","1876797","NA","2002930","1312","169234","2063552","2064069","1371","150289","161699","2064069","2064521","1836548","2063536","Fraction component detection task","1441","806347","1460","yes","1280"
"98.6995208761","98.6995208761","552.202600958","552.202600958","#808080","no","legacy","legacy","legacy","0","uniform","1","undefined","undefined","undefined","1","l","6","6","0","1460","0","0","1460","1460","0","0","0","1460","1460","6","1460","Fri Apr 27 13:03:26 2018","#757575","low","8","The main experiment item","yes","","experiment.osexp","/Users/tom/github/sft-fraction/procedure","no","mono","no","24","no","white","no","yes","800","legacy","164","164","6","/Users/tom/github/sft-fraction/results/data/subject-5a.csv","legacy","#000000","high","6","Jazzy James","3.1.9","0","l","NA","space","space","space","l","return","421","NA","148901","11392","7534","421","40169","2","legacy","1024","2","48000","-16","experiment","5","odd","present","1876797","1876797","NA","2002930","1312","169234","2064603","2065120","1371","150289","161699","2065120","2065563","1836548","2064587","Fraction component detection task","1442","806768","1461","yes","1280"
"98.7004103967","98.7004103967","552.145690834","552.145690834","#808080","no","legacy","legacy","legacy","0","uniform","1","undefined","undefined","undefined","1","l","6","6","0","1461","0","0","1461","1461","0","0","0","1461","1461","6","1461","Fri Apr 27 13:03:26 2018","#000000","high","2","The main experiment item","yes","","experiment.osexp","/Users/tom/github/sft-fraction/procedure","no","mono","no","24","no","white","no","yes","800","legacy","165","165","6","/Users/tom/github/sft-fraction/results/data/subject-5a.csv","legacy","#757575","low","6","Jazzy James","3.1.9","0","l","NA","space","space","space","l","return","469","NA","148901","11392","7534","469","40169","2","legacy","1024","2","48000","-16","experiment","5","odd","present","1876797","1876797","NA","2002930","1312","169234","2065658","2066176","1371","150289","161699","2066176","2066667","1836548","2065635","Fraction component detection task","1443","807237","1462","yes","1280"
"98.6329460014","98.6329460014","552.079289132","552.079289132","#808080","no","legacy","legacy","legacy","0","uniform","0","undefined","undefined","undefined","0","l","6","6","0","1462","0","0","1462","1462","0","0","0","1462","1462","6","1462","Fri Apr 27 13:03:26 2018","#000000","high","7","The main experiment item","yes","","experiment.osexp","/Users/tom/github/sft-fraction/procedure","no","mono","no","24","no","white","no","yes","800","legacy","166","166","6","/Users/tom/github/sft-fraction/results/data/subject-5a.csv","legacy","#757575","low","4","Jazzy James","3.1.9","0","a","NA","space","space","space","a","return","455","NA","148901","11392","7534","455","40169","2","legacy","1024","2","48000","-16","experiment","5","odd","present","1876797","1876797","NA","2002930","1312","169234","2066753","2067270","1371","150289","161699","2067270","2067745","1836548","2066734","Fraction component detection task","1443","807692","1463","yes","1280"
"98.6338797814","98.6338797814","552.06352459","552.06352459","#808080","no","legacy","legacy","legacy","0","uniform","1","undefined","undefined","undefined","1","l","6","6","0","1463","0","0","1463","1463","0","0","0","1463","1463","6","1463","Fri Apr 27 13:03:26 2018","#000000","high","7","The main experiment item","yes","","experiment.osexp","/Users/tom/github/sft-fraction/procedure","no","mono","no","24","no","white","no","yes","800","legacy","167","167","6","/Users/tom/github/sft-fraction/results/data/subject-5a.csv","legacy","#757575","low","7","Jazzy James","3.1.9","0","l","NA","space","space","space","l","return","529","NA","148901","11392","7534","529","40169","2","legacy","1024","2","48000","-16","experiment","5","odd","present","1876797","1876797","NA","2067766","1312","169234","2068848","2069365","1371","150289","161699","2069365","2069913","1836548","2068832","Fraction component detection task","1444","808221","1464","yes","1280"
"98.6348122867","98.6348122867","552.053924915","552.053924915","#808080","no","legacy","legacy","legacy","0","uniform","1","undefined","undefined","undefined","1","a","6","6","0","1464","0","0","1464","1464","0","0","0","1464","1464","6","1464","Fri Apr 27 13:03:26 2018","#757575","low","4","The main experiment item","yes","","experiment.osexp","/Users/tom/github/sft-fraction/procedure","no","mono","no","24","no","white","no","yes","800","legacy","168","168","6","/Users/tom/github/sft-fraction/results/data/subject-5a.csv","legacy","#757575","low","3","Jazzy James","3.1.9","0","a","NA","space","space","space","a","return","538","NA","148901","11392","7534","538","40169","2","legacy","1024","2","48000","-16","experiment","5","odd","absent","1876797","1876797","NA","2067766","1312","169234","2070003","2070523","1371","150289","161699","2070523","2071080","1836548","2069983","Fraction component detection task","1445","808759","1465","yes","1280"
"98.6357435198","98.6357435198","552.117326057","552.117326057","#808080","no","legacy","legacy","legacy","0","uniform","1","undefined","undefined","undefined","1","l","6","6","0","1465","0","0","1465","1465","0","0","0","1465","1465","6","1465","Fri Apr 27 13:03:26 2018","#000000","high","6","The main experiment item","yes","","experiment.osexp","/Users/tom/github/sft-fraction/procedure","no","mono","no","24","no","white","no","yes","800","legacy","169","169","6","/Users/tom/github/sft-fraction/results/data/subject-5a.csv","legacy","#757575","low","8","Jazzy James","3.1.9","0","l","NA","space","space","space","l","return","645","NA","148901","11392","7534","645","40169","2","legacy","1024","2","48000","-16","experiment","5","odd","present","1876797","1876797","NA","2067766","1312","169234","2071168","2071689","1371","150289","161699","2071689","2072355","1836548","2071152","Fraction component detection task","1446","809404","1466","yes","1280"
"98.6366734833","98.6366734833","552.062031357","552.062031357","#808080","no","legacy","legacy","legacy","0","uniform","1","undefined","undefined","undefined","1","l","6","6","0","1466","0","0","1466","1466","0","0","0","1466","1466","6","1466","Fri Apr 27 13:03:26 2018","#000000","high","3","The main experiment item","yes","","experiment.osexp","/Users/tom/github/sft-fraction/procedure","no","mono","no","24","no","white","no","yes","800","legacy","170","170","6","/Users/tom/github/sft-fraction/results/data/subject-5a.csv","legacy","#000000","high","6","Jazzy James","3.1.9","0","l","NA","space","space","space","l","return","471","NA","148901","11392","7534","471","40169","2","legacy","1024","2","48000","-16","experiment","5","odd","present","1876797","1876797","NA","2067766","1312","169234","2072435","2072951","1371","150289","161699","2072951","2073441","1836548","2072419","Fraction component detection task","1447","809875","1467","yes","1280"
"98.6376021798","98.6376021798","552.134196185","552.134196185","#808080","no","legacy","legacy","legacy","0","uniform","1","undefined","undefined","undefined","1","l","6","6","0","1467","0","0","1467","1467","0","0","0","1467","1467","6","1467","Fri Apr 27 13:03:26 2018","#757575","low","7","The main experiment item","yes","","experiment.osexp","/Users/tom/github/sft-fraction/procedure","no","mono","no","24","no","white","no","yes","800","legacy","171","171","6","/Users/tom/github/sft-fraction/results/data/subject-5a.csv","legacy","#000000","high","2","Jazzy James","3.1.9","0","l","NA","space","space","space","l","return","658","NA","148901","11392","7534","658","40169","2","legacy","1024","2","48000","-16","experiment","5","odd","present","1876797","1876797","NA","2067766","1312","169234","2073532","2074052","1371","150289","161699","2074052","2074733","1836548","2073512","Fraction component detection task","1448","810533","1468","yes","1280"
"98.638529612","98.638529612","552.099387338","552.099387338","#808080","no","legacy","legacy","legacy","0","uniform","1","undefined","undefined","undefined","1","l","6","6","0","1468","0","0","1468","1468","0","0","0","1468","1468","6","1468","Fri Apr 27 13:03:26 2018","#757575","low","6","The main experiment item","yes","","experiment.osexp","/Users/tom/github/sft-fraction/procedure","no","mono","no","24","no","white","no","yes","800","legacy","172","172","6","/Users/tom/github/sft-fraction/results/data/subject-5a.csv","legacy","#000000","high","7","Jazzy James","3.1.9","0","l","NA","space","space","space","l","return","501","NA","148901","11392","7534","501","40169","2","legacy","1024","2","48000","-16","experiment","5","odd","present","1876797","1876797","NA","2067766","1312","169234","2074820","2075337","1371","150289","161699","2075337","2075861","1836548","2074802","Fraction component detection task","1449","811034","1469","yes","1280"
"98.6394557823","98.6394557823","552.069387755","552.069387755","#808080","no","legacy","legacy","legacy","0","uniform","1","undefined","undefined","undefined","1","a","6","6","0","1469","0","0","1469","1469","0","0","0","1469","1469","6","1469","Fri Apr 27 13:03:26 2018","#000000","high","3","The main experiment item","yes","","experiment.osexp","/Users/tom/github/sft-fraction/procedure","no","mono","no","24","no","white","no","yes","800","legacy","173","173","6","/Users/tom/github/sft-fraction/results/data/subject-5a.csv","legacy","#000000","high","2","Jazzy James","3.1.9","0","a","NA","space","space","space","a","return","508","NA","148901","11392","7534","508","40169","2","legacy","1024","2","48000","-16","experiment","5","odd","absent","1876797","1876797","NA","2067766","1312","169234","2075945","2076465","1371","150289","161699","2076466","2076993","1836548","2075930","Fraction component detection task","1450","811542","1470","yes","1280"
"98.6403806934","98.6403806934","551.986403807","551.986403807","#808080","no","legacy","legacy","legacy","0","uniform","1","undefined","undefined","undefined","1","a","6","6","0","1470","0","0","1470","1470","0","0","0","1470","1470","6","1470","Fri Apr 27 13:03:26 2018","#000000","high","4","The main experiment item","yes","","experiment.osexp","/Users/tom/github/sft-fraction/procedure","no","mono","no","24","no","white","no","yes","800","legacy","174","174","6","/Users/tom/github/sft-fraction/results/data/subject-5a.csv","legacy","#000000","high","2","Jazzy James","3.1.9","0","a","NA","space","space","space","a","return","430","NA","148901","11392","7534","430","40169","2","legacy","1024","2","48000","-16","experiment","5","odd","absent","1876797","1876797","NA","2067766","1312","169234","2077074","2077591","1371","150289","161699","2077591","2078041","1836548","2077058","Fraction component detection task","1451","811972","1471","yes","1280"
"98.6413043478","98.6413043478","551.9375","551.9375","#808080","no","legacy","legacy","legacy","0","uniform","1","undefined","undefined","undefined","1","l","6","6","0","1471","0","0","1471","1471","0","0","0","1471","1471","6","1471","Fri Apr 27 13:03:26 2018","#000000","high","7","The main experiment item","yes","","experiment.osexp","/Users/tom/github/sft-fraction/procedure","no","mono","no","24","no","white","no","yes","800","legacy","175","175","6","/Users/tom/github/sft-fraction/results/data/subject-5a.csv","legacy","#000000","high","8","Jazzy James","3.1.9","0","l","NA","space","space","space","l","return","480","NA","148901","11392","7534","480","40169","2","legacy","1024","2","48000","-16","experiment","5","odd","present","1876797","1876797","NA","2067766","1312","169234","2078128","2078645","1371","150289","161699","2078645","2079145","1836548","2078112","Fraction component detection task","1452","812452","1472","yes","1280"
"98.6422267481","98.6422267481","551.944331297","551.944331297","#808080","no","legacy","legacy","legacy","0","uniform","1","undefined","undefined","undefined","1","a","6","6","0","1472","0","0","1472","1472","0","0","0","1472","1472","6","1472","Fri Apr 27 13:03:26 2018","#757575","low","3","The main experiment item","yes","","experiment.osexp","/Users/tom/github/sft-fraction/procedure","no","mono","no","24","no","white","no","yes","800","legacy","176","176","6","/Users/tom/github/sft-fraction/results/data/subject-5a.csv","legacy","#757575","low","4","Jazzy James","3.1.9","0","a","NA","space","space","space","a","return","562","NA","148901","11392","7534","562","40169","2","legacy","1024","2","48000","-16","experiment","5","odd","absent","1876797","1876797","NA","2067766","1312","169234","2079229","2079747","1371","150289","161699","2079747","2080330","1836548","2079212","Fraction component detection task","1453","813014","1473","yes","1280"
"98.6431478969","98.6431478969","551.94165536","551.94165536","#808080","no","legacy","legacy","legacy","0","uniform","1","undefined","undefined","undefined","1","a","6","6","0","1473","0","0","1473","1473","0","0","0","1473","1473","6","1473","Fri Apr 27 13:03:26 2018","#757575","low","2","The main experiment item","yes","","experiment.osexp","/Users/tom/github/sft-fraction/procedure","no","mono","no","24","no","white","no","yes","800","legacy","177","177","6","/Users/tom/github/sft-fraction/results/data/subject-5a.csv","legacy","#757575","low","4","Jazzy James","3.1.9","0","a","NA","space","space","space","a","return","548","NA","148901","11392","7534","548","40169","2","legacy","1024","2","48000","-16","experiment","5","odd","absent","1876797","1876797","NA","2067766","1312","169234","2080417","2080938","1371","150289","161699","2080938","2081506","1836548","2080397","Fraction component detection task","1454","813562","1474","yes","1280"
"98.6440677966","98.6440677966","551.917288136","551.917288136","#808080","no","legacy","legacy","legacy","0","uniform","1","undefined","undefined","undefined","1","l","6","6","0","1474","0","0","1474","1474","0","0","0","1474","1474","6","1474","Fri Apr 27 13:03:26 2018","#757575","low","6","The main experiment item","yes","","experiment.osexp","/Users/tom/github/sft-fraction/procedure","no","mono","no","24","no","white","no","yes","800","legacy","178","178","6","/Users/tom/github/sft-fraction/results/data/subject-5a.csv","legacy","#000000","high","3","Jazzy James","3.1.9","0","l","NA","space","space","space","l","return","516","NA","148901","11392","7534","516","40169","2","legacy","1024","2","48000","-16","experiment","5","odd","present","1876797","1876797","NA","2067766","1312","169234","2081595","2082114","1371","150289","161699","2082114","2082650","1836548","2081575","Fraction component detection task","1455","814078","1475","yes","1280"
"98.6449864499","98.6449864499","551.865853659","551.865853659","#808080","no","legacy","legacy","legacy","0","uniform","1","undefined","undefined","undefined","1","a","6","6","0","1475","0","0","1475","1475","0","0","0","1475","1475","6","1475","Fri Apr 27 13:03:26 2018","#000000","high","4","The main experiment item","yes","","experiment.osexp","/Users/tom/github/sft-fraction/procedure","no","mono","no","24","no","white","no","yes","800","legacy","179","179","6","/Users/tom/github/sft-fraction/results/data/subject-5a.csv","legacy","#000000","high","2","Jazzy James","3.1.9","0","a","NA","space","space","space","a","return","476","NA","148901","11392","7534","476","40169","2","legacy","1024","2","48000","-16","experiment","5","odd","absent","1876797","1876797","NA","2067766","1312","169234","2082733","2083250","1371","150289","161699","2083250","2083746","1836548","2082717","Fraction component detection task","1456","814554","1476","yes","1280"
"98.6459038592","98.6459038592","551.794854435","551.794854435","#808080","no","legacy","legacy","legacy","0","uniform","1","undefined","undefined","undefined","1","a","6","6","0","1476","0","0","1476","1476","0","0","0","1476","1476","6","1476","Fri Apr 27 13:03:26 2018","#757575","low","2","The main experiment item","yes","","experiment.osexp","/Users/tom/github/sft-fraction/procedure","no","mono","no","24","no","white","no","yes","800","legacy","180","180","6","/Users/tom/github/sft-fraction/results/data/subject-5a.csv","legacy","#000000","high","4","Jazzy James","3.1.9","0","a","NA","space","space","space","a","return","447","NA","148901","11392","7534","447","40169","2","legacy","1024","2","48000","-16","experiment","5","odd","absent","1876797","1876797","NA","2067766","1312","169234","2083830","2084350","1371","150289","161699","2084351","2084818","1836548","2083815","Fraction component detection task","1457","815001","1477","yes","1280"
"98.6468200271","98.6468200271","551.717861976","551.717861976","#808080","no","legacy","legacy","legacy","0","uniform","1","undefined","undefined","undefined","1","a","6","6","0","1477","0","0","1477","1477","0","0","0","1477","1477","6","1477","Fri Apr 27 13:03:26 2018","#000000","high","4","The main experiment item","yes","","experiment.osexp","/Users/tom/github/sft-fraction/procedure","no","mono","no","24","no","white","no","yes","800","legacy","181","181","6","/Users/tom/github/sft-fraction/results/data/subject-5a.csv","legacy","#000000","high","2","Jazzy James","3.1.9","0","a","NA","space","space","space","a","return","438","NA","148901","11392","7534","438","40169","2","legacy","1024","2","48000","-16","experiment","5","odd","absent","1876797","1876797","NA","2067766","1312","169234","2084907","2085423","1371","150289","161699","2085424","2085882","1836548","2084886","Fraction component detection task","1458","815439","1478","yes","1280"
"98.6477349561","98.6477349561","551.677484787","551.677484787","#808080","no","legacy","legacy","legacy","0","uniform","1","undefined","undefined","undefined","1","l","6","6","0","1478","0","0","1478","1478","0","0","0","1478","1478","6","1478","Fri Apr 27 13:03:26 2018","#757575","low","2","The main experiment item","yes","","experiment.osexp","/Users/tom/github/sft-fraction/procedure","no","mono","no","24","no","white","no","yes","800","legacy","182","182","6","/Users/tom/github/sft-fraction/results/data/subject-5a.csv","legacy","#757575","low","7","Jazzy James","3.1.9","0","l","NA","space","space","space","l","return","492","NA","148901","11392","7534","492","40169","2","legacy","1024","2","48000","-16","experiment","5","odd","present","1876797","1876797","NA","2067766","1312","169234","2085969","2086489","1371","150289","161699","2086490","2087001","1836548","2085949","Fraction component detection task","1459","815931","1479","yes","1280"
"98.6486486486","98.6486486486","551.642567568","551.642567568","#808080","no","legacy","legacy","legacy","0","uniform","1","undefined","undefined","undefined","1","l","6","6","0","1479","0","0","1479","1479","0","0","0","1479","1479","6","1479","Fri Apr 27 13:03:26 2018","#000000","high","6","The main experiment item","yes","","experiment.osexp","/Users/tom/github/sft-fraction/procedure","no","mono","no","24","no","white","no","yes","800","legacy","183","183","6","/Users/tom/github/sft-fraction/results/data/subject-5a.csv","legacy","#757575","low","4","Jazzy James","3.1.9","0","l","NA","space","space","space","l","return","500","NA","148901","11392","7534","500","40169","2","legacy","1024","2","48000","-16","experiment","5","odd","present","1876797","1876797","NA","2067766","1312","169234","2087084","2087601","1371","150289","161699","2087601","2088127","1836548","2087068","Fraction component detection task","1460","816431","1480","yes","1280"
"98.6495611074","98.6495611074","551.58541526","551.58541526","#808080","no","legacy","legacy","legacy","0","uniform","1","undefined","undefined","undefined","1","l","6","6","0","1480","0","0","1480","1480","0","0","0","1480","1480","6","1480","Fri Apr 27 13:03:26 2018","#757575","low","8","The main experiment item","yes","","experiment.osexp","/Users/tom/github/sft-fraction/procedure","no","mono","no","24","no","white","no","yes","800","legacy","184","184","6","/Users/tom/github/sft-fraction/results/data/subject-5a.csv","legacy","#000000","high","8","Jazzy James","3.1.9","0","l","NA","space","space","space","l","return","467","NA","148901","11392","7534","467","40169","2","legacy","1024","2","48000","-16","experiment","5","odd","present","1876797","1876797","NA","2067766","1312","169234","2088218","2088739","1371","150289","161699","2088739","2089227","1836548","2088202","Fraction component detection task","1461","816898","1481","yes","1280"
"98.6504723347","98.6504723347","551.489878543","551.489878543","#808080","no","legacy","legacy","legacy","0","uniform","1","undefined","undefined","undefined","1","l","6","6","0","1481","0","0","1481","1481","0","0","0","1481","1481","6","1481","Fri Apr 27 13:03:26 2018","#000000","high","3","The main experiment item","yes","","experiment.osexp","/Users/tom/github/sft-fraction/procedure","no","mono","no","24","no","white","no","yes","800","legacy","185","185","6","/Users/tom/github/sft-fraction/results/data/subject-5a.csv","legacy","#000000","high","8","Jazzy James","3.1.9","0","l","NA","space","space","space","l","return","410","NA","148901","11392","7534","410","40169","2","legacy","1024","2","48000","-16","experiment","5","odd","present","1876797","1876797","NA","2067766","1312","169234","2089318","2089836","1371","150289","161699","2089836","2090272","1836548","2089296","Fraction component detection task","1462","817308","1482","yes","1280"
"98.6513823331","98.6513823331","551.506405934","551.506405934","#808080","no","legacy","legacy","legacy","0","uniform","1","undefined","undefined","undefined","1","a","6","6","0","1482","0","0","1482","1482","0","0","0","1482","1482","6","1482","Fri Apr 27 13:03:26 2018","#000000","high","2","The main experiment item","yes","","experiment.osexp","/Users/tom/github/sft-fraction/procedure","no","mono","no","24","no","white","no","yes","800","legacy","186","186","6","/Users/tom/github/sft-fraction/results/data/subject-5a.csv","legacy","#000000","high","4","Jazzy James","3.1.9","0","a","NA","space","space","space","a","return","576","NA","148901","11392","7534","576","40169","2","legacy","1024","2","48000","-16","experiment","5","odd","absent","1876797","1876797","NA","2067766","1312","169234","2090362","2090879","1371","150289","161699","2090879","2091482","1836548","2090346","Fraction component detection task","1463","817884","1483","yes","1280"
"98.6522911051","98.6522911051","551.419137466","551.419137466","#808080","no","legacy","legacy","legacy","0","uniform","1","undefined","undefined","undefined","1","a","6","6","0","1483","0","0","1483","1483","0","0","0","1483","1483","6","1483","Fri Apr 27 13:03:26 2018","#000000","high","2","The main experiment item","yes","","experiment.osexp","/Users/tom/github/sft-fraction/procedure","no","mono","no","24","no","white","no","yes","800","legacy","187","187","6","/Users/tom/github/sft-fraction/results/data/subject-5a.csv","legacy","#000000","high","4","Jazzy James","3.1.9","0","a","NA","space","space","space","a","return","422","NA","148901","11392","7534","422","40169","2","legacy","1024","2","48000","-16","experiment","5","odd","absent","1876797","1876797","NA","2067766","1312","169234","2091563","2092081","1371","150289","161699","2092081","2092523","1836548","2091547","Fraction component detection task","1464","818306","1484","yes","1280"
"98.6531986532","98.6531986532","551.382491582","551.382491582","#808080","no","legacy","legacy","legacy","0","uniform","1","undefined","undefined","undefined","1","l","6","6","0","1484","0","0","1484","1484","0","0","0","1484","1484","6","1484","Fri Apr 27 13:03:26 2018","#000000","high","6","The main experiment item","yes","","experiment.osexp","/Users/tom/github/sft-fraction/procedure","no","mono","no","24","no","white","no","yes","800","legacy","188","188","6","/Users/tom/github/sft-fraction/results/data/subject-5a.csv","legacy","#000000","high","3","Jazzy James","3.1.9","0","l","NA","space","space","space","l","return","497","NA","148901","11392","7534","497","40169","2","legacy","1024","2","48000","-16","experiment","5","odd","present","1876797","1876797","NA","2067766","1312","169234","2092609","2093125","1371","150289","161699","2093126","2093642","1836548","2092592","Fraction component detection task","1465","818803","1485","yes","1280"
"98.6541049798","98.6541049798","551.481830417","551.481830417","#808080","no","legacy","legacy","legacy","0","uniform","1","undefined","undefined","undefined","1","a","6","6","0","1485","0","0","1485","1485","0","0","0","1485","1485","6","1485","Fri Apr 27 13:03:26 2018","#000000","high","4","The main experiment item","yes","","experiment.osexp","/Users/tom/github/sft-fraction/procedure","no","mono","no","24","no","white","no","yes","800","legacy","189","189","6","/Users/tom/github/sft-fraction/results/data/subject-5a.csv","legacy","#757575","low","4","Jazzy James","3.1.9","0","a","NA","space","space","space","a","return","699","NA","148901","11392","7534","699","40169","2","legacy","1024","2","48000","-16","experiment","5","odd","absent","1876797","1876797","NA","2067766","1312","169234","2093735","2094252","1371","150289","161699","2094252","2094971","1836548","2093713","Fraction component detection task","1466","819502","1486","yes","1280"
"98.6550100874","98.6550100874","551.410221923","551.410221923","#808080","no","legacy","legacy","legacy","0","uniform","1","undefined","undefined","undefined","1","l","6","6","0","1486","0","0","1486","1486","0","0","0","1486","1486","6","1486","Fri Apr 27 13:03:26 2018","#000000","high","8","The main experiment item","yes","","experiment.osexp","/Users/tom/github/sft-fraction/procedure","no","mono","no","24","no","white","no","yes","800","legacy","190","190","6","/Users/tom/github/sft-fraction/results/data/subject-5a.csv","legacy","#757575","low","3","Jazzy James","3.1.9","0","l","NA","space","space","space","l","return","445","NA","148901","11392","7534","445","40169","2","legacy","1024","2","48000","-16","experiment","5","odd","present","1876797","1876797","NA","2067766","1312","169234","2095052","2095569","1371","150289","161699","2095569","2096037","1836548","2095036","Fraction component detection task","1467","819947","1487","yes","1280"
"98.6559139785","98.6559139785","551.371639785","551.371639785","#808080","no","legacy","legacy","legacy","0","uniform","1","undefined","undefined","undefined","1","a","6","6","0","1487","0","0","1487","1487","0","0","0","1487","1487","6","1487","Fri Apr 27 13:03:26 2018","#000000","high","2","The main experiment item","yes","","experiment.osexp","/Users/tom/github/sft-fraction/procedure","no","mono","no","24","no","white","no","yes","800","legacy","191","191","6","/Users/tom/github/sft-fraction/results/data/subject-5a.csv","legacy","#757575","low","4","Jazzy James","3.1.9","0","a","NA","space","space","space","a","return","494","NA","148901","11392","7534","494","40169","2","legacy","1024","2","48000","-16","experiment","5","odd","absent","1876797","1876797","NA","2067766","1312","169234","2096122","2096640","1371","150289","161699","2096640","2097154","1836548","2096102","Fraction component detection task","1468","820441","1488","yes","1280"
"98.6568166555","98.6568166555","551.304231028","551.304231028","#808080","no","legacy","legacy","legacy","0","uniform","1","undefined","undefined","undefined","1","a","6","6","0","1488","0","0","1488","1488","0","0","0","1488","1488","6","1488","Fri Apr 27 13:03:26 2018","#757575","low","4","The main experiment item","yes","","experiment.osexp","/Users/tom/github/sft-fraction/procedure","no","mono","no","24","no","white","no","yes","800","legacy","192","192","6","/Users/tom/github/sft-fraction/results/data/subject-5a.csv","legacy","#000000","high","3","Jazzy James","3.1.9","0","a","NA","space","space","space","a","return","451","NA","148901","11392","7534","451","40169","2","legacy","1024","2","48000","-16","experiment","5","odd","absent","1876797","1876797","NA","2067766","1312","169234","2097236","2097755","1371","150289","161699","2097755","2098226","1836548","2097220","Fraction component detection task","1469","820892","1489","yes","1280"
"98.6577181208","98.6577181208","551.359060403","551.359060403","#808080","no","legacy","legacy","legacy","0","uniform","1","undefined","undefined","undefined","1","a","6","6","0","1489","0","0","1489","1489","0","0","0","1489","1489","6","1489","Fri Apr 27 13:03:26 2018","#000000","high","4","The main experiment item","yes","","experiment.osexp","/Users/tom/github/sft-fraction/procedure","no","mono","no","24","no","white","no","yes","800","legacy","193","193","6","/Users/tom/github/sft-fraction/results/data/subject-5a.csv","legacy","#757575","low","3","Jazzy James","3.1.9","0","a","NA","space","space","space","a","return","633","NA","148901","11392","7534","633","40169","2","legacy","1024","2","48000","-16","experiment","5","odd","absent","1876797","1876797","NA","2067766","1312","169234","2098321","2098838","1371","150289","161699","2098838","2099491","1836548","2098299","Fraction component detection task","1470","821525","1490","yes","1280"
"98.6586183769","98.6586183769","551.364185111","551.364185111","#808080","no","legacy","legacy","legacy","0","uniform","1","undefined","undefined","undefined","1","a","6","6","0","1490","0","0","1490","1490","0","0","0","1490","1490","6","1490","Fri Apr 27 13:03:26 2018","#000000","high","3","The main experiment item","yes","","experiment.osexp","/Users/tom/github/sft-fraction/procedure","no","mono","no","24","no","white","no","yes","800","legacy","194","194","6","/Users/tom/github/sft-fraction/results/data/subject-5a.csv","legacy","#757575","low","2","Jazzy James","3.1.9","0","a","NA","space","space","space","a","return","559","NA","148901","11392","7534","559","40169","2","legacy","1024","2","48000","-16","experiment","5","odd","absent","1876797","1876797","NA","2067766","1312","169234","2099572","2100088","1371","150289","161699","2100088","2100668","1836548","2099556","Fraction component detection task","1471","822084","1491","yes","1280"
"98.6595174263","98.6595174263","551.355898123","551.355898123","#808080","no","legacy","legacy","legacy","0","uniform","1","undefined","undefined","undefined","1","a","6","6","0","1491","0","0","1491","1491","0","0","0","1491","1491","6","1491","Fri Apr 27 13:03:26 2018","#000000","high","2","The main experiment item","yes","","experiment.osexp","/Users/tom/github/sft-fraction/procedure","no","mono","no","24","no","white","no","yes","800","legacy","195","195","6","/Users/tom/github/sft-fraction/results/data/subject-5a.csv","legacy","#757575","low","4","Jazzy James","3.1.9","0","a","NA","space","space","space","a","return","539","NA","148901","11392","7534","539","40169","2","legacy","1024","2","48000","-16","experiment","5","odd","absent","1876797","1876797","NA","2067766","1312","169234","2100760","2101275","1371","150289","161699","2101276","2101835","1836548","2100737","Fraction component detection task","1472","822623","1492","yes","1280"
"98.6604152713","98.6604152713","551.279303416","551.279303416","#808080","no","legacy","legacy","legacy","0","uniform","1","undefined","undefined","undefined","1","l","6","6","0","1492","0","0","1492","1492","0","0","0","1492","1492","6","1492","Fri Apr 27 13:03:26 2018","#000000","high","6","The main experiment item","yes","","experiment.osexp","/Users/tom/github/sft-fraction/procedure","no","mono","no","24","no","white","no","yes","800","legacy","196","196","6","/Users/tom/github/sft-fraction/results/data/subject-5a.csv","legacy","#000000","high","8","Jazzy James","3.1.9","0","l","NA","space","space","space","l","return","437","NA","148901","11392","7534","437","40169","2","legacy","1024","2","48000","-16","experiment","5","odd","present","1876797","1876797","NA","2067766","1312","169234","2101916","2102434","1371","150289","161699","2102434","2102891","1836548","2101901","Fraction component detection task","1473","823060","1493","yes","1280"
"98.6613119143","98.6613119143","551.248995984","551.248995984","#808080","no","legacy","legacy","legacy","0","uniform","1","undefined","undefined","undefined","1","a","6","6","0","1493","0","0","1493","1493","0","0","0","1493","1493","6","1493","Fri Apr 27 13:03:26 2018","#757575","low","4","The main experiment item","yes","","experiment.osexp","/Users/tom/github/sft-fraction/procedure","no","mono","no","24","no","white","no","yes","800","legacy","197","197","6","/Users/tom/github/sft-fraction/results/data/subject-5a.csv","legacy","#000000","high","4","Jazzy James","3.1.9","0","a","NA","space","space","space","a","return","506","NA","148901","11392","7534","506","40169","2","legacy","1024","2","48000","-16","experiment","5","odd","absent","1876797","1876797","NA","2067766","1312","169234","2102977","2103493","1371","150289","161699","2103493","2104022","1836548","2102958","Fraction component detection task","1474","823566","1494","yes","1280"
"98.6622073579","98.6622073579","551.206020067","551.206020067","#808080","no","legacy","legacy","legacy","0","uniform","1","undefined","undefined","undefined","1","a","6","6","0","1494","0","0","1494","1494","0","0","0","1494","1494","6","1494","Fri Apr 27 13:03:26 2018","#757575","low","4","The main experiment item","yes","","experiment.osexp","/Users/tom/github/sft-fraction/procedure","no","mono","no","24","no","white","no","yes","800","legacy","198","198","6","/Users/tom/github/sft-fraction/results/data/subject-5a.csv","legacy","#757575","low","4","Jazzy James","3.1.9","0","a","NA","space","space","space","a","return","487","NA","148901","11392","7534","487","40169","2","legacy","1024","2","48000","-16","experiment","5","odd","absent","1876797","1876797","NA","2067766","1312","169234","2104110","2104631","1371","150289","161699","2104631","2105138","1836548","2104094","Fraction component detection task","1475","824053","1495","yes","1280"
"98.6631016043","98.6631016043","551.147058824","551.147058824","#808080","no","legacy","legacy","legacy","0","uniform","1","undefined","undefined","undefined","1","l","6","6","0","1495","0","0","1495","1495","0","0","0","1495","1495","6","1495","Fri Apr 27 13:03:26 2018","#000000","high","7","The main experiment item","yes","","experiment.osexp","/Users/tom/github/sft-fraction/procedure","no","mono","no","24","no","white","no","yes","800","legacy","199","199","6","/Users/tom/github/sft-fraction/results/data/subject-5a.csv","legacy","#757575","low","3","Jazzy James","3.1.9","0","l","NA","space","space","space","l","return","463","NA","148901","11392","7534","463","40169","2","legacy","1024","2","48000","-16","experiment","5","odd","present","1876797","1876797","NA","2067766","1312","169234","2105223","2105743","1371","150289","161699","2105743","2106226","1836548","2105204","Fraction component detection task","1476","824516","1496","yes","1280"
"98.663994656","98.663994656","551.119572478","551.119572478","#808080","no","legacy","legacy","legacy","0","uniform","1","undefined","undefined","undefined","1","a","6","6","0","1496","0","0","1496","1496","0","0","0","1496","1496","6","1496","Fri Apr 27 13:03:26 2018","#757575","low","4","The main experiment item","yes","","experiment.osexp","/Users/tom/github/sft-fraction/procedure","no","mono","no","24","no","white","no","yes","800","legacy","200","200","6","/Users/tom/github/sft-fraction/results/data/subject-5a.csv","legacy","#757575","low","4","Jazzy James","3.1.9","0","a","NA","space","space","space","a","return","510","NA","148901","11392","7534","510","40169","2","legacy","1024","2","48000","-16","experiment","5","odd","absent","1876797","1876797","NA","2067766","1312","169234","2106310","2106832","1371","150289","161699","2106833","2107363","1836548","2106295","Fraction component detection task","1477","825026","1497","yes","1280"
"98.6648865154","98.6648865154","551.063417891","551.063417891","#808080","no","legacy","legacy","legacy","0","uniform","1","undefined","undefined","undefined","1","a","6","6","0","1497","0","0","1497","1497","0","0","0","1497","1497","6","1497","Fri Apr 27 13:03:26 2018","#000000","high","2","The main experiment item","yes","","experiment.osexp","/Users/tom/github/sft-fraction/procedure","no","mono","no","24","no","white","no","yes","800","legacy","201","201","6","/Users/tom/github/sft-fraction/results/data/subject-5a.csv","legacy","#000000","high","2","Jazzy James","3.1.9","0","a","NA","space","space","space","a","return","467","NA","148901","11392","7534","467","40169","2","legacy","1024","2","48000","-16","experiment","5","odd","absent","1876797","1876797","NA","2067766","1312","169234","2107456","2107973","1371","150289","161699","2107973","2108462","1836548","2107435","Fraction component detection task","1478","825493","1498","yes","1280"
"98.6657771848","98.6657771848","551.048699133","551.048699133","#808080","no","legacy","legacy","legacy","0","uniform","1","undefined","undefined","undefined","1","l","6","6","0","1498","0","0","1498","1498","0","0","0","1498","1498","6","1498","Fri Apr 27 13:03:26 2018","#757575","low","7","The main experiment item","yes","","experiment.osexp","/Users/tom/github/sft-fraction/procedure","no","mono","no","24","no","white","no","yes","800","legacy","202","202","6","/Users/tom/github/sft-fraction/results/data/subject-5a.csv","legacy","#757575","low","7","Jazzy James","3.1.9","0","l","NA","space","space","space","l","return","529","NA","148901","11392","7534","529","40169","2","legacy","1024","2","48000","-16","experiment","5","odd","present","1876797","1876797","NA","2067766","1312","169234","2108554","2109070","1371","150289","161699","2109071","2109620","1836548","2108533","Fraction component detection task","1479","826022","1499","yes","1280"
"98.6666666667","98.6666666667","551.048","551.048","#808080","no","legacy","legacy","legacy","0","uniform","1","undefined","undefined","undefined","1","l","6","6","0","1499","0","0","1499","1499","0","0","0","1499","1499","6","1499","Fri Apr 27 13:03:26 2018","#757575","low","8","The main experiment item","yes","","experiment.osexp","/Users/tom/github/sft-fraction/procedure","no","mono","no","24","no","white","no","yes","800","legacy","203","203","6","/Users/tom/github/sft-fraction/results/data/subject-5a.csv","legacy","#757575","low","2","Jazzy James","3.1.9","0","l","NA","space","space","space","l","return","550","NA","148901","11392","7534","550","40169","2","legacy","1024","2","48000","-16","experiment","5","odd","present","1876797","1876797","NA","2067766","1312","169234","2109702","2110226","1371","150289","161699","2110226","2110800","1836548","2109687","Fraction component detection task","1480","826572","1500","yes","1280"
"98.6675549634","98.6675549634","551.016655563","551.016655563","#808080","no","legacy","legacy","legacy","0","uniform","1","undefined","undefined","undefined","1","l","6","6","0","1500","0","0","1500","1500","0","0","0","1500","1500","6","1500","Fri Apr 27 13:03:26 2018","#757575","low","2","The main experiment item","yes","","experiment.osexp","/Users/tom/github/sft-fraction/procedure","no","mono","no","24","no","white","no","yes","800","legacy","204","204","6","/Users/tom/github/sft-fraction/results/data/subject-5a.csv","legacy","#757575","low","8","Jazzy James","3.1.9","0","l","NA","space","space","space","l","return","504","NA","148901","11392","7534","504","40169","2","legacy","1024","2","48000","-16","experiment","5","odd","present","1876797","1876797","NA","2067766","1312","169234","2110883","2111400","1371","150289","161699","2111400","2111924","1836548","2110866","Fraction component detection task","1481","827076","1501","yes","1280"
"98.6684420772","98.6684420772","550.933422104","550.933422104","#808080","no","legacy","legacy","legacy","0","uniform","1","undefined","undefined","undefined","1","l","6","6","0","1501","0","0","1501","1501","0","0","0","1501","1501","6","1501","Fri Apr 27 13:03:26 2018","#000000","high","4","The main experiment item","yes","","experiment.osexp","/Users/tom/github/sft-fraction/procedure","no","mono","no","24","no","white","no","yes","800","legacy","205","205","6","/Users/tom/github/sft-fraction/results/data/subject-5a.csv","legacy","#000000","high","8","Jazzy James","3.1.9","0","l","NA","space","space","space","l","return","426","NA","148901","11392","7534","426","40169","2","legacy","1024","2","48000","-16","experiment","5","odd","present","1876797","1876797","NA","2067766","1312","169234","2112009","2112526","1371","150289","161699","2112526","2112972","1836548","2111993","Fraction component detection task","1482","827502","1502","yes","1280"
"98.6693280106","98.6693280106","550.902195609","550.902195609","#808080","no","legacy","legacy","legacy","0","uniform","1","undefined","undefined","undefined","1","l","6","6","0","1502","0","0","1502","1502","0","0","0","1502","1502","6","1502","Fri Apr 27 13:03:26 2018","#757575","low","8","The main experiment item","yes","","experiment.osexp","/Users/tom/github/sft-fraction/procedure","no","mono","no","24","no","white","no","yes","800","legacy","206","206","6","/Users/tom/github/sft-fraction/results/data/subject-5a.csv","legacy","#757575","low","6","Jazzy James","3.1.9","0","l","NA","space","space","space","l","return","504","NA","148901","11392","7534","504","40169","2","legacy","1024","2","48000","-16","experiment","5","odd","present","1876797","1876797","NA","2067766","1312","169234","2113055","2113575","1371","150289","161699","2113575","2114099","1836548","2113036","Fraction component detection task","1483","828006","1503","yes","1280"
"98.670212766","98.670212766","550.809840426","550.809840426","#808080","no","legacy","legacy","legacy","0","uniform","1","undefined","undefined","undefined","1","a","6","6","0","1503","0","0","1503","1503","0","0","0","1503","1503","6","1503","Fri Apr 27 13:03:26 2018","#757575","low","3","The main experiment item","yes","","experiment.osexp","/Users/tom/github/sft-fraction/procedure","no","mono","no","24","no","white","no","yes","800","legacy","207","207","6","/Users/tom/github/sft-fraction/results/data/subject-5a.csv","legacy","#000000","high","2","Jazzy James","3.1.9","0","a","NA","space","space","space","a","return","412","NA","148901","11392","7534","412","40169","2","legacy","1024","2","48000","-16","experiment","5","odd","absent","1876797","1876797","NA","2067766","1312","169234","2114189","2114706","1371","150289","161699","2114707","2115139","1836548","2114168","Fraction component detection task","1484","828418","1504","yes","1280"
"98.6710963455","98.6710963455","550.734883721","550.734883721","#808080","no","legacy","legacy","legacy","0","uniform","1","undefined","undefined","undefined","1","a","6","6","0","1504","0","0","1504","1504","0","0","0","1504","1504","6","1504","Fri Apr 27 13:03:26 2018","#000000","high","4","The main experiment item","yes","","experiment.osexp","/Users/tom/github/sft-fraction/procedure","no","mono","no","24","no","white","no","yes","800","legacy","208","208","6","/Users/tom/github/sft-fraction/results/data/subject-5a.csv","legacy","#000000","high","3","Jazzy James","3.1.9","0","a","NA","space","space","space","a","return","438","NA","148901","11392","7534","438","40169","2","legacy","1024","2","48000","-16","experiment","5","odd","absent","1876797","1876797","NA","2067766","1312","169234","2115220","2115737","1371","150289","161699","2115737","2116195","1836548","2115204","Fraction component detection task","1485","828856","1505","yes","1280"
"98.6719787517","98.6719787517","550.719787517","550.719787517","#808080","no","legacy","legacy","legacy","0","uniform","1","undefined","undefined","undefined","1","l","6","6","0","1505","0","0","1505","1505","0","0","0","1505","1505","6","1505","Fri Apr 27 13:03:26 2018","#000000","high","3","The main experiment item","yes","","experiment.osexp","/Users/tom/github/sft-fraction/procedure","no","mono","no","24","no","white","no","yes","800","legacy","209","209","6","/Users/tom/github/sft-fraction/results/data/subject-5a.csv","legacy","#757575","low","6","Jazzy James","3.1.9","0","l","NA","space","space","space","l","return","528","NA","148901","11392","7534","528","40169","2","legacy","1024","2","48000","-16","experiment","5","odd","present","1876797","1876797","NA","2067766","1312","169234","2116283","2116800","1371","150289","161699","2116800","2117348","1836548","2116265","Fraction component detection task","1486","829384","1506","yes","1280"
"98.6728599867","98.6728599867","550.642999336","550.642999336","#808080","no","legacy","legacy","legacy","0","uniform","1","undefined","undefined","undefined","1","a","6","6","0","1506","0","0","1506","1506","0","0","0","1506","1506","6","1506","Fri Apr 27 13:03:26 2018","#757575","low","4","The main experiment item","yes","","experiment.osexp","/Users/tom/github/sft-fraction/procedure","no","mono","no","24","no","white","no","yes","800","legacy","210","210","6","/Users/tom/github/sft-fraction/results/data/subject-5a.csv","legacy","#000000","high","4","Jazzy James","3.1.9","0","a","NA","space","space","space","a","return","435","NA","148901","11392","7534","435","40169","2","legacy","1024","2","48000","-16","experiment","5","odd","absent","1876797","1876797","NA","2067766","1312","169234","2117437","2117956","1371","150289","161699","2117957","2118415","1836548","2117417","Fraction component detection task","1487","829819","1507","yes","1280"
"98.6737400531","98.6737400531","550.587533156","550.587533156","#808080","no","legacy","legacy","legacy","0","uniform","1","undefined","undefined","undefined","1","a","6","6","0","1507","0","0","1507","1507","0","0","0","1507","1507","6","1507","Fri Apr 27 13:03:26 2018","#757575","low","4","The main experiment item","yes","","experiment.osexp","/Users/tom/github/sft-fraction/procedure","no","mono","no","24","no","white","no","yes","800","legacy","211","211","6","/Users/tom/github/sft-fraction/results/data/subject-5a.csv","legacy","#000000","high","3","Jazzy James","3.1.9","0","a","NA","space","space","space","a","return","467","NA","148901","11392","7534","467","40169","2","legacy","1024","2","48000","-16","experiment","5","odd","absent","1876797","1876797","NA","2067766","1312","169234","2118502","2119021","1371","150289","161699","2119021","2119509","1836548","2118486","Fraction component detection task","1488","830286","1508","yes","1280"
"98.6746189529","98.6746189529","550.572564612","550.572564612","#808080","no","legacy","legacy","legacy","0","uniform","1","undefined","undefined","undefined","1","l","6","6","0","1508","0","0","1508","1508","0","0","0","1508","1508","6","1508","Fri Apr 27 13:03:26 2018","#000000","high","2","The main experiment item","yes","","experiment.osexp","/Users/tom/github/sft-fraction/procedure","no","mono","no","24","no","white","no","yes","800","legacy","212","212","6","/Users/tom/github/sft-fraction/results/data/subject-5a.csv","legacy","#757575","low","7","Jazzy James","3.1.9","0","l","NA","space","space","space","l","return","528","NA","148901","11392","7534","528","40169","2","legacy","1024","2","48000","-16","experiment","5","odd","present","1876797","1876797","NA","2067766","1312","169234","2119596","2120112","1371","150289","161699","2120112","2120660","1836548","2119576","Fraction component detection task","1489","830814","1509","yes","1280"
"98.6754966887","98.6754966887","550.490728477","550.490728477","#808080","no","legacy","legacy","legacy","0","uniform","1","undefined","undefined","undefined","1","a","6","6","0","1509","0","0","1509","1509","0","0","0","1509","1509","6","1509","Fri Apr 27 13:03:26 2018","#757575","low","2","The main experiment item","yes","","experiment.osexp","/Users/tom/github/sft-fraction/procedure","no","mono","no","24","no","white","no","yes","800","legacy","213","213","6","/Users/tom/github/sft-fraction/results/data/subject-5a.csv","legacy","#757575","low","3","Jazzy James","3.1.9","0","a","NA","space","space","space","a","return","427","NA","148901","11392","7534","427","40169","2","legacy","1024","2","48000","-16","experiment","5","odd","absent","1876797","1876797","NA","2067766","1312","169234","2120744","2121261","1371","150289","161699","2121261","2121708","1836548","2120728","Fraction component detection task","1490","831241","1510","yes","1280"
"98.6763732627","98.6763732627","550.450694904","550.450694904","#808080","no","legacy","legacy","legacy","0","uniform","1","undefined","undefined","undefined","1","a","6","6","0","1510","0","0","1510","1510","0","0","0","1510","1510","6","1510","Fri Apr 27 13:03:26 2018","#000000","high","2","The main experiment item","yes","","experiment.osexp","/Users/tom/github/sft-fraction/procedure","no","mono","no","24","no","white","no","yes","800","legacy","214","214","6","/Users/tom/github/sft-fraction/results/data/subject-5a.csv","legacy","#000000","high","3","Jazzy James","3.1.9","0","a","NA","space","space","space","a","return","490","NA","148901","11392","7534","490","40169","2","legacy","1024","2","48000","-16","experiment","5","odd","absent","1876797","1876797","NA","2067766","1312","169234","2121792","2122310","1371","150289","161699","2122310","2122827","1836548","2121776","Fraction component detection task","1491","831731","1511","yes","1280"
"98.6772486772","98.6772486772","550.472883598","550.472883598","#808080","no","legacy","legacy","legacy","0","uniform","1","undefined","undefined","undefined","1","l","6","6","0","1511","0","0","1511","1511","0","0","0","1511","1511","6","1511","Fri Apr 27 13:03:26 2018","#757575","low","6","The main experiment item","yes","","experiment.osexp","/Users/tom/github/sft-fraction/procedure","no","mono","no","24","no","white","no","yes","800","legacy","215","215","6","/Users/tom/github/sft-fraction/results/data/subject-5a.csv","legacy","#757575","low","7","Jazzy James","3.1.9","0","l","NA","space","space","space","l","return","584","NA","148901","11392","7534","584","40169","2","legacy","1024","2","48000","-16","experiment","5","odd","present","1876797","1876797","NA","2067766","1312","169234","2122911","2123431","1371","150289","161699","2123431","2124040","1836548","2122892","Fraction component detection task","1492","832315","1512","yes","1280"
"98.6781229346","98.6781229346","550.489755453","550.489755453","#808080","no","legacy","legacy","legacy","0","uniform","1","undefined","undefined","undefined","1","a","7","7","0","1512","0","0","1512","1512","0","0","0","1512","1512","7","1512","Fri Apr 27 13:03:26 2018","#000000","high","2","The main experiment item","yes","","experiment.osexp","/Users/tom/github/sft-fraction/procedure","no","mono","no","24","no","white","no","yes","800","legacy","0","0","7","/Users/tom/github/sft-fraction/results/data/subject-5a.csv","legacy","#757575","low","2","Jazzy James","3.1.9","0","a","NA","space","space","space","a","return","576","NA","148901","11392","7534","576","26497","2","legacy","1024","2","48000","-16","experiment","5","odd","absent","2150680","2150680","NA","2067766","1312","169234","2150726","2151242","1371","150289","161699","2151242","2151842","2124105","2150704","Fraction component detection task","1493","832891","1513","yes","1280"
"98.678996037","98.678996037","550.412153236","550.412153236","#808080","no","legacy","legacy","legacy","0","uniform","1","undefined","undefined","undefined","1","a","7","7","0","1513","0","0","1513","1513","0","0","0","1513","1513","7","1513","Fri Apr 27 13:03:26 2018","#757575","low","4","The main experiment item","yes","","experiment.osexp","/Users/tom/github/sft-fraction/procedure","no","mono","no","24","no","white","no","yes","800","legacy","1","1","7","/Users/tom/github/sft-fraction/results/data/subject-5a.csv","legacy","#000000","high","2","Jazzy James","3.1.9","0","a","NA","space","space","space","a","return","433","NA","148901","11392","7534","433","26497","2","legacy","1024","2","48000","-16","experiment","5","odd","absent","2150680","2150680","NA","2067766","1312","169234","2151926","2152448","1371","150289","161699","2152449","2152901","2124105","2151910","Fraction component detection task","1494","833324","1514","yes","1280"
"98.6798679868","98.6798679868","550.369636964","550.369636964","#808080","no","legacy","legacy","legacy","0","uniform","1","undefined","undefined","undefined","1","a","7","7","0","1514","0","0","1514","1514","0","0","0","1514","1514","7","1514","Fri Apr 27 13:03:26 2018","#757575","low","2","The main experiment item","yes","","experiment.osexp","/Users/tom/github/sft-fraction/procedure","no","mono","no","24","no","white","no","yes","800","legacy","2","2","7","/Users/tom/github/sft-fraction/results/data/subject-5a.csv","legacy","#757575","low","2","Jazzy James","3.1.9","0","a","NA","space","space","space","a","return","486","NA","148901","11392","7534","486","26497","2","legacy","1024","2","48000","-16","experiment","5","odd","absent","2150680","2150680","NA","2067766","1312","169234","2152991","2153508","1371","150289","161699","2153508","2154017","2124105","2152975","Fraction component detection task","1495","833810","1515","yes","1280"
"98.6807387863","98.6807387863","550.308047493","550.308047493","#808080","no","legacy","legacy","legacy","0","uniform","1","undefined","undefined","undefined","1","l","7","7","0","1515","0","0","1515","1515","0","0","0","1515","1515","7","1515","Fri Apr 27 13:03:26 2018","#000000","high","7","The main experiment item","yes","","experiment.osexp","/Users/tom/github/sft-fraction/procedure","no","mono","no","24","no","white","no","yes","800","legacy","3","3","7","/Users/tom/github/sft-fraction/results/data/subject-5a.csv","legacy","#757575","low","8","Jazzy James","3.1.9","0","l","NA","space","space","space","l","return","457","NA","148901","11392","7534","457","26497","2","legacy","1024","2","48000","-16","experiment","5","odd","present","2150680","2150680","NA","2067766","1312","169234","2154106","2154624","1371","150289","161699","2154624","2155101","2124105","2154086","Fraction component detection task","1496","834267","1516","yes","1280"
"98.6816084377","98.6816084377","550.302570864","550.302570864","#808080","no","legacy","legacy","legacy","0","uniform","1","undefined","undefined","undefined","1","a","7","7","0","1516","0","0","1516","1516","0","0","0","1516","1516","7","1516","Fri Apr 27 13:03:26 2018","#757575","low","3","The main experiment item","yes","","experiment.osexp","/Users/tom/github/sft-fraction/procedure","no","mono","no","24","no","white","no","yes","800","legacy","4","4","7","/Users/tom/github/sft-fraction/results/data/subject-5a.csv","legacy","#757575","low","2","Jazzy James","3.1.9","0","a","NA","space","space","space","a","return","542","NA","148901","11392","7534","542","26497","2","legacy","1024","2","48000","-16","experiment","5","odd","absent","2150680","2150680","NA","2067766","1312","169234","2155190","2155707","1371","150289","161699","2155707","2156274","2124105","2155170","Fraction component detection task","1497","834809","1517","yes","1280"
"98.6824769433","98.6824769433","550.330039526","550.330039526","#808080","no","legacy","legacy","legacy","0","uniform","1","undefined","undefined","undefined","1","a","7","7","0","1517","0","0","1517","1517","0","0","0","1517","1517","7","1517","Fri Apr 27 13:03:26 2018","#000000","high","3","The main experiment item","yes","","experiment.osexp","/Users/tom/github/sft-fraction/procedure","no","mono","no","24","no","white","no","yes","800","legacy","5","5","7","/Users/tom/github/sft-fraction/results/data/subject-5a.csv","legacy","#757575","low","3","Jazzy James","3.1.9","0","a","NA","space","space","space","a","return","592","NA","148901","11392","7534","592","26497","2","legacy","1024","2","48000","-16","experiment","5","odd","absent","2150680","2150680","NA","2067766","1312","169234","2156362","2156882","1371","150289","161699","2156882","2157494","2124105","2156346","Fraction component detection task","1498","835401","1518","yes","1280"
"98.6833443055","98.6833443055","550.274522712","550.274522712","#808080","no","legacy","legacy","legacy","0","uniform","1","undefined","undefined","undefined","1","l","7","7","0","1518","0","0","1518","1518","0","0","0","1518","1518","7","1518","Fri Apr 27 13:03:26 2018","#000000","high","2","The main experiment item","yes","","experiment.osexp","/Users/tom/github/sft-fraction/procedure","no","mono","no","24","no","white","no","yes","800","legacy","6","6","7","/Users/tom/github/sft-fraction/results/data/subject-5a.csv","legacy","#000000","high","7","Jazzy James","3.1.9","0","l","NA","space","space","space","l","return","466","NA","148901","11392","7534","466","26497","2","legacy","1024","2","48000","-16","experiment","5","odd","present","2150680","2150680","NA","2067766","1312","169234","2157576","2158096","1371","150289","161699","2158096","2158582","2124105","2157560","Fraction component detection task","1499","835867","1519","yes","1280"
"98.6842105263","98.6842105263","550.292763158","550.292763158","#808080","no","legacy","legacy","legacy","0","uniform","1","undefined","undefined","undefined","1","l","7","7","0","1519","0","0","1519","1519","0","0","0","1519","1519","7","1519","Fri Apr 27 13:03:26 2018","#757575","low","6","The main experiment item","yes","","experiment.osexp","/Users/tom/github/sft-fraction/procedure","no","mono","no","24","no","white","no","yes","800","legacy","7","7","7","/Users/tom/github/sft-fraction/results/data/subject-5a.csv","legacy","#757575","low","3","Jazzy James","3.1.9","0","l","NA","space","space","space","l","return","578","NA","148901","11392","7534","578","26497","2","legacy","1024","2","48000","-16","experiment","5","odd","present","2150680","2150680","NA","2067766","1312","169234","2158665","2159184","1371","150289","161699","2159184","2159783","2124105","2158650","Fraction component detection task","1500","836445","1520","yes","1280"
"98.6850756082","98.6850756082","550.303747535","550.303747535","#808080","no","legacy","legacy","legacy","0","uniform","1","undefined","undefined","undefined","1","a","7","7","0","1520","0","0","1520","1520","0","0","0","1520","1520","7","1520","Fri Apr 27 13:03:26 2018","#000000","high","4","The main experiment item","yes","","experiment.osexp","/Users/tom/github/sft-fraction/procedure","no","mono","no","24","no","white","no","yes","800","legacy","8","8","7","/Users/tom/github/sft-fraction/results/data/subject-5a.csv","legacy","#000000","high","2","Jazzy James","3.1.9","0","a","NA","space","space","space","a","return","567","NA","148901","11392","7534","567","26497","2","legacy","1024","2","48000","-16","experiment","5","odd","absent","2150680","2150680","NA","2067766","1312","169234","2159870","2160387","1371","150289","161699","2160387","2160974","2124105","2159852","Fraction component detection task","1501","837012","1521","yes","1280"
"98.6859395532","98.6859395532","550.346911958","550.346911958","#808080","no","legacy","legacy","legacy","0","uniform","1","undefined","undefined","undefined","1","a","7","7","0","1521","0","0","1521","1521","0","0","0","1521","1521","7","1521","Fri Apr 27 13:03:26 2018","#757575","low","2","The main experiment item","yes","","experiment.osexp","/Users/tom/github/sft-fraction/procedure","no","mono","no","24","no","white","no","yes","800","legacy","9","9","7","/Users/tom/github/sft-fraction/results/data/subject-5a.csv","legacy","#757575","low","4","Jazzy James","3.1.9","0","a","NA","space","space","space","a","return","616","NA","148901","11392","7534","616","26497","2","legacy","1024","2","48000","-16","experiment","5","odd","absent","2150680","2150680","NA","2067766","1312","169234","2161061","2161577","1371","150289","161699","2161577","2162213","2124105","2161045","Fraction component detection task","1502","837628","1522","yes","1280"
"98.6868023638","98.6868023638","550.281024294","550.281024294","#808080","no","legacy","legacy","legacy","0","uniform","1","undefined","undefined","undefined","1","a","7","7","0","1522","0","0","1522","1522","0","0","0","1522","1522","7","1522","Fri Apr 27 13:03:26 2018","#757575","low","4","The main experiment item","yes","","experiment.osexp","/Users/tom/github/sft-fraction/procedure","no","mono","no","24","no","white","no","yes","800","legacy","10","10","7","/Users/tom/github/sft-fraction/results/data/subject-5a.csv","legacy","#000000","high","3","Jazzy James","3.1.9","0","a","NA","space","space","space","a","return","450","NA","148901","11392","7534","450","26497","2","legacy","1024","2","48000","-16","experiment","5","odd","absent","2150680","2150680","NA","2067766","1312","169234","2162297","2162815","1371","150289","161699","2162815","2163291","2124105","2162281","Fraction component detection task","1503","838078","1523","yes","1280"
"98.687664042","98.687664042","550.20144357","550.20144357","#808080","no","legacy","legacy","legacy","0","uniform","1","undefined","undefined","undefined","1","l","7","7","0","1523","0","0","1523","1523","0","0","0","1523","1523","7","1523","Fri Apr 27 13:03:26 2018","#000000","high","4","The main experiment item","yes","","experiment.osexp","/Users/tom/github/sft-fraction/procedure","no","mono","no","24","no","white","no","yes","800","legacy","11","11","7","/Users/tom/github/sft-fraction/results/data/subject-5a.csv","legacy","#000000","high","7","Jazzy James","3.1.9","0","l","NA","space","space","space","l","return","429","NA","148901","11392","7534","429","26497","2","legacy","1024","2","48000","-16","experiment","5","odd","present","2150680","2150680","NA","2067766","1312","169234","2163383","2163901","1371","150289","161699","2163901","2164354","2124105","2163368","Fraction component detection task","1504","838507","1524","yes","1280"
"98.6885245902","98.6885245902","550.189508197","550.189508197","#808080","no","legacy","legacy","legacy","0","uniform","1","undefined","undefined","undefined","1","a","7","7","0","1524","0","0","1524","1524","0","0","0","1524","1524","7","1524","Fri Apr 27 13:03:26 2018","#757575","low","2","The main experiment item","yes","","experiment.osexp","/Users/tom/github/sft-fraction/procedure","no","mono","no","24","no","white","no","yes","800","legacy","12","12","7","/Users/tom/github/sft-fraction/results/data/subject-5a.csv","legacy","#000000","high","4","Jazzy James","3.1.9","0","a","NA","space","space","space","a","return","532","NA","148901","11392","7534","532","26497","2","legacy","1024","2","48000","-16","experiment","5","odd","absent","2150680","2150680","NA","2067766","1312","169234","2164448","2164966","1371","150289","161699","2164966","2165519","2124105","2164427","Fraction component detection task","1505","839039","1525","yes","1280"
"98.6893840105","98.6893840105","550.130406291","550.130406291","#808080","no","legacy","legacy","legacy","0","uniform","1","undefined","undefined","undefined","1","a","7","7","0","1525","0","0","1525","1525","0","0","0","1525","1525","7","1525","Fri Apr 27 13:03:26 2018","#757575","low","4","The main experiment item","yes","","experiment.osexp","/Users/tom/github/sft-fraction/procedure","no","mono","no","24","no","white","no","yes","800","legacy","13","13","7","/Users/tom/github/sft-fraction/results/data/subject-5a.csv","legacy","#757575","low","4","Jazzy James","3.1.9","0","a","NA","space","space","space","a","return","460","NA","148901","11392","7534","460","26497","2","legacy","1024","2","48000","-16","experiment","5","odd","absent","2150680","2150680","NA","2067766","1312","169234","2165605","2166125","1371","150289","161699","2166126","2166610","2124105","2165589","Fraction component detection task","1506","839499","1526","yes","1280"
"98.6902423052","98.6902423052","550.160445318","550.160445318","#808080","no","legacy","legacy","legacy","0","uniform","1","undefined","undefined","undefined","1","a","7","7","0","1526","0","0","1526","1526","0","0","0","1526","1526","7","1526","Fri Apr 27 13:03:26 2018","#757575","low","3","The main experiment item","yes","","experiment.osexp","/Users/tom/github/sft-fraction/procedure","no","mono","no","24","no","white","no","yes","800","legacy","14","14","7","/Users/tom/github/sft-fraction/results/data/subject-5a.csv","legacy","#757575","low","3","Jazzy James","3.1.9","0","a","NA","space","space","space","a","return","596","NA","148901","11392","7534","596","26497","2","legacy","1024","2","48000","-16","experiment","5","odd","absent","2150680","2150680","NA","2067766","1312","169234","2166698","2167214","1371","150289","161699","2167214","2167831","2124105","2166677","Fraction component detection task","1507","840095","1527","yes","1280"
"98.6910994764","98.6910994764","550.089005236","550.089005236","#808080","no","legacy","legacy","legacy","0","uniform","1","undefined","undefined","undefined","1","a","7","7","0","1527","0","0","1527","1527","0","0","0","1527","1527","7","1527","Fri Apr 27 13:03:26 2018","#000000","high","2","The main experiment item","yes","","experiment.osexp","/Users/tom/github/sft-fraction/procedure","no","mono","no","24","no","white","no","yes","800","legacy","15","15","7","/Users/tom/github/sft-fraction/results/data/subject-5a.csv","legacy","#000000","high","4","Jazzy James","3.1.9","0","a","NA","space","space","space","a","return","441","NA","148901","11392","7534","441","26497","2","legacy","1024","2","48000","-16","experiment","5","odd","absent","2150680","2150680","NA","2067766","1312","169234","2167915","2168433","1371","150289","161699","2168433","2168895","2124105","2167898","Fraction component detection task","1508","840536","1528","yes","1280"
"98.6919555265","98.6919555265","550.081098757","550.081098757","#808080","no","legacy","legacy","legacy","0","uniform","1","undefined","undefined","undefined","1","a","7","7","0","1528","0","0","1528","1528","0","0","0","1528","1528","7","1528","Fri Apr 27 13:03:26 2018","#757575","low","2","The main experiment item","yes","","experiment.osexp","/Users/tom/github/sft-fraction/procedure","no","mono","no","24","no","white","no","yes","800","legacy","16","16","7","/Users/tom/github/sft-fraction/results/data/subject-5a.csv","legacy","#757575","low","2","Jazzy James","3.1.9","0","a","NA","space","space","space","a","return","538","NA","148901","11392","7534","538","26497","2","legacy","1024","2","48000","-16","experiment","5","odd","absent","2150680","2150680","NA","2067766","1312","169234","2168981","2169503","1371","150289","161699","2169503","2170061","2124105","2168964","Fraction component detection task","1509","841074","1529","yes","1280"
"98.6928104575","98.6928104575","550.149673203","550.149673203","#808080","no","legacy","legacy","legacy","0","uniform","1","undefined","undefined","undefined","1","l","7","7","0","1529","0","0","1529","1529","0","0","0","1529","1529","7","1529","Fri Apr 27 13:03:26 2018","#757575","low","6","The main experiment item","yes","","experiment.osexp","/Users/tom/github/sft-fraction/procedure","no","mono","no","24","no","white","no","yes","800","legacy","17","17","7","/Users/tom/github/sft-fraction/results/data/subject-5a.csv","legacy","#757575","low","8","Jazzy James","3.1.9","0","l","NA","space","space","space","l","return","655","NA","148901","11392","7534","655","26497","2","legacy","1024","2","48000","-16","experiment","5","odd","present","2150680","2150680","NA","2067766","1312","169234","2170150","2170667","1371","150289","161699","2170667","2171349","2124105","2170134","Fraction component detection task","1510","841729","1530","yes","1280"
"98.6936642717","98.6936642717","550.114957544","550.114957544","#808080","no","legacy","legacy","legacy","0","uniform","1","undefined","undefined","undefined","1","a","7","7","0","1530","0","0","1530","1530","0","0","0","1530","1530","7","1530","Fri Apr 27 13:03:26 2018","#757575","low","4","The main experiment item","yes","","experiment.osexp","/Users/tom/github/sft-fraction/procedure","no","mono","no","24","no","white","no","yes","800","legacy","18","18","7","/Users/tom/github/sft-fraction/results/data/subject-5a.csv","legacy","#000000","high","4","Jazzy James","3.1.9","0","a","NA","space","space","space","a","return","497","NA","148901","11392","7534","497","26497","2","legacy","1024","2","48000","-16","experiment","5","odd","absent","2150680","2150680","NA","2067766","1312","169234","2171436","2171953","1371","150289","161699","2171953","2172471","2124105","2171416","Fraction component detection task","1511","842226","1531","yes","1280"
"98.6945169713","98.6945169713","550.05613577","550.05613577","#808080","no","legacy","legacy","legacy","0","uniform","1","undefined","undefined","undefined","1","a","7","7","0","1531","0","0","1531","1531","0","0","0","1531","1531","7","1531","Fri Apr 27 13:03:26 2018","#757575","low","3","The main experiment item","yes","","experiment.osexp","/Users/tom/github/sft-fraction/procedure","no","mono","no","24","no","white","no","yes","800","legacy","19","19","7","/Users/tom/github/sft-fraction/results/data/subject-5a.csv","legacy","#000000","high","2","Jazzy James","3.1.9","0","a","NA","space","space","space","a","return","460","NA","148901","11392","7534","460","26497","2","legacy","1024","2","48000","-16","experiment","5","odd","absent","2150680","2150680","NA","2067766","1312","169234","2172552","2173071","1371","150289","161699","2173071","2173555","2124105","2172536","Fraction component detection task","1512","842686","1532","yes","1280"
"98.6953685584","98.6953685584","550","550","#808080","no","legacy","legacy","legacy","0","uniform","1","undefined","undefined","undefined","1","a","7","7","0","1532","0","0","1532","1532","0","0","0","1532","1532","7","1532","Fri Apr 27 13:03:26 2018","#000000","high","2","The main experiment item","yes","","experiment.osexp","/Users/tom/github/sft-fraction/procedure","no","mono","no","24","no","white","no","yes","800","legacy","20","20","7","/Users/tom/github/sft-fraction/results/data/subject-5a.csv","legacy","#000000","high","3","Jazzy James","3.1.9","0","a","NA","space","space","space","a","return","464","NA","148901","11392","7534","464","26497","2","legacy","1024","2","48000","-16","experiment","5","odd","absent","2150680","2150680","NA","2067766","1312","169234","2173638","2174155","1371","150289","161699","2174155","2174643","2124105","2173622","Fraction component detection task","1513","843150","1533","yes","1280"
"98.6962190352","98.6962190352","549.987614081","549.987614081","#808080","no","legacy","legacy","legacy","0","uniform","1","undefined","undefined","undefined","1","l","7","7","0","1533","0","0","1533","1533","0","0","0","1533","1533","7","1533","Fri Apr 27 13:03:26 2018","#000000","high","6","The main experiment item","yes","","experiment.osexp","/Users/tom/github/sft-fraction/procedure","no","mono","no","24","no","white","no","yes","800","legacy","21","21","7","/Users/tom/github/sft-fraction/results/data/subject-5a.csv","legacy","#757575","low","4","Jazzy James","3.1.9","0","l","NA","space","space","space","l","return","531","NA","148901","11392","7534","531","26497","2","legacy","1024","2","48000","-16","experiment","5","odd","present","2150680","2150680","NA","2067766","1312","169234","2174730","2175248","1371","150289","161699","2175248","2175799","2124105","2174710","Fraction component detection task","1514","843681","1534","yes","1280"
"98.6970684039","98.6970684039","549.949185668","549.949185668","#808080","no","legacy","legacy","legacy","0","uniform","1","undefined","undefined","undefined","1","l","7","7","0","1534","0","0","1534","1534","0","0","0","1534","1534","7","1534","Fri Apr 27 13:03:26 2018","#757575","low","4","The main experiment item","yes","","experiment.osexp","/Users/tom/github/sft-fraction/procedure","no","mono","no","24","no","white","no","yes","800","legacy","22","22","7","/Users/tom/github/sft-fraction/results/data/subject-5a.csv","legacy","#757575","low","6","Jazzy James","3.1.9","0","l","NA","space","space","space","l","return","491","NA","148901","11392","7534","491","26497","2","legacy","1024","2","48000","-16","experiment","5","odd","present","2150680","2150680","NA","2067766","1312","169234","2175884","2176400","1371","150289","161699","2176400","2176912","2124105","2175866","Fraction component detection task","1515","844172","1535","yes","1280"
"98.6979166667","98.6979166667","549.911458333","549.911458333","#808080","no","legacy","legacy","legacy","0","uniform","1","undefined","undefined","undefined","1","l","7","7","0","1535","0","0","1535","1535","0","0","0","1535","1535","7","1535","Fri Apr 27 13:03:26 2018","#000000","high","8","The main experiment item","yes","","experiment.osexp","/Users/tom/github/sft-fraction/procedure","no","mono","no","24","no","white","no","yes","800","legacy","23","23","7","/Users/tom/github/sft-fraction/results/data/subject-5a.csv","legacy","#000000","high","6","Jazzy James","3.1.9","0","l","NA","space","space","space","l","return","492","NA","148901","11392","7534","492","26497","2","legacy","1024","2","48000","-16","experiment","5","odd","present","2150680","2150680","NA","2067766","1312","169234","2176994","2177510","1371","150289","161699","2177510","2178023","2124105","2176979","Fraction component detection task","1516","844664","1536","yes","1280"
"98.6987638256","98.6987638256","549.878334418","549.878334418","#808080","no","legacy","legacy","legacy","0","uniform","1","undefined","undefined","undefined","1","l","7","7","0","1536","0","0","1536","1536","0","0","0","1536","1536","7","1536","Fri Apr 27 13:03:26 2018","#757575","low","7","The main experiment item","yes","","experiment.osexp","/Users/tom/github/sft-fraction/procedure","no","mono","no","24","no","white","no","yes","800","legacy","24","24","7","/Users/tom/github/sft-fraction/results/data/subject-5a.csv","legacy","#757575","low","7","Jazzy James","3.1.9","0","l","NA","space","space","space","l","return","499","NA","148901","11392","7534","499","26497","2","legacy","1024","2","48000","-16","experiment","5","odd","present","2150680","2150680","NA","2067766","1312","169234","2178110","2178631","1371","150289","161699","2178631","2179153","2124105","2178095","Fraction component detection task","1517","845163","1537","yes","1280"
"98.699609883","98.699609883","549.797139142","549.797139142","#808080","no","legacy","legacy","legacy","0","uniform","1","undefined","undefined","undefined","1","a","7","7","0","1537","0","0","1537","1537","0","0","0","1537","1537","7","1537","Fri Apr 27 13:03:26 2018","#000000","high","3","The main experiment item","yes","","experiment.osexp","/Users/tom/github/sft-fraction/procedure","no","mono","no","24","no","white","no","yes","800","legacy","25","25","7","/Users/tom/github/sft-fraction/results/data/subject-5a.csv","legacy","#000000","high","2","Jazzy James","3.1.9","0","a","NA","space","space","space","a","return","425","NA","148901","11392","7534","425","26497","2","legacy","1024","2","48000","-16","experiment","5","odd","absent","2150680","2150680","NA","2067766","1312","169234","2179242","2179761","1371","150289","161699","2179761","2180207","2124105","2179221","Fraction component detection task","1518","845588","1538","yes","1280"
"98.7004548408","98.7004548408","549.764782326","549.764782326","#808080","no","legacy","legacy","legacy","0","uniform","1","undefined","undefined","undefined","1","l","7","7","0","1538","0","0","1538","1538","0","0","0","1538","1538","7","1538","Fri Apr 27 13:03:26 2018","#757575","low","4","The main experiment item","yes","","experiment.osexp","/Users/tom/github/sft-fraction/procedure","no","mono","no","24","no","white","no","yes","800","legacy","26","26","7","/Users/tom/github/sft-fraction/results/data/subject-5a.csv","legacy","#757575","low","7","Jazzy James","3.1.9","0","l","NA","space","space","space","l","return","500","NA","148901","11392","7534","500","26497","2","legacy","1024","2","48000","-16","experiment","5","odd","present","2150680","2150680","NA","2067766","1312","169234","2180296","2180814","1371","150289","161699","2180815","2181335","2124105","2180278","Fraction component detection task","1519","846088","1539","yes","1280"
"98.7012987013","98.7012987013","549.711688312","549.711688312","#808080","no","legacy","legacy","legacy","0","uniform","1","undefined","undefined","undefined","1","l","7","7","0","1539","0","0","1539","1539","0","0","0","1539","1539","7","1539","Fri Apr 27 13:03:26 2018","#757575","low","8","The main experiment item","yes","","experiment.osexp","/Users/tom/github/sft-fraction/procedure","no","mono","no","24","no","white","no","yes","800","legacy","27","27","7","/Users/tom/github/sft-fraction/results/data/subject-5a.csv","legacy","#757575","low","8","Jazzy James","3.1.9","0","l","NA","space","space","space","l","return","468","NA","148901","11392","7534","468","26497","2","legacy","1024","2","48000","-16","experiment","5","odd","present","2150680","2150680","NA","2067766","1312","169234","2181418","2181935","1371","150289","161699","2181935","2182423","2124105","2181402","Fraction component detection task","1520","846556","1540","yes","1280"
"98.7021414666","98.7021414666","549.801427644","549.801427644","#808080","no","legacy","legacy","legacy","0","uniform","1","undefined","undefined","undefined","1","a","7","7","0","1540","0","0","1540","1540","0","0","0","1540","1540","7","1540","Fri Apr 27 13:03:26 2018","#757575","low","2","The main experiment item","yes","","experiment.osexp","/Users/tom/github/sft-fraction/procedure","no","mono","no","24","no","white","no","yes","800","legacy","28","28","7","/Users/tom/github/sft-fraction/results/data/subject-5a.csv","legacy","#000000","high","4","Jazzy James","3.1.9","0","a","NA","space","space","space","a","return","688","NA","148901","11392","7534","688","26497","2","legacy","1024","2","48000","-16","experiment","5","odd","absent","2150680","2150680","NA","2067766","1312","169234","2182511","2183027","1371","150289","161699","2183027","2183740","2124105","2182491","Fraction component detection task","1521","847244","1541","yes","1280"
"98.7029831388","98.7029831388","549.792477302","549.792477302","#808080","no","legacy","legacy","legacy","0","uniform","1","undefined","undefined","undefined","1","l","7","7","0","1541","0","0","1541","1541","0","0","0","1541","1541","7","1541","Fri Apr 27 13:03:26 2018","#000000","high","4","The main experiment item","yes","","experiment.osexp","/Users/tom/github/sft-fraction/procedure","no","mono","no","24","no","white","no","yes","800","legacy","29","29","7","/Users/tom/github/sft-fraction/results/data/subject-5a.csv","legacy","#757575","low","6","Jazzy James","3.1.9","0","l","NA","space","space","space","l","return","536","NA","148901","11392","7534","536","26497","2","legacy","1024","2","48000","-16","experiment","5","odd","present","2150680","2150680","NA","2067766","1312","169234","2183821","2184338","1371","150289","161699","2184339","2184897","2124105","2183805","Fraction component detection task","1522","847780","1542","yes","1280"
"98.70382372","98.70382372","549.73169151","549.73169151","#808080","no","legacy","legacy","legacy","0","uniform","1","undefined","undefined","undefined","1","l","7","7","0","1542","0","0","1542","1542","0","0","0","1542","1542","7","1542","Fri Apr 27 13:03:26 2018","#757575","low","2","The main experiment item","yes","","experiment.osexp","/Users/tom/github/sft-fraction/procedure","no","mono","no","24","no","white","no","yes","800","legacy","30","30","7","/Users/tom/github/sft-fraction/results/data/subject-5a.csv","legacy","#000000","high","7","Jazzy James","3.1.9","0","l","NA","space","space","space","l","return","456","NA","148901","11392","7534","456","26497","2","legacy","1024","2","48000","-16","experiment","5","odd","present","2150680","2150680","NA","2067766","1312","169234","2184990","2185507","1371","150289","161699","2185507","2185984","2124105","2184969","Fraction component detection task","1523","848236","1543","yes","1280"
"98.7046632124","98.7046632124","549.738989637","549.738989637","#808080","no","legacy","legacy","legacy","0","uniform","1","undefined","undefined","undefined","1","a","7","7","0","1543","0","0","1543","1543","0","0","0","1543","1543","7","1543","Fri Apr 27 13:03:26 2018","#000000","high","3","The main experiment item","yes","","experiment.osexp","/Users/tom/github/sft-fraction/procedure","no","mono","no","24","no","white","no","yes","800","legacy","31","31","7","/Users/tom/github/sft-fraction/results/data/subject-5a.csv","legacy","#000000","high","4","Jazzy James","3.1.9","0","a","NA","space","space","space","a","return","561","NA","148901","11392","7534","561","26497","2","legacy","1024","2","48000","-16","experiment","5","odd","absent","2150680","2150680","NA","2067766","1312","169234","2186067","2186585","1371","150289","161699","2186585","2187167","2124105","2186052","Fraction component detection task","1524","848797","1544","yes","1280"
"98.7055016181","98.7055016181","549.709385113","549.709385113","#808080","no","legacy","legacy","legacy","0","uniform","1","undefined","undefined","undefined","1","l","7","7","0","1544","0","0","1544","1544","0","0","0","1544","1544","7","1544","Fri Apr 27 13:03:26 2018","#000000","high","7","The main experiment item","yes","","experiment.osexp","/Users/tom/github/sft-fraction/procedure","no","mono","no","24","no","white","no","yes","800","legacy","32","32","7","/Users/tom/github/sft-fraction/results/data/subject-5a.csv","legacy","#000000","high","8","Jazzy James","3.1.9","0","l","NA","space","space","space","l","return","504","NA","148901","11392","7534","504","26497","2","legacy","1024","2","48000","-16","experiment","5","odd","present","2150680","2150680","NA","2067766","1312","169234","2187258","2187778","1371","150289","161699","2187778","2188310","2124105","2187236","Fraction component detection task","1525","849301","1545","yes","1280"
"98.7063389392","98.7063389392","549.70698577","549.70698577","#808080","no","legacy","legacy","legacy","0","uniform","1","undefined","undefined","undefined","1","a","7","7","0","1545","0","0","1545","1545","0","0","0","1545","1545","7","1545","Fri Apr 27 13:03:26 2018","#000000","high","3","The main experiment item","yes","","experiment.osexp","/Users/tom/github/sft-fraction/procedure","no","mono","no","24","no","white","no","yes","800","legacy","33","33","7","/Users/tom/github/sft-fraction/results/data/subject-5a.csv","legacy","#757575","low","2","Jazzy James","3.1.9","0","a","NA","space","space","space","a","return","546","NA","148901","11392","7534","546","26497","2","legacy","1024","2","48000","-16","experiment","5","odd","absent","2150680","2150680","NA","2067766","1312","169234","2188395","2188913","1371","150289","161699","2188913","2189481","2124105","2188379","Fraction component detection task","1526","849847","1546","yes","1280"
"98.6425339367","98.6425339367","549.693600517","549.693600517","#808080","no","legacy","legacy","legacy","0","uniform","0","undefined","undefined","undefined","0","a","7","7","0","1546","0","0","1546","1546","0","0","0","1546","1546","7","1546","Fri Apr 27 13:03:26 2018","#757575","low","4","The main experiment item","yes","","experiment.osexp","/Users/tom/github/sft-fraction/procedure","no","mono","no","24","no","white","no","yes","800","legacy","34","34","7","/Users/tom/github/sft-fraction/results/data/subject-5a.csv","legacy","#757575","low","4","Jazzy James","3.1.9","0","l","NA","space","space","space","l","return","529","NA","148901","11392","7534","529","26497","2","legacy","1024","2","48000","-16","experiment","5","odd","absent","2150680","2150680","NA","2067766","1312","169234","2189566","2190082","1371","150289","161699","2190082","2190632","2124105","2189549","Fraction component detection task","1526","850376","1547","yes","1280"
"98.6434108527","98.6434108527","549.698966408","549.698966408","#808080","no","legacy","legacy","legacy","0","uniform","1","undefined","undefined","undefined","1","a","7","7","0","1547","0","0","1547","1547","0","0","0","1547","1547","7","1547","Fri Apr 27 13:03:26 2018","#000000","high","2","The main experiment item","yes","","experiment.osexp","/Users/tom/github/sft-fraction/procedure","no","mono","no","24","no","white","no","yes","800","legacy","35","35","7","/Users/tom/github/sft-fraction/results/data/subject-5a.csv","legacy","#000000","high","2","Jazzy James","3.1.9","0","a","NA","space","space","space","a","return","558","NA","148901","11392","7534","558","26497","2","legacy","1024","2","48000","-16","experiment","5","odd","absent","2150680","2150680","NA","2190652","1312","169234","2191734","2192252","1371","150289","161699","2192253","2192832","2124105","2191718","Fraction component detection task","1527","850934","1548","yes","1280"
"98.6442866365","98.6442866365","550.05551969","550.05551969","#808080","no","legacy","legacy","legacy","0","uniform","1","undefined","undefined","undefined","1","l","7","7","0","1548","0","0","1548","1548","0","0","0","1548","1548","7","1548","Fri Apr 27 13:03:26 2018","#000000","high","7","The main experiment item","yes","","experiment.osexp","/Users/tom/github/sft-fraction/procedure","no","mono","no","24","no","white","no","yes","800","legacy","36","36","7","/Users/tom/github/sft-fraction/results/data/subject-5a.csv","legacy","#757575","low","3","Jazzy James","3.1.9","0","l","NA","space","space","space","l","return","1102","NA","148901","11392","7534","1102","26497","2","legacy","1024","2","48000","-16","experiment","5","odd","present","2150680","2150680","NA","2190652","1312","169234","2192912","2193430","1371","150289","161699","2193430","2194552","2124105","2192897","Fraction component detection task","1528","852036","1549","yes","1280"
"98.6451612903","98.6451612903","550.816129032","550.816129032","#808080","no","legacy","legacy","legacy","0","uniform","1","undefined","undefined","undefined","1","l","7","7","0","1549","0","0","1549","1549","0","0","0","1549","1549","7","1549","Fri Apr 27 13:03:26 2018","#757575","low","8","The main experiment item","yes","","experiment.osexp","/Users/tom/github/sft-fraction/procedure","no","mono","no","24","no","white","no","yes","800","legacy","37","37","7","/Users/tom/github/sft-fraction/results/data/subject-5a.csv","legacy","#000000","high","3","Jazzy James","3.1.9","0","l","NA","space","space","space","l","return","1729","NA","148901","11392","7534","1729","26497","2","legacy","1024","2","48000","-16","experiment","5","odd","present","2150680","2150680","NA","2190652","1312","169234","2194635","2195155","1371","150289","161699","2195155","2196908","2124105","2194619","Fraction component detection task","1529","853765","1550","yes","1280"
"98.6460348162","98.6460348162","550.921985816","550.921985816","#808080","no","legacy","legacy","legacy","0","uniform","1","undefined","undefined","undefined","1","a","7","7","0","1550","0","0","1550","1550","0","0","0","1550","1550","7","1550","Fri Apr 27 13:03:26 2018","#000000","high","2","The main experiment item","yes","","experiment.osexp","/Users/tom/github/sft-fraction/procedure","no","mono","no","24","no","white","no","yes","800","legacy","38","38","7","/Users/tom/github/sft-fraction/results/data/subject-5a.csv","legacy","#757575","low","3","Jazzy James","3.1.9","0","a","NA","space","space","space","a","return","715","NA","148901","11392","7534","715","26497","2","legacy","1024","2","48000","-16","experiment","5","odd","absent","2150680","2150680","NA","2190652","1312","169234","2196995","2197512","1371","150289","161699","2197512","2198253","2124105","2196979","Fraction component detection task","1530","854480","1551","yes","1280"
"98.6469072165","98.6469072165","550.907860825","550.907860825","#808080","no","legacy","legacy","legacy","0","uniform","1","undefined","undefined","undefined","1","l","7","7","0","1551","0","0","1551","1551","0","0","0","1551","1551","7","1551","Fri Apr 27 13:03:26 2018","#757575","low","3","The main experiment item","yes","","experiment.osexp","/Users/tom/github/sft-fraction/procedure","no","mono","no","24","no","white","no","yes","800","legacy","39","39","7","/Users/tom/github/sft-fraction/results/data/subject-5a.csv","legacy","#000000","high","8","Jazzy James","3.1.9","0","l","NA","space","space","space","l","return","529","NA","148901","11392","7534","529","26497","2","legacy","1024","2","48000","-16","experiment","5","odd","present","2150680","2150680","NA","2190652","1312","169234","2198342","2198859","1371","150289","161699","2198859","2199408","2124105","2198322","Fraction component detection task","1531","855009","1552","yes","1280"
"98.6477784932","98.6477784932","551.04249839","551.04249839","#808080","no","legacy","legacy","legacy","0","uniform","1","undefined","undefined","undefined","1","l","7","7","0","1552","0","0","1552","1552","0","0","0","1552","1552","7","1552","Fri Apr 27 13:03:26 2018","#757575","low","8","The main experiment item","yes","","experiment.osexp","/Users/tom/github/sft-fraction/procedure","no","mono","no","24","no","white","no","yes","800","legacy","40","40","7","/Users/tom/github/sft-fraction/results/data/subject-5a.csv","legacy","#757575","low","2","Jazzy James","3.1.9","0","l","NA","space","space","space","l","return","760","NA","148901","11392","7534","760","26497","2","legacy","1024","2","48000","-16","experiment","5","odd","present","2150680","2150680","NA","2190652","1312","169234","2199496","2200011","1371","150289","161699","2200012","2200792","2124105","2199479","Fraction component detection task","1532","855769","1553","yes","1280"
"98.6486486486","98.6486486486","550.993564994","550.993564994","#808080","no","legacy","legacy","legacy","0","uniform","1","undefined","undefined","undefined","1","a","7","7","0","1553","0","0","1553","1553","0","0","0","1553","1553","7","1553","Fri Apr 27 13:03:26 2018","#000000","high","3","The main experiment item","yes","","experiment.osexp","/Users/tom/github/sft-fraction/procedure","no","mono","no","24","no","white","no","yes","800","legacy","41","41","7","/Users/tom/github/sft-fraction/results/data/subject-5a.csv","legacy","#000000","high","3","Jazzy James","3.1.9","0","a","NA","space","space","space","a","return","475","NA","148901","11392","7534","475","26497","2","legacy","1024","2","48000","-16","experiment","5","odd","absent","2150680","2150680","NA","2190652","1312","169234","2200876","2201393","1371","150289","161699","2201393","2201889","2124105","2200858","Fraction component detection task","1533","856244","1554","yes","1280"
"98.6495176849","98.6495176849","551.002572347","551.002572347","#808080","no","legacy","legacy","legacy","0","uniform","1","undefined","undefined","undefined","1","l","7","7","0","1554","0","0","1554","1554","0","0","0","1554","1554","7","1554","Fri Apr 27 13:03:26 2018","#000000","high","7","The main experiment item","yes","","experiment.osexp","/Users/tom/github/sft-fraction/procedure","no","mono","no","24","no","white","no","yes","800","legacy","42","42","7","/Users/tom/github/sft-fraction/results/data/subject-5a.csv","legacy","#000000","high","4","Jazzy James","3.1.9","0","l","NA","space","space","space","l","return","565","NA","148901","11392","7534","565","26497","2","legacy","1024","2","48000","-16","experiment","5","odd","present","2150680","2150680","NA","2190652","1312","169234","2201973","2202494","1371","150289","161699","2202494","2203080","2124105","2201957","Fraction component detection task","1534","856809","1555","yes","1280"
"98.6503856041","98.6503856041","550.978791774","550.978791774","#808080","no","legacy","legacy","legacy","0","uniform","1","undefined","undefined","undefined","1","a","7","7","0","1555","0","0","1555","1555","0","0","0","1555","1555","7","1555","Fri Apr 27 13:03:26 2018","#757575","low","4","The main experiment item","yes","","experiment.osexp","/Users/tom/github/sft-fraction/procedure","no","mono","no","24","no","white","no","yes","800","legacy","43","43","7","/Users/tom/github/sft-fraction/results/data/subject-5a.csv","legacy","#757575","low","3","Jazzy James","3.1.9","0","a","NA","space","space","space","a","return","514","NA","148901","11392","7534","514","26497","2","legacy","1024","2","48000","-16","experiment","5","odd","absent","2150680","2150680","NA","2190652","1312","169234","2203169","2203688","1371","150289","161699","2203689","2204224","2124105","2203148","Fraction component detection task","1535","857323","1556","yes","1280"
"98.6512524085","98.6512524085","550.975594091","550.975594091","#808080","no","legacy","legacy","legacy","0","uniform","1","undefined","undefined","undefined","1","a","7","7","0","1556","0","0","1556","1556","0","0","0","1556","1556","7","1556","Fri Apr 27 13:03:26 2018","#000000","high","3","The main experiment item","yes","","experiment.osexp","/Users/tom/github/sft-fraction/procedure","no","mono","no","24","no","white","no","yes","800","legacy","44","44","7","/Users/tom/github/sft-fraction/results/data/subject-5a.csv","legacy","#757575","low","4","Jazzy James","3.1.9","0","a","NA","space","space","space","a","return","546","NA","148901","11392","7534","546","26497","2","legacy","1024","2","48000","-16","experiment","5","odd","absent","2150680","2150680","NA","2190652","1312","169234","2204314","2204834","1371","150289","161699","2204834","2205405","2124105","2204292","Fraction component detection task","1536","857869","1557","yes","1280"
"98.6521181001","98.6521181001","550.925545571","550.925545571","#808080","no","legacy","legacy","legacy","0","uniform","1","undefined","undefined","undefined","1","l","7","7","0","1557","0","0","1557","1557","0","0","0","1557","1557","7","1557","Fri Apr 27 13:03:26 2018","#000000","high","6","The main experiment item","yes","","experiment.osexp","/Users/tom/github/sft-fraction/procedure","no","mono","no","24","no","white","no","yes","800","legacy","45","45","7","/Users/tom/github/sft-fraction/results/data/subject-5a.csv","legacy","#000000","high","2","Jazzy James","3.1.9","0","l","NA","space","space","space","l","return","473","NA","148901","11392","7534","473","26497","2","legacy","1024","2","48000","-16","experiment","5","odd","present","2150680","2150680","NA","2190652","1312","169234","2205494","2206011","1371","150289","161699","2206011","2206505","2124105","2205473","Fraction component detection task","1537","858342","1558","yes","1280"
"98.6529826812","98.6529826812","550.840282232","550.840282232","#808080","no","legacy","legacy","legacy","0","uniform","1","undefined","undefined","undefined","1","a","7","7","0","1558","0","0","1558","1558","0","0","0","1558","1558","7","1558","Fri Apr 27 13:03:26 2018","#757575","low","3","The main experiment item","yes","","experiment.osexp","/Users/tom/github/sft-fraction/procedure","no","mono","no","24","no","white","no","yes","800","legacy","46","46","7","/Users/tom/github/sft-fraction/results/data/subject-5a.csv","legacy","#000000","high","2","Jazzy James","3.1.9","0","a","NA","space","space","space","a","return","418","NA","148901","11392","7534","418","26497","2","legacy","1024","2","48000","-16","experiment","5","odd","absent","2150680","2150680","NA","2190652","1312","169234","2206597","2207114","1371","150289","161699","2207114","2207553","2124105","2206580","Fraction component detection task","1538","858760","1559","yes","1280"
"98.6538461538","98.6538461538","550.790384615","550.790384615","#808080","no","legacy","legacy","legacy","0","uniform","1","undefined","undefined","undefined","1","a","7","7","0","1559","0","0","1559","1559","0","0","0","1559","1559","7","1559","Fri Apr 27 13:03:26 2018","#757575","low","4","The main experiment item","yes","","experiment.osexp","/Users/tom/github/sft-fraction/procedure","no","mono","no","24","no","white","no","yes","800","legacy","47","47","7","/Users/tom/github/sft-fraction/results/data/subject-5a.csv","legacy","#757575","low","4","Jazzy James","3.1.9","0","a","NA","space","space","space","a","return","473","NA","148901","11392","7534","473","26497","2","legacy","1024","2","48000","-16","experiment","5","odd","absent","2150680","2150680","NA","2190652","1312","169234","2207635","2208155","1371","150289","161699","2208155","2208650","2124105","2207620","Fraction component detection task","1539","859233","1560","yes","1280"
"98.6547085202","98.6547085202","550.760409994","550.760409994","#808080","no","legacy","legacy","legacy","0","uniform","1","undefined","undefined","undefined","1","a","7","7","0","1560","0","0","1560","1560","0","0","0","1560","1560","7","1560","Fri Apr 27 13:03:26 2018","#000000","high","3","The main experiment item","yes","","experiment.osexp","/Users/tom/github/sft-fraction/procedure","no","mono","no","24","no","white","no","yes","800","legacy","48","48","7","/Users/tom/github/sft-fraction/results/data/subject-5a.csv","legacy","#000000","high","2","Jazzy James","3.1.9","0","a","NA","space","space","space","a","return","504","NA","148901","11392","7534","504","26497","2","legacy","1024","2","48000","-16","experiment","5","odd","absent","2150680","2150680","NA","2190652","1312","169234","2208735","2209251","1371","150289","161699","2209252","2209777","2124105","2208719","Fraction component detection task","1540","859737","1561","yes","1280"
"98.6555697823","98.6555697823","550.71574904","550.71574904","#808080","no","legacy","legacy","legacy","0","uniform","1","undefined","undefined","undefined","1","l","7","7","0","1561","0","0","1561","1561","0","0","0","1561","1561","7","1561","Fri Apr 27 13:03:26 2018","#000000","high","2","The main experiment item","yes","","experiment.osexp","/Users/tom/github/sft-fraction/procedure","no","mono","no","24","no","white","no","yes","800","legacy","49","49","7","/Users/tom/github/sft-fraction/results/data/subject-5a.csv","legacy","#000000","high","6","Jazzy James","3.1.9","0","l","NA","space","space","space","l","return","481","NA","148901","11392","7534","481","26497","2","legacy","1024","2","48000","-16","experiment","5","odd","present","2150680","2150680","NA","2190652","1312","169234","2209868","2210387","1371","150289","161699","2210387","2210889","2124105","2209847","Fraction component detection task","1541","860218","1562","yes","1280"
"98.6564299424","98.6564299424","550.799104287","550.799104287","#808080","no","legacy","legacy","legacy","0","uniform","1","undefined","undefined","undefined","1","l","7","7","0","1562","0","0","1562","1562","0","0","0","1562","1562","7","1562","Fri Apr 27 13:03:26 2018","#757575","low","3","The main experiment item","yes","","experiment.osexp","/Users/tom/github/sft-fraction/procedure","no","mono","no","24","no","white","no","yes","800","legacy","50","50","7","/Users/tom/github/sft-fraction/results/data/subject-5a.csv","legacy","#757575","low","7","Jazzy James","3.1.9","0","l","NA","space","space","space","l","return","681","NA","148901","11392","7534","681","26497","2","legacy","1024","2","48000","-16","experiment","5","odd","present","2150680","2150680","NA","2190652","1312","169234","2210974","2211491","1371","150289","161699","2211491","2212195","2124105","2210957","Fraction component detection task","1542","860899","1563","yes","1280"
"98.6572890026","98.6572890026","550.74488491","550.74488491","#808080","no","legacy","legacy","legacy","0","uniform","1","undefined","undefined","undefined","1","a","7","7","0","1563","0","0","1563","1563","0","0","0","1563","1563","7","1563","Fri Apr 27 13:03:26 2018","#757575","low","3","The main experiment item","yes","","experiment.osexp","/Users/tom/github/sft-fraction/procedure","no","mono","no","24","no","white","no","yes","800","legacy","51","51","7","/Users/tom/github/sft-fraction/results/data/subject-5a.csv","legacy","#757575","low","2","Jazzy James","3.1.9","0","a","NA","space","space","space","a","return","466","NA","148901","11392","7534","466","26497","2","legacy","1024","2","48000","-16","experiment","5","odd","absent","2150680","2150680","NA","2190652","1312","169234","2212283","2212802","1371","150289","161699","2212802","2213294","2124105","2212264","Fraction component detection task","1543","861365","1564","yes","1280"
"98.6581469649","98.6581469649","550.693290735","550.693290735","#808080","no","legacy","legacy","legacy","0","uniform","1","undefined","undefined","undefined","1","a","7","7","0","1564","0","0","1564","1564","0","0","0","1564","1564","7","1564","Fri Apr 27 13:03:26 2018","#757575","low","2","The main experiment item","yes","","experiment.osexp","/Users/tom/github/sft-fraction/procedure","no","mono","no","24","no","white","no","yes","800","legacy","52","52","7","/Users/tom/github/sft-fraction/results/data/subject-5a.csv","legacy","#000000","high","2","Jazzy James","3.1.9","0","a","NA","space","space","space","a","return","470","NA","148901","11392","7534","470","26497","2","legacy","1024","2","48000","-16","experiment","5","odd","absent","2150680","2150680","NA","2190652","1312","169234","2213386","2213902","1371","150289","161699","2213903","2214401","2124105","2213365","Fraction component detection task","1544","861835","1565","yes","1280"
"98.6590038314","98.6590038314","550.623882503","550.623882503","#808080","no","legacy","legacy","legacy","0","uniform","1","undefined","undefined","undefined","1","a","7","7","0","1565","0","0","1565","1565","0","0","0","1565","1565","7","1565","Fri Apr 27 13:03:26 2018","#757575","low","2","The main experiment item","yes","","experiment.osexp","/Users/tom/github/sft-fraction/procedure","no","mono","no","24","no","white","no","yes","800","legacy","53","53","7","/Users/tom/github/sft-fraction/results/data/subject-5a.csv","legacy","#757575","low","3","Jazzy James","3.1.9","0","a","NA","space","space","space","a","return","442","NA","148901","11392","7534","442","26497","2","legacy","1024","2","48000","-16","experiment","5","odd","absent","2150680","2150680","NA","2190652","1312","169234","2214486","2215003","1371","150289","161699","2215003","2215471","2124105","2214470","Fraction component detection task","1545","862277","1566","yes","1280"
"98.6598596043","98.6598596043","550.59157626","550.59157626","#808080","no","legacy","legacy","legacy","0","uniform","1","undefined","undefined","undefined","1","l","7","7","0","1566","0","0","1566","1566","0","0","0","1566","1566","7","1566","Fri Apr 27 13:03:26 2018","#000000","high","6","The main experiment item","yes","","experiment.osexp","/Users/tom/github/sft-fraction/procedure","no","mono","no","24","no","white","no","yes","800","legacy","54","54","7","/Users/tom/github/sft-fraction/results/data/subject-5a.csv","legacy","#000000","high","4","Jazzy James","3.1.9","0","l","NA","space","space","space","l","return","500","NA","148901","11392","7534","500","26497","2","legacy","1024","2","48000","-16","experiment","5","odd","present","2150680","2150680","NA","2190652","1312","169234","2215562","2216080","1371","150289","161699","2216081","2216608","2124105","2215538","Fraction component detection task","1546","862777","1567","yes","1280"
"98.6607142857","98.6607142857","550.503826531","550.503826531","#808080","no","legacy","legacy","legacy","0","uniform","1","undefined","undefined","undefined","1","l","7","7","0","1567","0","0","1567","1567","0","0","0","1567","1567","7","1567","Fri Apr 27 13:03:26 2018","#000000","high","8","The main experiment item","yes","","experiment.osexp","/Users/tom/github/sft-fraction/procedure","no","mono","no","24","no","white","no","yes","800","legacy","55","55","7","/Users/tom/github/sft-fraction/results/data/subject-5a.csv","legacy","#757575","low","7","Jazzy James","3.1.9","0","l","NA","space","space","space","l","return","413","NA","148901","11392","7534","413","26497","2","legacy","1024","2","48000","-16","experiment","5","odd","present","2150680","2150680","NA","2190652","1312","169234","2216695","2217215","1371","150289","161699","2217216","2217650","2124105","2216676","Fraction component detection task","1547","863190","1568","yes","1280"
"98.6615678776","98.6615678776","550.406628426","550.406628426","#808080","no","legacy","legacy","legacy","0","uniform","1","undefined","undefined","undefined","1","l","7","7","0","1568","0","0","1568","1568","0","0","0","1568","1568","7","1568","Fri Apr 27 13:03:26 2018","#757575","low","6","The main experiment item","yes","","experiment.osexp","/Users/tom/github/sft-fraction/procedure","no","mono","no","24","no","white","no","yes","800","legacy","56","56","7","/Users/tom/github/sft-fraction/results/data/subject-5a.csv","legacy","#000000","high","8","Jazzy James","3.1.9","0","l","NA","space","space","space","l","return","398","NA","148901","11392","7534","398","26497","2","legacy","1024","2","48000","-16","experiment","5","odd","present","2150680","2150680","NA","2190652","1312","169234","2217734","2218255","1371","150289","161699","2218255","2218673","2124105","2217719","Fraction component detection task","1548","863588","1569","yes","1280"
"98.6624203822","98.6624203822","550.33566879","550.33566879","#808080","no","legacy","legacy","legacy","0","uniform","1","undefined","undefined","undefined","1","l","7","7","0","1569","0","0","1569","1569","0","0","0","1569","1569","7","1569","Fri Apr 27 13:03:26 2018","#000000","high","2","The main experiment item","yes","","experiment.osexp","/Users/tom/github/sft-fraction/procedure","no","mono","no","24","no","white","no","yes","800","legacy","57","57","7","/Users/tom/github/sft-fraction/results/data/subject-5a.csv","legacy","#757575","low","8","Jazzy James","3.1.9","0","l","NA","space","space","space","l","return","439","NA","148901","11392","7534","439","26497","2","legacy","1024","2","48000","-16","experiment","5","odd","present","2150680","2150680","NA","2190652","1312","169234","2218761","2219278","1371","150289","161699","2219278","2219738","2124105","2218741","Fraction component detection task","1549","864027","1570","yes","1280"
"98.6632718014","98.6632718014","550.281349459","550.281349459","#808080","no","legacy","legacy","legacy","0","uniform","1","undefined","undefined","undefined","1","a","7","7","0","1570","0","0","1570","1570","0","0","0","1570","1570","7","1570","Fri Apr 27 13:03:26 2018","#000000","high","2","The main experiment item","yes","","experiment.osexp","/Users/tom/github/sft-fraction/procedure","no","mono","no","24","no","white","no","yes","800","legacy","58","58","7","/Users/tom/github/sft-fraction/results/data/subject-5a.csv","legacy","#757575","low","4","Jazzy James","3.1.9","0","a","NA","space","space","space","a","return","465","NA","148901","11392","7534","465","26497","2","legacy","1024","2","48000","-16","experiment","5","odd","absent","2150680","2150680","NA","2190652","1312","169234","2219821","2220340","1371","150289","161699","2220340","2220826","2124105","2219806","Fraction component detection task","1550","864492","1571","yes","1280"
"98.6641221374","98.6641221374","550.243638677","550.243638677","#808080","no","legacy","legacy","legacy","0","uniform","1","undefined","undefined","undefined","1","l","7","7","0","1571","0","0","1571","1571","0","0","0","1571","1571","7","1571","Fri Apr 27 13:03:26 2018","#000000","high","7","The main experiment item","yes","","experiment.osexp","/Users/tom/github/sft-fraction/procedure","no","mono","no","24","no","white","no","yes","800","legacy","59","59","7","/Users/tom/github/sft-fraction/results/data/subject-5a.csv","legacy","#757575","low","4","Jazzy James","3.1.9","0","l","NA","space","space","space","l","return","491","NA","148901","11392","7534","491","26497","2","legacy","1024","2","48000","-16","experiment","5","odd","present","2150680","2150680","NA","2190652","1312","169234","2220916","2221434","1371","150289","161699","2221434","2221947","2124105","2220895","Fraction component detection task","1551","864983","1572","yes","1280"
"98.6649713922","98.6649713922","550.205340114","550.205340114","#808080","no","legacy","legacy","legacy","0","uniform","1","undefined","undefined","undefined","1","a","7","7","0","1572","0","0","1572","1572","0","0","0","1572","1572","7","1572","Fri Apr 27 13:03:26 2018","#000000","high","2","The main experiment item","yes","","experiment.osexp","/Users/tom/github/sft-fraction/procedure","no","mono","no","24","no","white","no","yes","800","legacy","60","60","7","/Users/tom/github/sft-fraction/results/data/subject-5a.csv","legacy","#000000","high","3","Jazzy James","3.1.9","0","a","NA","space","space","space","a","return","490","NA","148901","11392","7534","490","26497","2","legacy","1024","2","48000","-16","experiment","5","odd","absent","2150680","2150680","NA","2190652","1312","169234","2222029","2222545","1371","150289","161699","2222546","2223057","2124105","2222014","Fraction component detection task","1552","865473","1573","yes","1280"
"98.665819568","98.665819568","550.123888183","550.123888183","#808080","no","legacy","legacy","legacy","0","uniform","1","undefined","undefined","undefined","1","l","7","7","0","1573","0","0","1573","1573","0","0","0","1573","1573","7","1573","Fri Apr 27 13:03:26 2018","#757575","low","8","The main experiment item","yes","","experiment.osexp","/Users/tom/github/sft-fraction/procedure","no","mono","no","24","no","white","no","yes","800","legacy","61","61","7","/Users/tom/github/sft-fraction/results/data/subject-5a.csv","legacy","#000000","high","7","Jazzy James","3.1.9","0","l","NA","space","space","space","l","return","422","NA","148901","11392","7534","422","26497","2","legacy","1024","2","48000","-16","experiment","5","odd","present","2150680","2150680","NA","2190652","1312","169234","2223139","2223662","1371","150289","161699","2223662","2224105","2124105","2223124","Fraction component detection task","1553","865895","1574","yes","1280"
"98.6666666667","98.6666666667","550.080634921","550.080634921","#808080","no","legacy","legacy","legacy","0","uniform","1","undefined","undefined","undefined","1","a","7","7","0","1574","0","0","1574","1574","0","0","0","1574","1574","7","1574","Fri Apr 27 13:03:26 2018","#757575","low","3","The main experiment item","yes","","experiment.osexp","/Users/tom/github/sft-fraction/procedure","no","mono","no","24","no","white","no","yes","800","legacy","62","62","7","/Users/tom/github/sft-fraction/results/data/subject-5a.csv","legacy","#000000","high","4","Jazzy James","3.1.9","0","a","NA","space","space","space","a","return","482","NA","148901","11392","7534","482","26497","2","legacy","1024","2","48000","-16","experiment","5","odd","absent","2150680","2150680","NA","2190652","1312","169234","2224194","2224713","1371","150289","161699","2224714","2225219","2124105","2224174","Fraction component detection task","1554","866377","1575","yes","1280"
"98.6675126904","98.6675126904","550.006345178","550.006345178","#808080","no","legacy","legacy","legacy","0","uniform","1","undefined","undefined","undefined","1","a","7","7","0","1575","0","0","1575","1575","0","0","0","1575","1575","7","1575","Fri Apr 27 13:03:26 2018","#000000","high","4","The main experiment item","yes","","experiment.osexp","/Users/tom/github/sft-fraction/procedure","no","mono","no","24","no","white","no","yes","800","legacy","63","63","7","/Users/tom/github/sft-fraction/results/data/subject-5a.csv","legacy","#000000","high","4","Jazzy James","3.1.9","0","a","NA","space","space","space","a","return","433","NA","148901","11392","7534","433","26497","2","legacy","1024","2","48000","-16","experiment","5","odd","absent","2150680","2150680","NA","2190652","1312","169234","2225307","2225826","1371","150289","161699","2225827","2226282","2124105","2225291","Fraction component detection task","1555","866810","1576","yes","1280"
"98.6683576411","98.6683576411","549.957514268","549.957514268","#808080","no","legacy","legacy","legacy","0","uniform","1","undefined","undefined","undefined","1","a","7","7","0","1576","0","0","1576","1576","0","0","0","1576","1576","7","1576","Fri Apr 27 13:03:26 2018","#757575","low","2","The main experiment item","yes","","experiment.osexp","/Users/tom/github/sft-fraction/procedure","no","mono","no","24","no","white","no","yes","800","legacy","64","64","7","/Users/tom/github/sft-fraction/results/data/subject-5a.csv","legacy","#757575","low","3","Jazzy James","3.1.9","0","a","NA","space","space","space","a","return","473","NA","148901","11392","7534","473","26497","2","legacy","1024","2","48000","-16","experiment","5","odd","absent","2150680","2150680","NA","2190652","1312","169234","2226368","2226884","1371","150289","161699","2226884","2227383","2124105","2226352","Fraction component detection task","1556","867283","1577","yes","1280"
"98.6692015209","98.6692015209","549.902408112","549.902408112","#808080","no","legacy","legacy","legacy","0","uniform","1","undefined","undefined","undefined","1","l","7","7","0","1577","0","0","1577","1577","0","0","0","1577","1577","7","1577","Fri Apr 27 13:03:26 2018","#000000","high","6","The main experiment item","yes","","experiment.osexp","/Users/tom/github/sft-fraction/procedure","no","mono","no","24","no","white","no","yes","800","legacy","65","65","7","/Users/tom/github/sft-fraction/results/data/subject-5a.csv","legacy","#000000","high","7","Jazzy James","3.1.9","0","l","NA","space","space","space","l","return","463","NA","148901","11392","7534","463","26497","2","legacy","1024","2","48000","-16","experiment","5","odd","present","2150680","2150680","NA","2190652","1312","169234","2227465","2227982","1371","150289","161699","2227982","2228466","2124105","2227449","Fraction component detection task","1557","867746","1578","yes","1280"
"98.6700443319","98.6700443319","549.790373654","549.790373654","#808080","no","legacy","legacy","legacy","0","uniform","1","undefined","undefined","undefined","1","l","7","7","0","1578","0","0","1578","1578","0","0","0","1578","1578","7","1578","Fri Apr 27 13:03:26 2018","#757575","low","2","The main experiment item","yes","","experiment.osexp","/Users/tom/github/sft-fraction/procedure","no","mono","no","24","no","white","no","yes","800","legacy","66","66","7","/Users/tom/github/sft-fraction/results/data/subject-5a.csv","legacy","#000000","high","8","Jazzy James","3.1.9","0","l","NA","space","space","space","l","return","373","NA","148901","11392","7534","373","26497","2","legacy","1024","2","48000","-16","experiment","5","odd","present","2150680","2150680","NA","2190652","1312","169234","2228550","2229072","1371","150289","161699","2229072","2229466","2124105","2228534","Fraction component detection task","1558","868119","1579","yes","1280"
"98.6708860759","98.6708860759","549.769620253","549.769620253","#808080","no","legacy","legacy","legacy","0","uniform","1","undefined","undefined","undefined","1","a","7","7","0","1579","0","0","1579","1579","0","0","0","1579","1579","7","1579","Fri Apr 27 13:03:26 2018","#757575","low","3","The main experiment item","yes","","experiment.osexp","/Users/tom/github/sft-fraction/procedure","no","mono","no","24","no","white","no","yes","800","legacy","67","67","7","/Users/tom/github/sft-fraction/results/data/subject-5a.csv","legacy","#757575","low","2","Jazzy James","3.1.9","0","a","NA","space","space","space","a","return","517","NA","148901","11392","7534","517","26497","2","legacy","1024","2","48000","-16","experiment","5","odd","absent","2150680","2150680","NA","2190652","1312","169234","2229556","2230072","1371","150289","161699","2230072","2230610","2124105","2229535","Fraction component detection task","1559","868636","1580","yes","1280"
"98.6717267552","98.6717267552","549.677419355","549.677419355","#808080","no","legacy","legacy","legacy","0","uniform","1","undefined","undefined","undefined","1","l","7","7","0","1580","0","0","1580","1580","0","0","0","1580","1580","7","1580","Fri Apr 27 13:03:26 2018","#000000","high","6","The main experiment item","yes","","experiment.osexp","/Users/tom/github/sft-fraction/procedure","no","mono","no","24","no","white","no","yes","800","legacy","68","68","7","/Users/tom/github/sft-fraction/results/data/subject-5a.csv","legacy","#757575","low","2","Jazzy James","3.1.9","0","l","NA","space","space","space","l","return","404","NA","148901","11392","7534","404","26497","2","legacy","1024","2","48000","-16","experiment","5","odd","present","2150680","2150680","NA","2190652","1312","169234","2230701","2231217","1371","150289","161699","2231217","2231644","2124105","2230678","Fraction component detection task","1560","869040","1581","yes","1280"
"98.6725663717","98.6725663717","549.607458913","549.607458913","#808080","no","legacy","legacy","legacy","0","uniform","1","undefined","undefined","undefined","1","l","7","7","0","1581","0","0","1581","1581","0","0","0","1581","1581","7","1581","Fri Apr 27 13:03:26 2018","#757575","low","8","The main experiment item","yes","","experiment.osexp","/Users/tom/github/sft-fraction/procedure","no","mono","no","24","no","white","no","yes","800","legacy","69","69","7","/Users/tom/github/sft-fraction/results/data/subject-5a.csv","legacy","#757575","low","7","Jazzy James","3.1.9","0","l","NA","space","space","space","l","return","439","NA","148901","11392","7534","439","26497","2","legacy","1024","2","48000","-16","experiment","5","odd","present","2150680","2150680","NA","2190652","1312","169234","2231730","2232246","1371","150289","161699","2232246","2232706","2124105","2231714","Fraction component detection task","1561","869479","1582","yes","1280"
"98.6102337334","98.6102337334","549.561591914","549.561591914","#808080","no","legacy","legacy","legacy","0","uniform","0","undefined","undefined","undefined","0","l","7","7","0","1582","0","0","1582","1582","0","0","0","1582","1582","7","1582","Fri Apr 27 13:03:26 2018","#000000","high","8","The main experiment item","yes","","experiment.osexp","/Users/tom/github/sft-fraction/procedure","no","mono","no","24","no","white","no","yes","800","legacy","70","70","7","/Users/tom/github/sft-fraction/results/data/subject-5a.csv","legacy","#757575","low","2","Jazzy James","3.1.9","0","a","NA","space","space","space","a","return","477","NA","148901","11392","7534","477","26497","2","legacy","1024","2","48000","-16","experiment","5","odd","present","2150680","2150680","NA","2190652","1312","169234","2232787","2233305","1371","150289","161699","2233305","2233803","2124105","2232771","Fraction component detection task","1561","869956","1583","yes","1280"
"98.6111111111","98.6111111111","549.614267677","549.614267677","#808080","no","legacy","legacy","legacy","0","uniform","1","undefined","undefined","undefined","1","a","7","7","0","1583","0","0","1583","1583","0","0","0","1583","1583","7","1583","Fri Apr 27 13:03:26 2018","#000000","high","2","The main experiment item","yes","","experiment.osexp","/Users/tom/github/sft-fraction/procedure","no","mono","no","24","no","white","no","yes","800","legacy","71","71","7","/Users/tom/github/sft-fraction/results/data/subject-5a.csv","legacy","#757575","low","2","Jazzy James","3.1.9","0","a","NA","space","space","space","a","return","633","NA","148901","11392","7534","633","26497","2","legacy","1024","2","48000","-16","experiment","5","odd","absent","2150680","2150680","NA","2233822","1312","169234","2234902","2235420","1371","150289","161699","2235420","2236073","2124105","2234886","Fraction component detection task","1562","870589","1584","yes","1280"
"98.6119873817","98.6119873817","549.572239748","549.572239748","#808080","no","legacy","legacy","legacy","0","uniform","1","undefined","undefined","undefined","1","l","7","7","0","1584","0","0","1584","1584","0","0","0","1584","1584","7","1584","Fri Apr 27 13:03:26 2018","#757575","low","2","The main experiment item","yes","","experiment.osexp","/Users/tom/github/sft-fraction/procedure","no","mono","no","24","no","white","no","yes","800","legacy","72","72","7","/Users/tom/github/sft-fraction/results/data/subject-5a.csv","legacy","#757575","low","8","Jazzy James","3.1.9","0","l","NA","space","space","space","l","return","483","NA","148901","11392","7534","483","26497","2","legacy","1024","2","48000","-16","experiment","5","odd","present","2150680","2150680","NA","2233822","1312","169234","2236160","2236682","1371","150289","161699","2236682","2237190","2124105","2236141","Fraction component detection task","1563","871072","1585","yes","1280"
"98.6128625473","98.6128625473","549.468474149","549.468474149","#808080","no","legacy","legacy","legacy","0","uniform","1","undefined","undefined","undefined","1","l","7","7","0","1585","0","0","1585","1585","0","0","0","1585","1585","7","1585","Fri Apr 27 13:03:26 2018","#000000","high","6","The main experiment item","yes","","experiment.osexp","/Users/tom/github/sft-fraction/procedure","no","mono","no","24","no","white","no","yes","800","legacy","73","73","7","/Users/tom/github/sft-fraction/results/data/subject-5a.csv","legacy","#000000","high","8","Jazzy James","3.1.9","0","l","NA","space","space","space","l","return","385","NA","148901","11392","7534","385","26497","2","legacy","1024","2","48000","-16","experiment","5","odd","present","2150680","2150680","NA","2233822","1312","169234","2237276","2237796","1371","150289","161699","2237796","2238202","2124105","2237260","Fraction component detection task","1564","871457","1586","yes","1280"
"98.61373661","98.61373661","549.471329553","549.471329553","#808080","no","legacy","legacy","legacy","0","uniform","1","undefined","undefined","undefined","1","a","7","7","0","1586","0","0","1586","1586","0","0","0","1586","1586","7","1586","Fri Apr 27 13:03:26 2018","#757575","low","3","The main experiment item","yes","","experiment.osexp","/Users/tom/github/sft-fraction/procedure","no","mono","no","24","no","white","no","yes","800","legacy","74","74","7","/Users/tom/github/sft-fraction/results/data/subject-5a.csv","legacy","#000000","high","3","Jazzy James","3.1.9","0","a","NA","space","space","space","a","return","554","NA","148901","11392","7534","554","26497","2","legacy","1024","2","48000","-16","experiment","5","odd","absent","2150680","2150680","NA","2233822","1312","169234","2238287","2238804","1371","150289","161699","2238804","2239384","2124105","2238267","Fraction component detection task","1565","872011","1587","yes","1280"
"98.6146095718","98.6146095718","549.520151134","549.520151134","#808080","no","legacy","legacy","legacy","0","uniform","1","undefined","undefined","undefined","1","a","7","7","0","1587","0","0","1587","1587","0","0","0","1587","1587","7","1587","Fri Apr 27 13:03:26 2018","#000000","high","4","The main experiment item","yes","","experiment.osexp","/Users/tom/github/sft-fraction/procedure","no","mono","no","24","no","white","no","yes","800","legacy","75","75","7","/Users/tom/github/sft-fraction/results/data/subject-5a.csv","legacy","#757575","low","4","Jazzy James","3.1.9","0","a","NA","space","space","space","a","return","627","NA","148901","11392","7534","627","26497","2","legacy","1024","2","48000","-16","experiment","5","odd","absent","2150680","2150680","NA","2233822","1312","169234","2239471","2239987","1371","150289","161699","2239987","2240639","2124105","2239455","Fraction component detection task","1566","872638","1588","yes","1280"
"98.6154814349","98.6154814349","549.748269352","549.748269352","#808080","no","legacy","legacy","legacy","0","uniform","1","undefined","undefined","undefined","1","l","7","7","0","1588","0","0","1588","1588","0","0","0","1588","1588","7","1588","Fri Apr 27 13:03:26 2018","#757575","low","6","The main experiment item","yes","","experiment.osexp","/Users/tom/github/sft-fraction/procedure","no","mono","no","24","no","white","no","yes","800","legacy","76","76","7","/Users/tom/github/sft-fraction/results/data/subject-5a.csv","legacy","#757575","low","2","Jazzy James","3.1.9","0","l","NA","space","space","space","l","return","912","NA","148901","11392","7534","912","26497","2","legacy","1024","2","48000","-16","experiment","5","odd","present","2150680","2150680","NA","2233822","1312","169234","2240726","2241245","1371","150289","161699","2241245","2242178","2124105","2240707","Fraction component detection task","1567","873550","1589","yes","1280"
"98.6163522013","98.6163522013","549.79245283","549.79245283","#808080","no","legacy","legacy","legacy","0","uniform","1","undefined","undefined","undefined","1","l","7","7","0","1589","0","0","1589","1589","0","0","0","1589","1589","7","1589","Fri Apr 27 13:03:26 2018","#757575","low","7","The main experiment item","yes","","experiment.osexp","/Users/tom/github/sft-fraction/procedure","no","mono","no","24","no","white","no","yes","800","legacy","77","77","7","/Users/tom/github/sft-fraction/results/data/subject-5a.csv","legacy","#000000","high","3","Jazzy James","3.1.9","0","l","NA","space","space","space","l","return","620","NA","148901","11392","7534","620","26497","2","legacy","1024","2","48000","-16","experiment","5","odd","present","2150680","2150680","NA","2233822","1312","169234","2242266","2242786","1371","150289","161699","2242786","2243433","2124105","2242249","Fraction component detection task","1568","874170","1590","yes","1280"
"98.617221873","98.617221873","549.794468887","549.794468887","#808080","no","legacy","legacy","legacy","0","uniform","1","undefined","undefined","undefined","1","a","7","7","0","1590","0","0","1590","1590","0","0","0","1590","1590","7","1590","Fri Apr 27 13:03:26 2018","#000000","high","2","The main experiment item","yes","","experiment.osexp","/Users/tom/github/sft-fraction/procedure","no","mono","no","24","no","white","no","yes","800","legacy","78","78","7","/Users/tom/github/sft-fraction/results/data/subject-5a.csv","legacy","#757575","low","2","Jazzy James","3.1.9","0","a","NA","space","space","space","a","return","553","NA","148901","11392","7534","553","26497","2","legacy","1024","2","48000","-16","experiment","5","odd","absent","2150680","2150680","NA","2233822","1312","169234","2243520","2244036","1371","150289","161699","2244037","2244611","2124105","2243504","Fraction component detection task","1569","874723","1591","yes","1280"
"98.6180904523","98.6180904523","550.009422111","550.009422111","#808080","no","legacy","legacy","legacy","0","uniform","1","undefined","undefined","undefined","1","a","7","7","0","1591","0","0","1591","1591","0","0","0","1591","1591","7","1591","Fri Apr 27 13:03:26 2018","#000000","high","3","The main experiment item","yes","","experiment.osexp","/Users/tom/github/sft-fraction/procedure","no","mono","no","24","no","white","no","yes","800","legacy","79","79","7","/Users/tom/github/sft-fraction/results/data/subject-5a.csv","legacy","#757575","low","4","Jazzy James","3.1.9","0","a","NA","space","space","space","a","return","892","NA","148901","11392","7534","892","26497","2","legacy","1024","2","48000","-16","experiment","5","odd","absent","2150680","2150680","NA","2233822","1312","169234","2244698","2245217","1371","150289","161699","2245217","2246130","2124105","2244682","Fraction component detection task","1570","875615","1592","yes","1280"
"98.618957941","98.618957941","550.033270559","550.033270559","#808080","no","legacy","legacy","legacy","0","uniform","1","undefined","undefined","undefined","1","a","7","7","0","1592","0","0","1592","1592","0","0","0","1592","1592","7","1592","Fri Apr 27 13:03:26 2018","#000000","high","2","The main experiment item","yes","","experiment.osexp","/Users/tom/github/sft-fraction/procedure","no","mono","no","24","no","white","no","yes","800","legacy","80","80","7","/Users/tom/github/sft-fraction/results/data/subject-5a.csv","legacy","#757575","low","4","Jazzy James","3.1.9","0","a","NA","space","space","space","a","return","588","NA","148901","11392","7534","588","26497","2","legacy","1024","2","48000","-16","experiment","5","odd","absent","2150680","2150680","NA","2233822","1312","169234","2246220","2246738","1371","150289","161699","2246738","2247348","2124105","2246199","Fraction component detection task","1571","876203","1593","yes","1280"
"98.6198243413","98.6198243413","550.056461731","550.056461731","#808080","no","legacy","legacy","legacy","0","uniform","1","undefined","undefined","undefined","1","l","7","7","0","1593","0","0","1593","1593","0","0","0","1593","1593","7","1593","Fri Apr 27 13:03:26 2018","#000000","high","2","The main experiment item","yes","","experiment.osexp","/Users/tom/github/sft-fraction/procedure","no","mono","no","24","no","white","no","yes","800","legacy","81","81","7","/Users/tom/github/sft-fraction/results/data/subject-5a.csv","legacy","#757575","low","7","Jazzy James","3.1.9","0","l","NA","space","space","space","l","return","587","NA","148901","11392","7534","587","26497","2","legacy","1024","2","48000","-16","experiment","5","odd","present","2150680","2150680","NA","2233822","1312","169234","2247433","2247955","1371","150289","161699","2247955","2248572","2124105","2247418","Fraction component detection task","1572","876790","1594","yes","1280"
"98.6206896552","98.6206896552","550.088401254","550.088401254","#808080","no","legacy","legacy","legacy","0","uniform","1","undefined","undefined","undefined","1","a","7","7","0","1594","0","0","1594","1594","0","0","0","1594","1594","7","1594","Fri Apr 27 13:03:26 2018","#757575","low","3","The main experiment item","yes","","experiment.osexp","/Users/tom/github/sft-fraction/procedure","no","mono","no","24","no","white","no","yes","800","legacy","82","82","7","/Users/tom/github/sft-fraction/results/data/subject-5a.csv","legacy","#000000","high","4","Jazzy James","3.1.9","0","a","NA","space","space","space","a","return","601","NA","148901","11392","7534","601","26497","2","legacy","1024","2","48000","-16","experiment","5","odd","absent","2150680","2150680","NA","2233822","1312","169234","2248656","2249173","1371","150289","161699","2249173","2249801","2124105","2248640","Fraction component detection task","1573","877391","1595","yes","1280"
"98.6215538847","98.6215538847","550.149749373","550.149749373","#808080","no","legacy","legacy","legacy","0","uniform","1","undefined","undefined","undefined","1","l","7","7","0","1595","0","0","1595","1595","0","0","0","1595","1595","7","1595","Fri Apr 27 13:03:26 2018","#757575","low","7","The main experiment item","yes","","experiment.osexp","/Users/tom/github/sft-fraction/procedure","no","mono","no","24","no","white","no","yes","800","legacy","83","83","7","/Users/tom/github/sft-fraction/results/data/subject-5a.csv","legacy","#757575","low","6","Jazzy James","3.1.9","0","l","NA","space","space","space","l","return","648","NA","148901","11392","7534","648","26497","2","legacy","1024","2","48000","-16","experiment","5","odd","present","2150680","2150680","NA","2233822","1312","169234","2249886","2250405","1371","150289","161699","2250406","2251076","2124105","2249870","Fraction component detection task","1574","878039","1596","yes","1280"
"98.6224170319","98.6224170319","550.278647464","550.278647464","#808080","no","legacy","legacy","legacy","0","uniform","1","undefined","undefined","undefined","1","a","7","7","0","1596","0","0","1596","1596","0","0","0","1596","1596","7","1596","Fri Apr 27 13:03:26 2018","#757575","low","3","The main experiment item","yes","","experiment.osexp","/Users/tom/github/sft-fraction/procedure","no","mono","no","24","no","white","no","yes","800","legacy","84","84","7","/Users/tom/github/sft-fraction/results/data/subject-5a.csv","legacy","#000000","high","2","Jazzy James","3.1.9","0","a","NA","space","space","space","a","return","756","NA","148901","11392","7534","756","26497","2","legacy","1024","2","48000","-16","experiment","5","odd","absent","2150680","2150680","NA","2233822","1312","169234","2251165","2251682","1371","150289","161699","2251682","2252461","2124105","2251147","Fraction component detection task","1575","878795","1597","yes","1280"
"98.6232790989","98.6232790989","550.306633292","550.306633292","#808080","no","legacy","legacy","legacy","0","uniform","1","undefined","undefined","undefined","1","a","7","7","0","1597","0","0","1597","1597","0","0","0","1597","1597","7","1597","Fri Apr 27 13:03:26 2018","#000000","high","3","The main experiment item","yes","","experiment.osexp","/Users/tom/github/sft-fraction/procedure","no","mono","no","24","no","white","no","yes","800","legacy","85","85","7","/Users/tom/github/sft-fraction/results/data/subject-5a.csv","legacy","#757575","low","3","Jazzy James","3.1.9","0","a","NA","space","space","space","a","return","595","NA","148901","11392","7534","595","26497","2","legacy","1024","2","48000","-16","experiment","5","odd","absent","2150680","2150680","NA","2233822","1312","169234","2252551","2253067","1371","150289","161699","2253067","2253684","2124105","2252535","Fraction component detection task","1576","879390","1598","yes","1280"
"98.6241400876","98.6241400876","550.328955597","550.328955597","#808080","no","legacy","legacy","legacy","0","uniform","1","undefined","undefined","undefined","1","a","7","7","0","1598","0","0","1598","1598","0","0","0","1598","1598","7","1598","Fri Apr 27 13:03:26 2018","#000000","high","3","The main experiment item","yes","","experiment.osexp","/Users/tom/github/sft-fraction/procedure","no","mono","no","24","no","white","no","yes","800","legacy","86","86","7","/Users/tom/github/sft-fraction/results/data/subject-5a.csv","legacy","#757575","low","2","Jazzy James","3.1.9","0","a","NA","space","space","space","a","return","586","NA","148901","11392","7534","586","26497","2","legacy","1024","2","48000","-16","experiment","5","odd","absent","2150680","2150680","NA","2233822","1312","169234","2253768","2254284","1371","150289","161699","2254284","2254892","2124105","2253752","Fraction component detection task","1577","879976","1599","yes","1280"
"98.625","98.625","550.280625","550.280625","#808080","no","legacy","legacy","legacy","0","uniform","1","undefined","undefined","undefined","1","l","7","7","0","1599","0","0","1599","1599","0","0","0","1599","1599","7","1599","Fri Apr 27 13:03:26 2018","#000000","high","3","The main experiment item","yes","","experiment.osexp","/Users/tom/github/sft-fraction/procedure","no","mono","no","24","no","white","no","yes","800","legacy","87","87","7","/Users/tom/github/sft-fraction/results/data/subject-5a.csv","legacy","#000000","high","8","Jazzy James","3.1.9","0","l","NA","space","space","space","l","return","473","NA","148901","11392","7534","473","26497","2","legacy","1024","2","48000","-16","experiment","5","odd","present","2150680","2150680","NA","2233822","1312","169234","2254978","2255494","1371","150289","161699","2255494","2255988","2124105","2254957","Fraction component detection task","1578","880449","1600","yes","1280"
"98.6258588382","98.6258588382","550.879450344","550.879450344","#808080","no","legacy","legacy","legacy","0","uniform","1","undefined","undefined","undefined","1","a","7","7","0","1600","0","0","1600","1600","0","0","0","1600","1600","7","1600","Fri Apr 27 13:03:26 2018","#000000","high","2","The main experiment item","yes","","experiment.osexp","/Users/tom/github/sft-fraction/procedure","no","mono","no","24","no","white","no","yes","800","legacy","88","88","7","/Users/tom/github/sft-fraction/results/data/subject-5a.csv","legacy","#757575","low","4","Jazzy James","3.1.9","0","a","NA","space","space","space","a","return","1509","NA","148901","11392","7534","1509","26497","2","legacy","1024","2","48000","-16","experiment","5","odd","absent","2150680","2150680","NA","2233822","1312","169234","2256076","2256593","1371","150289","161699","2256593","2258123","2124105","2256060","Fraction component detection task","1579","881958","1601","yes","1280"
"98.6267166042","98.6267166042","550.926966292","550.926966292","#808080","no","legacy","legacy","legacy","0","uniform","1","undefined","undefined","undefined","1","a","7","7","0","1601","0","0","1601","1601","0","0","0","1601","1601","7","1601","Fri Apr 27 13:03:26 2018","#757575","low","3","The main experiment item","yes","","experiment.osexp","/Users/tom/github/sft-fraction/procedure","no","mono","no","24","no","white","no","yes","800","legacy","89","89","7","/Users/tom/github/sft-fraction/results/data/subject-5a.csv","legacy","#000000","high","4","Jazzy James","3.1.9","0","a","NA","space","space","space","a","return","627","NA","148901","11392","7534","627","26497","2","legacy","1024","2","48000","-16","experiment","5","odd","absent","2150680","2150680","NA","2233822","1312","169234","2258213","2258732","1371","150289","161699","2258732","2259381","2124105","2258194","Fraction component detection task","1580","882585","1602","yes","1280"
"98.6275733001","98.6275733001","550.849033063","550.849033063","#808080","no","legacy","legacy","legacy","0","uniform","1","undefined","undefined","undefined","1","l","7","7","0","1602","0","0","1602","1602","0","0","0","1602","1602","7","1602","Fri Apr 27 13:03:26 2018","#000000","high","3","The main experiment item","yes","","experiment.osexp","/Users/tom/github/sft-fraction/procedure","no","mono","no","24","no","white","no","yes","800","legacy","90","90","7","/Users/tom/github/sft-fraction/results/data/subject-5a.csv","legacy","#757575","low","6","Jazzy James","3.1.9","0","l","NA","space","space","space","l","return","426","NA","148901","11392","7534","426","26497","2","legacy","1024","2","48000","-16","experiment","5","odd","present","2150680","2150680","NA","2233822","1312","169234","2259463","2259981","1371","150289","161699","2259981","2260432","2124105","2259447","Fraction component detection task","1581","883011","1603","yes","1280"
"98.6284289277","98.6284289277","550.876558603","550.876558603","#808080","no","legacy","legacy","legacy","0","uniform","1","undefined","undefined","undefined","1","l","7","7","0","1603","0","0","1603","1603","0","0","0","1603","1603","7","1603","Fri Apr 27 13:03:26 2018","#000000","high","4","The main experiment item","yes","","experiment.osexp","/Users/tom/github/sft-fraction/procedure","no","mono","no","24","no","white","no","yes","800","legacy","91","91","7","/Users/tom/github/sft-fraction/results/data/subject-5a.csv","legacy","#757575","low","7","Jazzy James","3.1.9","0","l","NA","space","space","space","l","return","595","NA","148901","11392","7534","595","26497","2","legacy","1024","2","48000","-16","experiment","5","odd","present","2150680","2150680","NA","2233822","1312","169234","2260517","2261036","1371","150289","161699","2261036","2261652","2124105","2260501","Fraction component detection task","1582","883606","1604","yes","1280"
"98.6292834891","98.6292834891","550.879127726","550.879127726","#808080","no","legacy","legacy","legacy","0","uniform","1","undefined","undefined","undefined","1","a","7","7","0","1604","0","0","1604","1604","0","0","0","1604","1604","7","1604","Fri Apr 27 13:03:26 2018","#757575","low","3","The main experiment item","yes","","experiment.osexp","/Users/tom/github/sft-fraction/procedure","no","mono","no","24","no","white","no","yes","800","legacy","92","92","7","/Users/tom/github/sft-fraction/results/data/subject-5a.csv","legacy","#000000","high","3","Jazzy James","3.1.9","0","a","NA","space","space","space","a","return","555","NA","148901","11392","7534","555","26497","2","legacy","1024","2","48000","-16","experiment","5","odd","absent","2150680","2150680","NA","2233822","1312","169234","2261735","2262252","1371","150289","161699","2262252","2262828","2124105","2261720","Fraction component detection task","1583","884161","1605","yes","1280"
"98.6301369863","98.6301369863","550.851183064","550.851183064","#808080","no","legacy","legacy","legacy","0","uniform","1","undefined","undefined","undefined","1","l","7","7","0","1605","0","0","1605","1605","0","0","0","1605","1605","7","1605","Fri Apr 27 13:03:26 2018","#000000","high","8","The main experiment item","yes","","experiment.osexp","/Users/tom/github/sft-fraction/procedure","no","mono","no","24","no","white","no","yes","800","legacy","93","93","7","/Users/tom/github/sft-fraction/results/data/subject-5a.csv","legacy","#757575","low","6","Jazzy James","3.1.9","0","l","NA","space","space","space","l","return","506","NA","148901","11392","7534","506","26497","2","legacy","1024","2","48000","-16","experiment","5","odd","present","2150680","2150680","NA","2233822","1312","169234","2262917","2263437","1371","150289","161699","2263437","2263964","2124105","2262901","Fraction component detection task","1584","884667","1606","yes","1280"
"98.6309894213","98.6309894213","551.024268824","551.024268824","#808080","no","legacy","legacy","legacy","0","uniform","1","undefined","undefined","undefined","1","a","7","7","0","1606","0","0","1606","1606","0","0","0","1606","1606","7","1606","Fri Apr 27 13:03:26 2018","#000000","high","2","The main experiment item","yes","","experiment.osexp","/Users/tom/github/sft-fraction/procedure","no","mono","no","24","no","white","no","yes","800","legacy","94","94","7","/Users/tom/github/sft-fraction/results/data/subject-5a.csv","legacy","#000000","high","2","Jazzy James","3.1.9","0","a","NA","space","space","space","a","return","829","NA","148901","11392","7534","829","26497","2","legacy","1024","2","48000","-16","experiment","5","odd","absent","2150680","2150680","NA","2233822","1312","169234","2264053","2264569","1371","150289","161699","2264570","2265420","2124105","2264032","Fraction component detection task","1585","885496","1607","yes","1280"
"98.631840796","98.631840796","551.237562189","551.237562189","#808080","no","legacy","legacy","legacy","0","uniform","1","undefined","undefined","undefined","1","a","7","7","0","1607","0","0","1607","1607","0","0","0","1607","1607","7","1607","Fri Apr 27 13:03:26 2018","#000000","high","4","The main experiment item","yes","","experiment.osexp","/Users/tom/github/sft-fraction/procedure","no","mono","no","24","no","white","no","yes","800","legacy","95","95","7","/Users/tom/github/sft-fraction/results/data/subject-5a.csv","legacy","#000000","high","4","Jazzy James","3.1.9","0","a","NA","space","space","space","a","return","894","NA","148901","11392","7534","894","26497","2","legacy","1024","2","48000","-16","experiment","5","odd","absent","2150680","2150680","NA","2233822","1312","169234","2265508","2266024","1371","150289","161699","2266025","2266941","2124105","2265488","Fraction component detection task","1586","886390","1608","yes","1280"
"98.6326911125","98.6326911125","551.239279055","551.239279055","#808080","no","legacy","legacy","legacy","0","uniform","1","undefined","undefined","undefined","1","l","7","7","0","1608","0","0","1608","1608","0","0","0","1608","1608","7","1608","Fri Apr 27 13:03:26 2018","#757575","low","7","The main experiment item","yes","","experiment.osexp","/Users/tom/github/sft-fraction/procedure","no","mono","no","24","no","white","no","yes","800","legacy","96","96","7","/Users/tom/github/sft-fraction/results/data/subject-5a.csv","legacy","#000000","high","6","Jazzy James","3.1.9","0","l","NA","space","space","space","l","return","554","NA","148901","11392","7534","554","26497","2","legacy","1024","2","48000","-16","experiment","5","odd","present","2150680","2150680","NA","2233822","1312","169234","2267021","2267540","1371","150289","161699","2267540","2268121","2124105","2267005","Fraction component detection task","1587","886944","1609","yes","1280"
"98.6335403727","98.6335403727","551.213043478","551.213043478","#808080","no","legacy","legacy","legacy","0","uniform","1","undefined","undefined","undefined","1","l","7","7","0","1609","0","0","1609","1609","0","0","0","1609","1609","7","1609","Fri Apr 27 13:03:26 2018","#757575","low","7","The main experiment item","yes","","experiment.osexp","/Users/tom/github/sft-fraction/procedure","no","mono","no","24","no","white","no","yes","800","legacy","97","97","7","/Users/tom/github/sft-fraction/results/data/subject-5a.csv","legacy","#757575","low","4","Jazzy James","3.1.9","0","l","NA","space","space","space","l","return","509","NA","148901","11392","7534","509","26497","2","legacy","1024","2","48000","-16","experiment","5","odd","present","2150680","2150680","NA","2233822","1312","169234","2268204","2268721","1371","150289","161699","2268721","2269253","2124105","2268188","Fraction component detection task","1588","887453","1610","yes","1280"
"98.6343885785","98.6343885785","551.230912477","551.230912477","#808080","no","legacy","legacy","legacy","0","uniform","1","undefined","undefined","undefined","1","a","7","7","0","1610","0","0","1610","1610","0","0","0","1610","1610","7","1610","Fri Apr 27 13:03:26 2018","#757575","low","2","The main experiment item","yes","","experiment.osexp","/Users/tom/github/sft-fraction/procedure","no","mono","no","24","no","white","no","yes","800","legacy","98","98","7","/Users/tom/github/sft-fraction/results/data/subject-5a.csv","legacy","#000000","high","3","Jazzy James","3.1.9","0","a","NA","space","space","space","a","return","580","NA","148901","11392","7534","580","26497","2","legacy","1024","2","48000","-16","experiment","5","odd","absent","2150680","2150680","NA","2233822","1312","169234","2269342","2269859","1371","150289","161699","2269859","2270460","2124105","2269322","Fraction component detection task","1589","888033","1611","yes","1280"
"98.635235732","98.635235732","551.20719603","551.20719603","#808080","no","legacy","legacy","legacy","0","uniform","1","undefined","undefined","undefined","1","l","7","7","0","1611","0","0","1611","1611","0","0","0","1611","1611","7","1611","Fri Apr 27 13:03:26 2018","#757575","low","3","The main experiment item","yes","","experiment.osexp","/Users/tom/github/sft-fraction/procedure","no","mono","no","24","no","white","no","yes","800","legacy","99","99","7","/Users/tom/github/sft-fraction/results/data/subject-5a.csv","legacy","#000000","high","7","Jazzy James","3.1.9","0","l","NA","space","space","space","l","return","513","NA","148901","11392","7534","513","26497","2","legacy","1024","2","48000","-16","experiment","5","odd","present","2150680","2150680","NA","2233822","1312","169234","2270553","2271069","1371","150289","161699","2271070","2271605","2124105","2270533","Fraction component detection task","1590","888546","1612","yes","1280"
"98.6360818351","98.6360818351","551.137631742","551.137631742","#808080","no","legacy","legacy","legacy","0","uniform","1","undefined","undefined","undefined","1","l","7","7","0","1612","0","0","1612","1612","0","0","0","1612","1612","7","1612","Fri Apr 27 13:03:26 2018","#757575","low","2","The main experiment item","yes","","experiment.osexp","/Users/tom/github/sft-fraction/procedure","no","mono","no","24","no","white","no","yes","800","legacy","100","100","7","/Users/tom/github/sft-fraction/results/data/subject-5a.csv","legacy","#757575","low","7","Jazzy James","3.1.9","0","l","NA","space","space","space","l","return","439","NA","148901","11392","7534","439","26497","2","legacy","1024","2","48000","-16","experiment","5","odd","present","2150680","2150680","NA","2233822","1312","169234","2271691","2272207","1371","150289","161699","2272208","2272669","2124105","2271673","Fraction component detection task","1591","888985","1613","yes","1280"
"98.6369268897","98.6369268897","551.071871128","551.071871128","#808080","no","legacy","legacy","legacy","0","uniform","1","undefined","undefined","undefined","1","a","7","7","0","1613","0","0","1613","1613","0","0","0","1613","1613","7","1613","Fri Apr 27 13:03:26 2018","#000000","high","3","The main experiment item","yes","","experiment.osexp","/Users/tom/github/sft-fraction/procedure","no","mono","no","24","no","white","no","yes","800","legacy","101","101","7","/Users/tom/github/sft-fraction/results/data/subject-5a.csv","legacy","#000000","high","3","Jazzy James","3.1.9","0","a","NA","space","space","space","a","return","445","NA","148901","11392","7534","445","26497","2","legacy","1024","2","48000","-16","experiment","5","odd","absent","2150680","2150680","NA","2233822","1312","169234","2272761","2273281","1371","150289","161699","2273282","2273749","2124105","2272740","Fraction component detection task","1592","889430","1614","yes","1280"
"98.6377708978","98.6377708978","551.033436533","551.033436533","#808080","no","legacy","legacy","legacy","0","uniform","1","undefined","undefined","undefined","1","l","7","7","0","1614","0","0","1614","1614","0","0","0","1614","1614","7","1614","Fri Apr 27 13:03:26 2018","#000000","high","7","The main experiment item","yes","","experiment.osexp","/Users/tom/github/sft-fraction/procedure","no","mono","no","24","no","white","no","yes","800","legacy","102","102","7","/Users/tom/github/sft-fraction/results/data/subject-5a.csv","legacy","#000000","high","6","Jazzy James","3.1.9","0","l","NA","space","space","space","l","return","489","NA","148901","11392","7534","489","26497","2","legacy","1024","2","48000","-16","experiment","5","odd","present","2150680","2150680","NA","2233822","1312","169234","2273838","2274358","1371","150289","161699","2274358","2274869","2124105","2273822","Fraction component detection task","1593","889919","1615","yes","1280"
"98.6386138614","98.6386138614","550.99009901","550.99009901","#808080","no","legacy","legacy","legacy","0","uniform","1","undefined","undefined","undefined","1","l","7","7","0","1615","0","0","1615","1615","0","0","0","1615","1615","7","1615","Fri Apr 27 13:03:26 2018","#757575","low","3","The main experiment item","yes","","experiment.osexp","/Users/tom/github/sft-fraction/procedure","no","mono","no","24","no","white","no","yes","800","legacy","103","103","7","/Users/tom/github/sft-fraction/results/data/subject-5a.csv","legacy","#000000","high","6","Jazzy James","3.1.9","0","l","NA","space","space","space","l","return","481","NA","148901","11392","7534","481","26497","2","legacy","1024","2","48000","-16","experiment","5","odd","present","2150680","2150680","NA","2233822","1312","169234","2274954","2275471","1371","150289","161699","2275471","2275973","2124105","2274938","Fraction component detection task","1594","890400","1616","yes","1280"
"98.6394557823","98.6394557823","550.972789116","550.972789116","#808080","no","legacy","legacy","legacy","0","uniform","1","undefined","undefined","undefined","1","a","7","7","0","1616","0","0","1616","1616","0","0","0","1616","1616","7","1616","Fri Apr 27 13:03:26 2018","#000000","high","3","The main experiment item","yes","","experiment.osexp","/Users/tom/github/sft-fraction/procedure","no","mono","no","24","no","white","no","yes","800","legacy","104","104","7","/Users/tom/github/sft-fraction/results/data/subject-5a.csv","legacy","#000000","high","4","Jazzy James","3.1.9","0","a","NA","space","space","space","a","return","523","NA","148901","11392","7534","523","26497","2","legacy","1024","2","48000","-16","experiment","5","odd","absent","2150680","2150680","NA","2233822","1312","169234","2276059","2276580","1371","150289","161699","2276580","2277128","2124105","2276039","Fraction component detection task","1595","890923","1617","yes","1280"
"98.6402966625","98.6402966625","550.950556242","550.950556242","#808080","no","legacy","legacy","legacy","0","uniform","1","undefined","undefined","undefined","1","a","7","7","0","1617","0","0","1617","1617","0","0","0","1617","1617","7","1617","Fri Apr 27 13:03:26 2018","#757575","low","4","The main experiment item","yes","","experiment.osexp","/Users/tom/github/sft-fraction/procedure","no","mono","no","24","no","white","no","yes","800","legacy","105","105","7","/Users/tom/github/sft-fraction/results/data/subject-5a.csv","legacy","#000000","high","4","Jazzy James","3.1.9","0","a","NA","space","space","space","a","return","515","NA","148901","11392","7534","515","26497","2","legacy","1024","2","48000","-16","experiment","5","odd","absent","2150680","2150680","NA","2233822","1312","169234","2277213","2277731","1371","150289","161699","2277732","2278268","2124105","2277197","Fraction component detection task","1596","891438","1618","yes","1280"
"98.641136504","98.641136504","550.899320568","550.899320568","#808080","no","legacy","legacy","legacy","0","uniform","1","undefined","undefined","undefined","1","l","7","7","0","1618","0","0","1618","1618","0","0","0","1618","1618","7","1618","Fri Apr 27 13:03:26 2018","#757575","low","6","The main experiment item","yes","","experiment.osexp","/Users/tom/github/sft-fraction/procedure","no","mono","no","24","no","white","no","yes","800","legacy","106","106","7","/Users/tom/github/sft-fraction/results/data/subject-5a.csv","legacy","#000000","high","4","Jazzy James","3.1.9","0","l","NA","space","space","space","l","return","468","NA","148901","11392","7534","468","26497","2","legacy","1024","2","48000","-16","experiment","5","odd","present","2150680","2150680","NA","2233822","1312","169234","2278350","2278867","1371","150289","161699","2278868","2279357","2124105","2278334","Fraction component detection task","1597","891906","1619","yes","1280"
"98.6419753086","98.6419753086","550.9","550.9","#808080","no","legacy","legacy","legacy","0","uniform","1","undefined","undefined","undefined","1","l","7","7","0","1619","0","0","1619","1619","0","0","0","1619","1619","7","1619","Fri Apr 27 13:03:26 2018","#000000","high","6","The main experiment item","yes","","experiment.osexp","/Users/tom/github/sft-fraction/procedure","no","mono","no","24","no","white","no","yes","800","legacy","107","107","7","/Users/tom/github/sft-fraction/results/data/subject-5a.csv","legacy","#757575","low","3","Jazzy James","3.1.9","0","l","NA","space","space","space","l","return","552","NA","148901","11392","7534","552","26497","2","legacy","1024","2","48000","-16","experiment","5","odd","present","2150680","2150680","NA","2233822","1312","169234","2279443","2279960","1371","150289","161699","2279960","2280536","2124105","2279428","Fraction component detection task","1598","892458","1620","yes","1280"
"98.6428130783","98.6428130783","550.872301049","550.872301049","#808080","no","legacy","legacy","legacy","0","uniform","1","undefined","undefined","undefined","1","l","7","7","0","1620","0","0","1620","1620","0","0","0","1620","1620","7","1620","Fri Apr 27 13:03:26 2018","#757575","low","4","The main experiment item","yes","","experiment.osexp","/Users/tom/github/sft-fraction/procedure","no","mono","no","24","no","white","no","yes","800","legacy","108","108","7","/Users/tom/github/sft-fraction/results/data/subject-5a.csv","legacy","#000000","high","8","Jazzy James","3.1.9","0","l","NA","space","space","space","l","return","506","NA","148901","11392","7534","506","26497","2","legacy","1024","2","48000","-16","experiment","5","odd","present","2150680","2150680","NA","2233822","1312","169234","2280618","2281134","1371","150289","161699","2281134","2281663","2124105","2280602","Fraction component detection task","1599","892964","1621","yes","1280"
"98.643649815","98.643649815","550.945745993","550.945745993","#808080","no","legacy","legacy","legacy","0","uniform","1","undefined","undefined","undefined","1","l","7","7","0","1621","0","0","1621","1621","0","0","0","1621","1621","7","1621","Fri Apr 27 13:03:26 2018","#757575","low","8","The main experiment item","yes","","experiment.osexp","/Users/tom/github/sft-fraction/procedure","no","mono","no","24","no","white","no","yes","800","legacy","109","109","7","/Users/tom/github/sft-fraction/results/data/subject-5a.csv","legacy","#757575","low","6","Jazzy James","3.1.9","0","l","NA","space","space","space","l","return","670","NA","148901","11392","7534","670","26497","2","legacy","1024","2","48000","-16","experiment","5","odd","present","2150680","2150680","NA","2233822","1312","169234","2281750","2282266","1371","150289","161699","2282266","2282961","2124105","2281733","Fraction component detection task","1600","893634","1622","yes","1280"
"98.6444855206","98.6444855206","550.89340727","550.89340727","#808080","no","legacy","legacy","legacy","0","uniform","1","undefined","undefined","undefined","1","l","7","7","0","1622","0","0","1622","1622","0","0","0","1622","1622","7","1622","Fri Apr 27 13:03:26 2018","#000000","high","6","The main experiment item","yes","","experiment.osexp","/Users/tom/github/sft-fraction/procedure","no","mono","no","24","no","white","no","yes","800","legacy","110","110","7","/Users/tom/github/sft-fraction/results/data/subject-5a.csv","legacy","#757575","low","8","Jazzy James","3.1.9","0","l","NA","space","space","space","l","return","466","NA","148901","11392","7534","466","26497","2","legacy","1024","2","48000","-16","experiment","5","odd","present","2150680","2150680","NA","2233822","1312","169234","2283045","2283564","1371","150289","161699","2283565","2284052","2124105","2283030","Fraction component detection task","1601","894100","1623","yes","1280"
"98.645320197","98.645320197","550.947660099","550.947660099","#808080","no","legacy","legacy","legacy","0","uniform","1","undefined","undefined","undefined","1","a","7","7","0","1623","0","0","1623","1623","0","0","0","1623","1623","7","1623","Fri Apr 27 13:03:26 2018","#757575","low","4","The main experiment item","yes","","experiment.osexp","/Users/tom/github/sft-fraction/procedure","no","mono","no","24","no","white","no","yes","800","legacy","111","111","7","/Users/tom/github/sft-fraction/results/data/subject-5a.csv","legacy","#000000","high","2","Jazzy James","3.1.9","0","a","NA","space","space","space","a","return","639","NA","148901","11392","7534","639","26497","2","legacy","1024","2","48000","-16","experiment","5","odd","absent","2150680","2150680","NA","2233822","1312","169234","2284139","2284656","1371","150289","161699","2284656","2285318","2124105","2284119","Fraction component detection task","1602","894739","1624","yes","1280"
"98.6461538462","98.6461538462","550.892307692","550.892307692","#808080","no","legacy","legacy","legacy","0","uniform","1","undefined","undefined","undefined","1","l","7","7","0","1624","0","0","1624","1624","0","0","0","1624","1624","7","1624","Fri Apr 27 13:03:26 2018","#000000","high","8","The main experiment item","yes","","experiment.osexp","/Users/tom/github/sft-fraction/procedure","no","mono","no","24","no","white","no","yes","800","legacy","112","112","7","/Users/tom/github/sft-fraction/results/data/subject-5a.csv","legacy","#757575","low","4","Jazzy James","3.1.9","0","l","NA","space","space","space","l","return","461","NA","148901","11392","7534","461","26497","2","legacy","1024","2","48000","-16","experiment","5","odd","present","2150680","2150680","NA","2233822","1312","169234","2285406","2285922","1371","150289","161699","2285923","2286407","2124105","2285388","Fraction component detection task","1603","895200","1625","yes","1280"
"98.6469864699","98.6469864699","550.832103321","550.832103321","#808080","no","legacy","legacy","legacy","0","uniform","1","undefined","undefined","undefined","1","a","7","7","0","1625","0","0","1625","1625","0","0","0","1625","1625","7","1625","Fri Apr 27 13:03:26 2018","#757575","low","2","The main experiment item","yes","","experiment.osexp","/Users/tom/github/sft-fraction/procedure","no","mono","no","24","no","white","no","yes","800","legacy","113","113","7","/Users/tom/github/sft-fraction/results/data/subject-5a.csv","legacy","#757575","low","2","Jazzy James","3.1.9","0","a","NA","space","space","space","a","return","453","NA","148901","11392","7534","453","26497","2","legacy","1024","2","48000","-16","experiment","5","odd","absent","2150680","2150680","NA","2233822","1312","169234","2286496","2287011","1371","150289","161699","2287011","2287485","2124105","2286475","Fraction component detection task","1604","895653","1626","yes","1280"
"98.6478180701","98.6478180701","550.987707437","550.987707437","#808080","no","legacy","legacy","legacy","0","uniform","1","undefined","undefined","undefined","1","l","7","7","0","1626","0","0","1626","1626","0","0","0","1626","1626","7","1626","Fri Apr 27 13:03:26 2018","#757575","low","8","The main experiment item","yes","","experiment.osexp","/Users/tom/github/sft-fraction/procedure","no","mono","no","24","no","white","no","yes","800","legacy","114","114","7","/Users/tom/github/sft-fraction/results/data/subject-5a.csv","legacy","#000000","high","4","Jazzy James","3.1.9","0","l","NA","space","space","space","l","return","804","NA","148901","11392","7534","804","26497","2","legacy","1024","2","48000","-16","experiment","5","odd","present","2150680","2150680","NA","2233822","1312","169234","2287575","2288092","1371","150289","161699","2288092","2288918","2124105","2287555","Fraction component detection task","1605","896457","1627","yes","1280"
"98.6486486486","98.6486486486","550.945945946","550.945945946","#808080","no","legacy","legacy","legacy","0","uniform","1","undefined","undefined","undefined","1","l","7","7","0","1627","0","0","1627","1627","0","0","0","1627","1627","7","1627","Fri Apr 27 13:03:26 2018","#757575","low","7","The main experiment item","yes","","experiment.osexp","/Users/tom/github/sft-fraction/procedure","no","mono","no","24","no","white","no","yes","800","legacy","115","115","7","/Users/tom/github/sft-fraction/results/data/subject-5a.csv","legacy","#757575","low","8","Jazzy James","3.1.9","0","l","NA","space","space","space","l","return","483","NA","148901","11392","7534","483","26497","2","legacy","1024","2","48000","-16","experiment","5","odd","present","2150680","2150680","NA","2233822","1312","169234","2289007","2289523","1371","150289","161699","2289524","2290029","2124105","2288987","Fraction component detection task","1606","896940","1628","yes","1280"
"98.6494782075","98.6494782075","550.947820749","550.947820749","#808080","no","legacy","legacy","legacy","0","uniform","1","undefined","undefined","undefined","1","l","7","7","0","1628","0","0","1628","1628","0","0","0","1628","1628","7","1628","Fri Apr 27 13:03:26 2018","#000000","high","7","The main experiment item","yes","","experiment.osexp","/Users/tom/github/sft-fraction/procedure","no","mono","no","24","no","white","no","yes","800","legacy","116","116","7","/Users/tom/github/sft-fraction/results/data/subject-5a.csv","legacy","#757575","low","7","Jazzy James","3.1.9","0","l","NA","space","space","space","l","return","554","NA","148901","11392","7534","554","26497","2","legacy","1024","2","48000","-16","experiment","5","odd","present","2150680","2150680","NA","2233822","1312","169234","2290119","2290636","1371","150289","161699","2290637","2291213","2124105","2290101","Fraction component detection task","1607","897494","1629","yes","1280"
"98.6503067485","98.6503067485","550.963190184","550.963190184","#808080","no","legacy","legacy","legacy","0","uniform","1","undefined","undefined","undefined","1","a","7","7","0","1629","0","0","1629","1629","0","0","0","1629","1629","7","1629","Fri Apr 27 13:03:26 2018","#757575","low","2","The main experiment item","yes","","experiment.osexp","/Users/tom/github/sft-fraction/procedure","no","mono","no","24","no","white","no","yes","800","legacy","117","117","7","/Users/tom/github/sft-fraction/results/data/subject-5a.csv","legacy","#757575","low","4","Jazzy James","3.1.9","0","a","NA","space","space","space","a","return","576","NA","148901","11392","7534","576","26497","2","legacy","1024","2","48000","-16","experiment","5","odd","absent","2150680","2150680","NA","2233822","1312","169234","2291299","2291816","1371","150289","161699","2291816","2292414","2124105","2291282","Fraction component detection task","1608","898070","1630","yes","1280"
"98.6511342735","98.6511342735","550.883507051","550.883507051","#808080","no","legacy","legacy","legacy","0","uniform","1","undefined","undefined","undefined","1","l","7","7","0","1630","0","0","1630","1630","0","0","0","1630","1630","7","1630","Fri Apr 27 13:03:26 2018","#000000","high","6","The main experiment item","yes","","experiment.osexp","/Users/tom/github/sft-fraction/procedure","no","mono","no","24","no","white","no","yes","800","legacy","118","118","7","/Users/tom/github/sft-fraction/results/data/subject-5a.csv","legacy","#000000","high","3","Jazzy James","3.1.9","0","l","NA","space","space","space","l","return","421","NA","148901","11392","7534","421","26497","2","legacy","1024","2","48000","-16","experiment","5","odd","present","2150680","2150680","NA","2233822","1312","169234","2292503","2293019","1371","150289","161699","2293019","2293464","2124105","2292482","Fraction component detection task","1609","898491","1631","yes","1280"
"98.6519607843","98.6519607843","550.847426471","550.847426471","#808080","no","legacy","legacy","legacy","0","uniform","1","undefined","undefined","undefined","1","a","7","7","0","1631","0","0","1631","1631","0","0","0","1631","1631","7","1631","Fri Apr 27 13:03:26 2018","#757575","low","2","The main experiment item","yes","","experiment.osexp","/Users/tom/github/sft-fraction/procedure","no","mono","no","24","no","white","no","yes","800","legacy","119","119","7","/Users/tom/github/sft-fraction/results/data/subject-5a.csv","legacy","#000000","high","2","Jazzy James","3.1.9","0","a","NA","space","space","space","a","return","492","NA","148901","11392","7534","492","26497","2","legacy","1024","2","48000","-16","experiment","5","odd","absent","2150680","2150680","NA","2233822","1312","169234","2293559","2294075","1371","150289","161699","2294076","2294590","2124105","2293541","Fraction component detection task","1610","898983","1632","yes","1280"
"98.6527862829","98.6527862829","550.768524189","550.768524189","#808080","no","legacy","legacy","legacy","0","uniform","1","undefined","undefined","undefined","1","l","7","7","0","1632","0","0","1632","1632","0","0","0","1632","1632","7","1632","Fri Apr 27 13:03:26 2018","#000000","high","8","The main experiment item","yes","","experiment.osexp","/Users/tom/github/sft-fraction/procedure","no","mono","no","24","no","white","no","yes","800","legacy","120","120","7","/Users/tom/github/sft-fraction/results/data/subject-5a.csv","legacy","#000000","high","8","Jazzy James","3.1.9","0","l","NA","space","space","space","l","return","422","NA","148901","11392","7534","422","26497","2","legacy","1024","2","48000","-16","experiment","5","odd","present","2150680","2150680","NA","2233822","1312","169234","2294678","2295194","1371","150289","161699","2295194","2295638","2124105","2294661","Fraction component detection task","1611","899405","1633","yes","1280"
"98.5924112607","98.5924112607","550.750917993","550.750917993","#808080","no","legacy","legacy","legacy","0","uniform","0","undefined","undefined","undefined","0","l","7","7","0","1633","0","0","1633","1633","0","0","0","1633","1633","7","1633","Fri Apr 27 13:03:26 2018","#000000","high","8","The main experiment item","yes","","experiment.osexp","/Users/tom/github/sft-fraction/procedure","no","mono","no","24","no","white","no","yes","800","legacy","121","121","7","/Users/tom/github/sft-fraction/results/data/subject-5a.csv","legacy","#000000","high","3","Jazzy James","3.1.9","0","a","NA","space","space","space","a","return","522","NA","148901","11392","7534","522","26497","2","legacy","1024","2","48000","-16","experiment","5","odd","present","2150680","2150680","NA","2233822","1312","169234","2295722","2296239","1371","150289","161699","2296239","2296782","2124105","2295705","Fraction component detection task","1611","899927","1634","yes","1280"
"98.5932721713","98.5932721713","550.741896024","550.741896024","#808080","no","legacy","legacy","legacy","0","uniform","1","undefined","undefined","undefined","1","l","7","7","0","1634","0","0","1634","1634","0","0","0","1634","1634","7","1634","Fri Apr 27 13:03:26 2018","#757575","low","4","The main experiment item","yes","","experiment.osexp","/Users/tom/github/sft-fraction/procedure","no","mono","no","24","no","white","no","yes","800","legacy","122","122","7","/Users/tom/github/sft-fraction/results/data/subject-5a.csv","legacy","#000000","high","6","Jazzy James","3.1.9","0","l","NA","space","space","space","l","return","536","NA","148901","11392","7534","536","26497","2","legacy","1024","2","48000","-16","experiment","5","odd","present","2150680","2150680","NA","2296801","1312","169234","2297882","2298401","1371","150289","161699","2298401","2298968","2124105","2297866","Fraction component detection task","1612","900463","1635","yes","1280"
"98.5941320293","98.5941320293","550.67603912","550.67603912","#808080","no","legacy","legacy","legacy","0","uniform","1","undefined","undefined","undefined","1","l","7","7","0","1635","0","0","1635","1635","0","0","0","1635","1635","7","1635","Fri Apr 27 13:03:26 2018","#000000","high","8","The main experiment item","yes","","experiment.osexp","/Users/tom/github/sft-fraction/procedure","no","mono","no","24","no","white","no","yes","800","legacy","123","123","7","/Users/tom/github/sft-fraction/results/data/subject-5a.csv","legacy","#757575","low","3","Jazzy James","3.1.9","0","l","NA","space","space","space","l","return","443","NA","148901","11392","7534","443","26497","2","legacy","1024","2","48000","-16","experiment","5","odd","present","2150680","2150680","NA","2296801","1312","169234","2299055","2299573","1371","150289","161699","2299573","2300037","2124105","2299038","Fraction component detection task","1613","900906","1636","yes","1280"
"98.5949908369","98.5949908369","550.590103849","550.590103849","#808080","no","legacy","legacy","legacy","0","uniform","1","undefined","undefined","undefined","1","l","7","7","0","1636","0","0","1636","1636","0","0","0","1636","1636","7","1636","Fri Apr 27 13:03:26 2018","#757575","low","4","The main experiment item","yes","","experiment.osexp","/Users/tom/github/sft-fraction/procedure","no","mono","no","24","no","white","no","yes","800","legacy","124","124","7","/Users/tom/github/sft-fraction/results/data/subject-5a.csv","legacy","#000000","high","7","Jazzy James","3.1.9","0","l","NA","space","space","space","l","return","410","NA","148901","11392","7534","410","26497","2","legacy","1024","2","48000","-16","experiment","5","odd","present","2150680","2150680","NA","2296801","1312","169234","2300126","2300645","1371","150289","161699","2300646","2301077","2124105","2300105","Fraction component detection task","1614","901316","1637","yes","1280"
"98.5958485958","98.5958485958","550.565323565","550.565323565","#808080","no","legacy","legacy","legacy","0","uniform","1","undefined","undefined","undefined","1","a","7","7","0","1637","0","0","1637","1637","0","0","0","1637","1637","7","1637","Fri Apr 27 13:03:26 2018","#000000","high","4","The main experiment item","yes","","experiment.osexp","/Users/tom/github/sft-fraction/procedure","no","mono","no","24","no","white","no","yes","800","legacy","125","125","7","/Users/tom/github/sft-fraction/results/data/subject-5a.csv","legacy","#757575","low","4","Jazzy James","3.1.9","0","a","NA","space","space","space","a","return","510","NA","148901","11392","7534","510","26497","2","legacy","1024","2","48000","-16","experiment","5","odd","absent","2150680","2150680","NA","2296801","1312","169234","2301157","2301674","1371","150289","161699","2301674","2302206","2124105","2301142","Fraction component detection task","1615","901826","1638","yes","1280"
"98.5967053081","98.5967053081","550.484441733","550.484441733","#808080","no","legacy","legacy","legacy","0","uniform","1","undefined","undefined","undefined","1","a","7","7","0","1638","0","0","1638","1638","0","0","0","1638","1638","7","1638","Fri Apr 27 13:03:26 2018","#757575","low","2","The main experiment item","yes","","experiment.osexp","/Users/tom/github/sft-fraction/procedure","no","mono","no","24","no","white","no","yes","800","legacy","126","126","7","/Users/tom/github/sft-fraction/results/data/subject-5a.csv","legacy","#757575","low","4","Jazzy James","3.1.9","0","a","NA","space","space","space","a","return","418","NA","148901","11392","7534","418","26497","2","legacy","1024","2","48000","-16","experiment","5","odd","absent","2150680","2150680","NA","2296801","1312","169234","2302295","2302814","1371","150289","161699","2302814","2303258","2124105","2302274","Fraction component detection task","1616","902244","1639","yes","1280"
"98.5975609756","98.5975609756","550.597560976","550.597560976","#808080","no","legacy","legacy","legacy","0","uniform","1","undefined","undefined","undefined","1","l","7","7","0","1639","0","0","1639","1639","0","0","0","1639","1639","7","1639","Fri Apr 27 13:03:26 2018","#757575","low","8","The main experiment item","yes","","experiment.osexp","/Users/tom/github/sft-fraction/procedure","no","mono","no","24","no","white","no","yes","800","legacy","127","127","7","/Users/tom/github/sft-fraction/results/data/subject-5a.csv","legacy","#757575","low","3","Jazzy James","3.1.9","0","l","NA","space","space","space","l","return","736","NA","148901","11392","7534","736","26497","2","legacy","1024","2","48000","-16","experiment","5","odd","present","2150680","2150680","NA","2296801","1312","169234","2303348","2303865","1371","150289","161699","2303865","2304623","2124105","2303327","Fraction component detection task","1617","902980","1640","yes","1280"
"98.5984156002","98.5984156002","550.575258988","550.575258988","#808080","no","legacy","legacy","legacy","0","uniform","1","undefined","undefined","undefined","1","l","7","7","0","1640","0","0","1640","1640","0","0","0","1640","1640","7","1640","Fri Apr 27 13:03:26 2018","#757575","low","7","The main experiment item","yes","","experiment.osexp","/Users/tom/github/sft-fraction/procedure","no","mono","no","24","no","white","no","yes","800","legacy","128","128","7","/Users/tom/github/sft-fraction/results/data/subject-5a.csv","legacy","#757575","low","3","Jazzy James","3.1.9","0","l","NA","space","space","space","l","return","514","NA","148901","11392","7534","514","26497","2","legacy","1024","2","48000","-16","experiment","5","odd","present","2150680","2150680","NA","2296801","1312","169234","2304711","2305231","1371","150289","161699","2305231","2305772","2124105","2304691","Fraction component detection task","1618","903494","1641","yes","1280"
"98.5992691839","98.5992691839","550.611449452","550.611449452","#808080","no","legacy","legacy","legacy","0","uniform","1","undefined","undefined","undefined","1","a","7","7","0","1641","0","0","1641","1641","0","0","0","1641","1641","7","1641","Fri Apr 27 13:03:26 2018","#000000","high","4","The main experiment item","yes","","experiment.osexp","/Users/tom/github/sft-fraction/procedure","no","mono","no","24","no","white","no","yes","800","legacy","129","129","7","/Users/tom/github/sft-fraction/results/data/subject-5a.csv","legacy","#757575","low","3","Jazzy James","3.1.9","0","a","NA","space","space","space","a","return","610","NA","148901","11392","7534","610","26497","2","legacy","1024","2","48000","-16","experiment","5","odd","absent","2150680","2150680","NA","2296801","1312","169234","2305860","2306383","1371","150289","161699","2306383","2307014","2124105","2305842","Fraction component detection task","1619","904104","1642","yes","1280"
"98.6001217285","98.6001217285","550.604382228","550.604382228","#808080","no","legacy","legacy","legacy","0","uniform","1","undefined","undefined","undefined","1","a","7","7","0","1642","0","0","1642","1642","0","0","0","1642","1642","7","1642","Fri Apr 27 13:03:26 2018","#757575","low","4","The main experiment item","yes","","experiment.osexp","/Users/tom/github/sft-fraction/procedure","no","mono","no","24","no","white","no","yes","800","legacy","130","130","7","/Users/tom/github/sft-fraction/results/data/subject-5a.csv","legacy","#757575","low","2","Jazzy James","3.1.9","0","a","NA","space","space","space","a","return","539","NA","148901","11392","7534","539","26497","2","legacy","1024","2","48000","-16","experiment","5","odd","absent","2150680","2150680","NA","2296801","1312","169234","2307096","2307613","1371","150289","161699","2307613","2308174","2124105","2307081","Fraction component detection task","1620","904643","1643","yes","1280"
"98.600973236","98.600973236","550.555961071","550.555961071","#808080","no","legacy","legacy","legacy","0","uniform","1","undefined","undefined","undefined","1","l","7","7","0","1643","0","0","1643","1643","0","0","0","1643","1643","7","1643","Fri Apr 27 13:03:26 2018","#757575","low","8","The main experiment item","yes","","experiment.osexp","/Users/tom/github/sft-fraction/procedure","no","mono","no","24","no","white","no","yes","800","legacy","131","131","7","/Users/tom/github/sft-fraction/results/data/subject-5a.csv","legacy","#757575","low","4","Jazzy James","3.1.9","0","l","NA","space","space","space","l","return","471","NA","148901","11392","7534","471","26497","2","legacy","1024","2","48000","-16","experiment","5","odd","present","2150680","2150680","NA","2296801","1312","169234","2308264","2308785","1371","150289","161699","2308785","2309282","2124105","2308244","Fraction component detection task","1621","905114","1644","yes","1280"
"98.6018237082","98.6018237082","550.57993921","550.57993921","#808080","no","legacy","legacy","legacy","0","uniform","1","undefined","undefined","undefined","1","a","7","7","0","1644","0","0","1644","1644","0","0","0","1644","1644","7","1644","Fri Apr 27 13:03:26 2018","#000000","high","3","The main experiment item","yes","","experiment.osexp","/Users/tom/github/sft-fraction/procedure","no","mono","no","24","no","white","no","yes","800","legacy","132","132","7","/Users/tom/github/sft-fraction/results/data/subject-5a.csv","legacy","#000000","high","2","Jazzy James","3.1.9","0","a","NA","space","space","space","a","return","590","NA","148901","11392","7534","590","26497","2","legacy","1024","2","48000","-16","experiment","5","odd","absent","2150680","2150680","NA","2296801","1312","169234","2309366","2309883","1371","150289","161699","2309883","2310497","2124105","2309350","Fraction component detection task","1622","905704","1645","yes","1280"
"98.602673147","98.602673147","550.568651276","550.568651276","#808080","no","legacy","legacy","legacy","0","uniform","1","undefined","undefined","undefined","1","l","7","7","0","1645","0","0","1645","1645","0","0","0","1645","1645","7","1645","Fri Apr 27 13:03:26 2018","#757575","low","3","The main experiment item","yes","","experiment.osexp","/Users/tom/github/sft-fraction/procedure","no","mono","no","24","no","white","no","yes","800","legacy","133","133","7","/Users/tom/github/sft-fraction/results/data/subject-5a.csv","legacy","#757575","low","6","Jazzy James","3.1.9","0","l","NA","space","space","space","l","return","532","NA","148901","11392","7534","532","26497","2","legacy","1024","2","48000","-16","experiment","5","odd","present","2150680","2150680","NA","2296801","1312","169234","2310591","2311109","1371","150289","161699","2311109","2311663","2124105","2310570","Fraction component detection task","1623","906236","1646","yes","1280"
"98.6035215543","98.6035215543","550.536733455","550.536733455","#808080","no","legacy","legacy","legacy","0","uniform","1","undefined","undefined","undefined","1","a","7","7","0","1646","0","0","1646","1646","0","0","0","1646","1646","7","1646","Fri Apr 27 13:03:26 2018","#000000","high","4","The main experiment item","yes","","experiment.osexp","/Users/tom/github/sft-fraction/procedure","no","mono","no","24","no","white","no","yes","800","legacy","134","134","7","/Users/tom/github/sft-fraction/results/data/subject-5a.csv","legacy","#757575","low","4","Jazzy James","3.1.9","0","a","NA","space","space","space","a","return","498","NA","148901","11392","7534","498","26497","2","legacy","1024","2","48000","-16","experiment","5","odd","absent","2150680","2150680","NA","2296801","1312","169234","2311746","2312263","1371","150289","161699","2312263","2312783","2124105","2311730","Fraction component detection task","1624","906734","1647","yes","1280"
"98.604368932","98.604368932","550.506674757","550.506674757","#808080","no","legacy","legacy","legacy","0","uniform","1","undefined","undefined","undefined","1","a","7","7","0","1647","0","0","1647","1647","0","0","0","1647","1647","7","1647","Fri Apr 27 13:03:26 2018","#757575","low","4","The main experiment item","yes","","experiment.osexp","/Users/tom/github/sft-fraction/procedure","no","mono","no","24","no","white","no","yes","800","legacy","135","135","7","/Users/tom/github/sft-fraction/results/data/subject-5a.csv","legacy","#000000","high","3","Jazzy James","3.1.9","0","a","NA","space","space","space","a","return","501","NA","148901","11392","7534","501","26497","2","legacy","1024","2","48000","-16","experiment","5","odd","absent","2150680","2150680","NA","2296801","1312","169234","2312871","2313388","1371","150289","161699","2313388","2313916","2124105","2312854","Fraction component detection task","1625","907235","1648","yes","1280"
"98.605215282","98.605215282","550.473013948","550.473013948","#808080","no","legacy","legacy","legacy","0","uniform","1","undefined","undefined","undefined","1","l","7","7","0","1648","0","0","1648","1648","0","0","0","1648","1648","7","1648","Fri Apr 27 13:03:26 2018","#000000","high","4","The main experiment item","yes","","experiment.osexp","/Users/tom/github/sft-fraction/procedure","no","mono","no","24","no","white","no","yes","800","legacy","136","136","7","/Users/tom/github/sft-fraction/results/data/subject-5a.csv","legacy","#757575","low","8","Jazzy James","3.1.9","0","l","NA","space","space","space","l","return","495","NA","148901","11392","7534","495","26497","2","legacy","1024","2","48000","-16","experiment","5","odd","present","2150680","2150680","NA","2296801","1312","169234","2314000","2314520","1371","150289","161699","2314521","2315042","2124105","2313985","Fraction component detection task","1626","907730","1649","yes","1280"
"98.6060606061","98.6060606061","550.475151515","550.475151515","#808080","no","legacy","legacy","legacy","0","uniform","1","undefined","undefined","undefined","1","a","7","7","0","1649","0","0","1649","1649","0","0","0","1649","1649","7","1649","Fri Apr 27 13:03:26 2018","#757575","low","2","The main experiment item","yes","","experiment.osexp","/Users/tom/github/sft-fraction/procedure","no","mono","no","24","no","white","no","yes","800","legacy","137","137","7","/Users/tom/github/sft-fraction/results/data/subject-5a.csv","legacy","#000000","high","2","Jazzy James","3.1.9","0","a","NA","space","space","space","a","return","554","NA","148901","11392","7534","554","26497","2","legacy","1024","2","48000","-16","experiment","5","odd","absent","2150680","2150680","NA","2296801","1312","169234","2315129","2315646","1371","150289","161699","2315646","2316223","2124105","2315113","Fraction component detection task","1627","908284","1650","yes","1280"
"98.6069049061","98.6069049061","550.424591157","550.424591157","#808080","no","legacy","legacy","legacy","0","uniform","1","undefined","undefined","undefined","1","a","7","7","0","1650","0","0","1650","1650","0","0","0","1650","1650","7","1650","Fri Apr 27 13:03:26 2018","#757575","low","2","The main experiment item","yes","","experiment.osexp","/Users/tom/github/sft-fraction/procedure","no","mono","no","24","no","white","no","yes","800","legacy","138","138","7","/Users/tom/github/sft-fraction/results/data/subject-5a.csv","legacy","#000000","high","3","Jazzy James","3.1.9","0","a","NA","space","space","space","a","return","467","NA","148901","11392","7534","467","26497","2","legacy","1024","2","48000","-16","experiment","5","odd","absent","2150680","2150680","NA","2296801","1312","169234","2316312","2316830","1371","150289","161699","2316830","2317320","2124105","2316294","Fraction component detection task","1628","908751","1651","yes","1280"
"98.607748184","98.607748184","550.399515738","550.399515738","#808080","no","legacy","legacy","legacy","0","uniform","1","undefined","undefined","undefined","1","a","7","7","0","1651","0","0","1651","1651","0","0","0","1651","1651","7","1651","Fri Apr 27 13:03:26 2018","#757575","low","3","The main experiment item","yes","","experiment.osexp","/Users/tom/github/sft-fraction/procedure","no","mono","no","24","no","white","no","yes","800","legacy","139","139","7","/Users/tom/github/sft-fraction/results/data/subject-5a.csv","legacy","#757575","low","3","Jazzy James","3.1.9","0","a","NA","space","space","space","a","return","509","NA","148901","11392","7534","509","26497","2","legacy","1024","2","48000","-16","experiment","5","odd","absent","2150680","2150680","NA","2296801","1312","169234","2317407","2317925","1371","150289","161699","2317925","2318455","2124105","2317392","Fraction component detection task","1629","909260","1652","yes","1280"
"98.6085904416","98.6085904416","550.326678766","550.326678766","#808080","no","legacy","legacy","legacy","0","uniform","1","undefined","undefined","undefined","1","l","7","7","0","1652","0","0","1652","1652","0","0","0","1652","1652","7","1652","Fri Apr 27 13:03:26 2018","#000000","high","8","The main experiment item","yes","","experiment.osexp","/Users/tom/github/sft-fraction/procedure","no","mono","no","24","no","white","no","yes","800","legacy","140","140","7","/Users/tom/github/sft-fraction/results/data/subject-5a.csv","legacy","#000000","high","7","Jazzy James","3.1.9","0","l","NA","space","space","space","l","return","430","NA","148901","11392","7534","430","26497","2","legacy","1024","2","48000","-16","experiment","5","odd","present","2150680","2150680","NA","2296801","1312","169234","2318542","2319060","1371","150289","161699","2319060","2319513","2124105","2318526","Fraction component detection task","1630","909690","1653","yes","1280"
"98.6094316808","98.6094316808","550.252116082","550.252116082","#808080","no","legacy","legacy","legacy","0","uniform","1","undefined","undefined","undefined","1","l","7","7","0","1653","0","0","1653","1653","0","0","0","1653","1653","7","1653","Fri Apr 27 13:03:26 2018","#757575","low","6","The main experiment item","yes","","experiment.osexp","/Users/tom/github/sft-fraction/procedure","no","mono","no","24","no","white","no","yes","800","legacy","141","141","7","/Users/tom/github/sft-fraction/results/data/subject-5a.csv","legacy","#757575","low","6","Jazzy James","3.1.9","0","l","NA","space","space","space","l","return","427","NA","148901","11392","7534","427","26497","2","legacy","1024","2","48000","-16","experiment","5","odd","present","2150680","2150680","NA","2296801","1312","169234","2319601","2320119","1371","150289","161699","2320119","2320568","2124105","2319585","Fraction component detection task","1631","910117","1654","yes","1280"
"98.6102719033","98.6102719033","550.326888218","550.326888218","#808080","no","legacy","legacy","legacy","0","uniform","1","undefined","undefined","undefined","1","a","7","7","0","1654","0","0","1654","1654","0","0","0","1654","1654","7","1654","Fri Apr 27 13:03:26 2018","#000000","high","4","The main experiment item","yes","","experiment.osexp","/Users/tom/github/sft-fraction/procedure","no","mono","no","24","no","white","no","yes","800","legacy","142","142","7","/Users/tom/github/sft-fraction/results/data/subject-5a.csv","legacy","#757575","low","3","Jazzy James","3.1.9","0","a","NA","space","space","space","a","return","674","NA","148901","11392","7534","674","26497","2","legacy","1024","2","48000","-16","experiment","5","odd","absent","2150680","2150680","NA","2296801","1312","169234","2320651","2321168","1371","150289","161699","2321168","2321866","2124105","2320635","Fraction component detection task","1632","910791","1655","yes","1280"
"98.6111111111","98.6111111111","550.262077295","550.262077295","#808080","no","legacy","legacy","legacy","0","uniform","1","undefined","undefined","undefined","1","l","7","7","0","1655","0","0","1655","1655","0","0","0","1655","1655","7","1655","Fri Apr 27 13:03:26 2018","#000000","high","8","The main experiment item","yes","","experiment.osexp","/Users/tom/github/sft-fraction/procedure","no","mono","no","24","no","white","no","yes","800","legacy","143","143","7","/Users/tom/github/sft-fraction/results/data/subject-5a.csv","legacy","#000000","high","4","Jazzy James","3.1.9","0","l","NA","space","space","space","l","return","443","NA","148901","11392","7534","443","26497","2","legacy","1024","2","48000","-16","experiment","5","odd","present","2150680","2150680","NA","2296801","1312","169234","2321960","2322479","1371","150289","161699","2322479","2322944","2124105","2321940","Fraction component detection task","1633","911234","1656","yes","1280"
"98.611949306","98.611949306","550.222691611","550.222691611","#808080","no","legacy","legacy","legacy","0","uniform","1","undefined","undefined","undefined","1","a","7","7","0","1656","0","0","1656","1656","0","0","0","1656","1656","7","1656","Fri Apr 27 13:03:26 2018","#000000","high","2","The main experiment item","yes","","experiment.osexp","/Users/tom/github/sft-fraction/procedure","no","mono","no","24","no","white","no","yes","800","legacy","144","144","7","/Users/tom/github/sft-fraction/results/data/subject-5a.csv","legacy","#000000","high","4","Jazzy James","3.1.9","0","a","NA","space","space","space","a","return","485","NA","148901","11392","7534","485","26497","2","legacy","1024","2","48000","-16","experiment","5","odd","absent","2150680","2150680","NA","2296801","1312","169234","2323031","2323548","1371","150289","161699","2323548","2324055","2124105","2323011","Fraction component detection task","1634","911719","1657","yes","1280"
"98.6127864897","98.6127864897","550.162243667","550.162243667","#808080","no","legacy","legacy","legacy","0","uniform","1","undefined","undefined","undefined","1","l","7","7","0","1657","0","0","1657","1657","0","0","0","1657","1657","7","1657","Fri Apr 27 13:03:26 2018","#000000","high","8","The main experiment item","yes","","experiment.osexp","/Users/tom/github/sft-fraction/procedure","no","mono","no","24","no","white","no","yes","800","legacy","145","145","7","/Users/tom/github/sft-fraction/results/data/subject-5a.csv","legacy","#000000","high","2","Jazzy James","3.1.9","0","l","NA","space","space","space","l","return","450","NA","148901","11392","7534","450","26497","2","legacy","1024","2","48000","-16","experiment","5","odd","present","2150680","2150680","NA","2296801","1312","169234","2324150","2324671","1371","150289","161699","2324671","2325143","2124105","2324127","Fraction component detection task","1635","912169","1658","yes","1280"
"98.6136226643","98.6136226643","550.132007233","550.132007233","#808080","no","legacy","legacy","legacy","0","uniform","1","undefined","undefined","undefined","1","a","7","7","0","1658","0","0","1658","1658","0","0","0","1658","1658","7","1658","Fri Apr 27 13:03:26 2018","#757575","low","3","The main experiment item","yes","","experiment.osexp","/Users/tom/github/sft-fraction/procedure","no","mono","no","24","no","white","no","yes","800","legacy","146","146","7","/Users/tom/github/sft-fraction/results/data/subject-5a.csv","legacy","#757575","low","4","Jazzy James","3.1.9","0","a","NA","space","space","space","a","return","500","NA","148901","11392","7534","500","26497","2","legacy","1024","2","48000","-16","experiment","5","odd","absent","2150680","2150680","NA","2296801","1312","169234","2325229","2325749","1371","150289","161699","2325749","2326271","2124105","2325208","Fraction component detection task","1636","912669","1659","yes","1280"
"98.6144578313","98.6144578313","550.072891566","550.072891566","#808080","no","legacy","legacy","legacy","0","uniform","1","undefined","undefined","undefined","1","a","7","7","0","1659","0","0","1659","1659","0","0","0","1659","1659","7","1659","Fri Apr 27 13:03:26 2018","#757575","low","2","The main experiment item","yes","","experiment.osexp","/Users/tom/github/sft-fraction/procedure","no","mono","no","24","no","white","no","yes","800","legacy","147","147","7","/Users/tom/github/sft-fraction/results/data/subject-5a.csv","legacy","#757575","low","3","Jazzy James","3.1.9","0","a","NA","space","space","space","a","return","452","NA","148901","11392","7534","452","26497","2","legacy","1024","2","48000","-16","experiment","5","odd","absent","2150680","2150680","NA","2296801","1312","169234","2326357","2326878","1371","150289","161699","2326878","2327352","2124105","2326341","Fraction component detection task","1637","913121","1660","yes","1280"
"98.6152919928","98.6152919928","550.116195063","550.116195063","#808080","no","legacy","legacy","legacy","0","uniform","1","undefined","undefined","undefined","1","a","7","7","0","1660","0","0","1660","1660","0","0","0","1660","1660","7","1660","Fri Apr 27 13:03:26 2018","#000000","high","4","The main experiment item","yes","","experiment.osexp","/Users/tom/github/sft-fraction/procedure","no","mono","no","24","no","white","no","yes","800","legacy","148","148","7","/Users/tom/github/sft-fraction/results/data/subject-5a.csv","legacy","#000000","high","3","Jazzy James","3.1.9","0","a","NA","space","space","space","a","return","622","NA","148901","11392","7534","622","26497","2","legacy","1024","2","48000","-16","experiment","5","odd","absent","2150680","2150680","NA","2296801","1312","169234","2327440","2327956","1371","150289","161699","2327956","2328605","2124105","2327425","Fraction component detection task","1638","913743","1661","yes","1280"
"98.6161251504","98.6161251504","550.041516245","550.041516245","#808080","no","legacy","legacy","legacy","0","uniform","1","undefined","undefined","undefined","1","a","7","7","0","1661","0","0","1661","1661","0","0","0","1661","1661","7","1661","Fri Apr 27 13:03:26 2018","#000000","high","3","The main experiment item","yes","","experiment.osexp","/Users/tom/github/sft-fraction/procedure","no","mono","no","24","no","white","no","yes","800","legacy","149","149","7","/Users/tom/github/sft-fraction/results/data/subject-5a.csv","legacy","#757575","low","2","Jazzy James","3.1.9","0","a","NA","space","space","space","a","return","426","NA","148901","11392","7534","426","26497","2","legacy","1024","2","48000","-16","experiment","5","odd","absent","2150680","2150680","NA","2296801","1312","169234","2328688","2329208","1371","150289","161699","2329208","2329656","2124105","2328669","Fraction component detection task","1639","914169","1662","yes","1280"
"98.6169573061","98.6169573061","550.28923632","550.28923632","#808080","no","legacy","legacy","legacy","0","uniform","1","undefined","undefined","undefined","1","l","7","7","0","1662","0","0","1662","1662","0","0","0","1662","1662","7","1662","Fri Apr 27 13:03:26 2018","#757575","low","8","The main experiment item","yes","","experiment.osexp","/Users/tom/github/sft-fraction/procedure","no","mono","no","24","no","white","no","yes","800","legacy","150","150","7","/Users/tom/github/sft-fraction/results/data/subject-5a.csv","legacy","#000000","high","8","Jazzy James","3.1.9","0","l","NA","space","space","space","l","return","962","NA","148901","11392","7534","962","26497","2","legacy","1024","2","48000","-16","experiment","5","odd","present","2150680","2150680","NA","2296801","1312","169234","2329740","2330263","1371","150289","161699","2330263","2331248","2124105","2329724","Fraction component detection task","1640","915131","1663","yes","1280"
"98.6177884615","98.6177884615","550.271634615","550.271634615","#808080","no","legacy","legacy","legacy","0","uniform","1","undefined","undefined","undefined","1","a","7","7","0","1663","0","0","1663","1663","0","0","0","1663","1663","7","1663","Fri Apr 27 13:03:26 2018","#000000","high","4","The main experiment item","yes","","experiment.osexp","/Users/tom/github/sft-fraction/procedure","no","mono","no","24","no","white","no","yes","800","legacy","151","151","7","/Users/tom/github/sft-fraction/results/data/subject-5a.csv","legacy","#000000","high","2","Jazzy James","3.1.9","0","a","NA","space","space","space","a","return","521","NA","148901","11392","7534","521","26497","2","legacy","1024","2","48000","-16","experiment","5","odd","absent","2150680","2150680","NA","2296801","1312","169234","2331332","2331848","1371","150289","161699","2331849","2332396","2124105","2331316","Fraction component detection task","1641","915652","1664","yes","1280"
"98.6186186186","98.6186186186","550.225825826","550.225825826","#808080","no","legacy","legacy","legacy","0","uniform","1","undefined","undefined","undefined","1","l","7","7","0","1664","0","0","1664","1664","0","0","0","1664","1664","7","1664","Fri Apr 27 13:03:26 2018","#000000","high","7","The main experiment item","yes","","experiment.osexp","/Users/tom/github/sft-fraction/procedure","no","mono","no","24","no","white","no","yes","800","legacy","152","152","7","/Users/tom/github/sft-fraction/results/data/subject-5a.csv","legacy","#000000","high","7","Jazzy James","3.1.9","0","l","NA","space","space","space","l","return","474","NA","148901","11392","7534","474","26497","2","legacy","1024","2","48000","-16","experiment","5","odd","present","2150680","2150680","NA","2296801","1312","169234","2332482","2332999","1371","150289","161699","2333000","2333501","2124105","2332466","Fraction component detection task","1642","916126","1665","yes","1280"
"98.6194477791","98.6194477791","550.174669868","550.174669868","#808080","no","legacy","legacy","legacy","0","uniform","1","undefined","undefined","undefined","1","l","7","7","0","1665","0","0","1665","1665","0","0","0","1665","1665","7","1665","Fri Apr 27 13:03:26 2018","#000000","high","8","The main experiment item","yes","","experiment.osexp","/Users/tom/github/sft-fraction/procedure","no","mono","no","24","no","white","no","yes","800","legacy","153","153","7","/Users/tom/github/sft-fraction/results/data/subject-5a.csv","legacy","#757575","low","8","Jazzy James","3.1.9","0","l","NA","space","space","space","l","return","465","NA","148901","11392","7534","465","26497","2","legacy","1024","2","48000","-16","experiment","5","odd","present","2150680","2150680","NA","2296801","1312","169234","2333589","2334105","1371","150289","161699","2334105","2334592","2124105","2333569","Fraction component detection task","1643","916591","1666","yes","1280"
"98.6202759448","98.6202759448","550.151769646","550.151769646","#808080","no","legacy","legacy","legacy","0","uniform","1","undefined","undefined","undefined","1","l","7","7","0","1666","0","0","1666","1666","0","0","0","1666","1666","7","1666","Fri Apr 27 13:03:26 2018","#000000","high","7","The main experiment item","yes","","experiment.osexp","/Users/tom/github/sft-fraction/procedure","no","mono","no","24","no","white","no","yes","800","legacy","154","154","7","/Users/tom/github/sft-fraction/results/data/subject-5a.csv","legacy","#757575","low","6","Jazzy James","3.1.9","0","l","NA","space","space","space","l","return","512","NA","148901","11392","7534","512","26497","2","legacy","1024","2","48000","-16","experiment","5","odd","present","2150680","2150680","NA","2296801","1312","169234","2334678","2335194","1371","150289","161699","2335194","2335728","2124105","2334658","Fraction component detection task","1644","917103","1667","yes","1280"
"98.6211031175","98.6211031175","550.086930456","550.086930456","#808080","no","legacy","legacy","legacy","0","uniform","1","undefined","undefined","undefined","1","l","7","7","0","1667","0","0","1667","1667","0","0","0","1667","1667","7","1667","Fri Apr 27 13:03:26 2018","#000000","high","2","The main experiment item","yes","","experiment.osexp","/Users/tom/github/sft-fraction/procedure","no","mono","no","24","no","white","no","yes","800","legacy","155","155","7","/Users/tom/github/sft-fraction/results/data/subject-5a.csv","legacy","#000000","high","8","Jazzy James","3.1.9","0","l","NA","space","space","space","l","return","442","NA","148901","11392","7534","442","26497","2","legacy","1024","2","48000","-16","experiment","5","odd","present","2150680","2150680","NA","2296801","1312","169234","2335818","2336337","1371","150289","161699","2336337","2336803","2124105","2335798","Fraction component detection task","1645","917545","1668","yes","1280"
"98.621929299","98.621929299","550.026962253","550.026962253","#808080","no","legacy","legacy","legacy","0","uniform","1","undefined","undefined","undefined","1","a","7","7","0","1668","0","0","1668","1668","0","0","0","1668","1668","7","1668","Fri Apr 27 13:03:26 2018","#000000","high","2","The main experiment item","yes","","experiment.osexp","/Users/tom/github/sft-fraction/procedure","no","mono","no","24","no","white","no","yes","800","legacy","156","156","7","/Users/tom/github/sft-fraction/results/data/subject-5a.csv","legacy","#000000","high","2","Jazzy James","3.1.9","0","a","NA","space","space","space","a","return","450","NA","148901","11392","7534","450","26497","2","legacy","1024","2","48000","-16","experiment","5","odd","absent","2150680","2150680","NA","2296801","1312","169234","2336892","2337409","1371","150289","161699","2337409","2337883","2124105","2336872","Fraction component detection task","1646","917995","1669","yes","1280"
"98.622754491","98.622754491","549.982634731","549.982634731","#808080","no","legacy","legacy","legacy","0","uniform","1","undefined","undefined","undefined","1","l","7","7","0","1669","0","0","1669","1669","0","0","0","1669","1669","7","1669","Fri Apr 27 13:03:26 2018","#000000","high","6","The main experiment item","yes","","experiment.osexp","/Users/tom/github/sft-fraction/procedure","no","mono","no","24","no","white","no","yes","800","legacy","157","157","7","/Users/tom/github/sft-fraction/results/data/subject-5a.csv","legacy","#757575","low","6","Jazzy James","3.1.9","0","l","NA","space","space","space","l","return","476","NA","148901","11392","7534","476","26497","2","legacy","1024","2","48000","-16","experiment","5","odd","present","2150680","2150680","NA","2296801","1312","169234","2337968","2338487","1371","150289","161699","2338487","2338985","2124105","2337953","Fraction component detection task","1647","918471","1670","yes","1280"
"98.6235786954","98.6235786954","549.909036505","549.909036505","#808080","no","legacy","legacy","legacy","0","uniform","1","undefined","undefined","undefined","1","a","7","7","0","1670","0","0","1670","1670","0","0","0","1670","1670","7","1670","Fri Apr 27 13:03:26 2018","#757575","low","4","The main experiment item","yes","","experiment.osexp","/Users/tom/github/sft-fraction/procedure","no","mono","no","24","no","white","no","yes","800","legacy","158","158","7","/Users/tom/github/sft-fraction/results/data/subject-5a.csv","legacy","#757575","low","2","Jazzy James","3.1.9","0","a","NA","space","space","space","a","return","427","NA","148901","11392","7534","427","26497","2","legacy","1024","2","48000","-16","experiment","5","odd","absent","2150680","2150680","NA","2296801","1312","169234","2339071","2339591","1371","150289","161699","2339591","2340047","2124105","2339054","Fraction component detection task","1648","918898","1671","yes","1280"
"98.6244019139","98.6244019139","549.940789474","549.940789474","#808080","no","legacy","legacy","legacy","0","uniform","1","undefined","undefined","undefined","1","l","7","7","0","1671","0","0","1671","1671","0","0","0","1671","1671","7","1671","Fri Apr 27 13:03:26 2018","#757575","low","8","The main experiment item","yes","","experiment.osexp","/Users/tom/github/sft-fraction/procedure","no","mono","no","24","no","white","no","yes","800","legacy","159","159","7","/Users/tom/github/sft-fraction/results/data/subject-5a.csv","legacy","#000000","high","2","Jazzy James","3.1.9","0","l","NA","space","space","space","l","return","603","NA","148901","11392","7534","603","26497","2","legacy","1024","2","48000","-16","experiment","5","odd","present","2150680","2150680","NA","2296801","1312","169234","2340135","2340655","1371","150289","161699","2340655","2341280","2124105","2340119","Fraction component detection task","1649","919501","1672","yes","1280"
"98.6252241482","98.6252241482","549.922295278","549.922295278","#808080","no","legacy","legacy","legacy","0","uniform","1","undefined","undefined","undefined","1","a","7","7","0","1672","0","0","1672","1672","0","0","0","1672","1672","7","1672","Fri Apr 27 13:03:26 2018","#757575","low","4","The main experiment item","yes","","experiment.osexp","/Users/tom/github/sft-fraction/procedure","no","mono","no","24","no","white","no","yes","800","legacy","160","160","7","/Users/tom/github/sft-fraction/results/data/subject-5a.csv","legacy","#000000","high","3","Jazzy James","3.1.9","0","a","NA","space","space","space","a","return","519","NA","148901","11392","7534","519","26497","2","legacy","1024","2","48000","-16","experiment","5","odd","absent","2150680","2150680","NA","2296801","1312","169234","2341367","2341884","1371","150289","161699","2341884","2342430","2124105","2341352","Fraction component detection task","1650","920020","1673","yes","1280"
"98.6260454002","98.6260454002","549.959378734","549.959378734","#808080","no","legacy","legacy","legacy","0","uniform","1","undefined","undefined","undefined","1","a","7","7","0","1673","0","0","1673","1673","0","0","0","1673","1673","7","1673","Fri Apr 27 13:03:26 2018","#757575","low","3","The main experiment item","yes","","experiment.osexp","/Users/tom/github/sft-fraction/procedure","no","mono","no","24","no","white","no","yes","800","legacy","161","161","7","/Users/tom/github/sft-fraction/results/data/subject-5a.csv","legacy","#757575","low","4","Jazzy James","3.1.9","0","a","NA","space","space","space","a","return","612","NA","148901","11392","7534","612","26497","2","legacy","1024","2","48000","-16","experiment","5","odd","absent","2150680","2150680","NA","2296801","1312","169234","2342515","2343031","1371","150289","161699","2343031","2343664","2124105","2342499","Fraction component detection task","1651","920632","1674","yes","1280"
"98.6268656716","98.6268656716","549.922985075","549.922985075","#808080","no","legacy","legacy","legacy","0","uniform","1","undefined","undefined","undefined","1","l","7","7","0","1674","0","0","1674","1674","0","0","0","1674","1674","7","1674","Fri Apr 27 13:03:26 2018","#000000","high","6","The main experiment item","yes","","experiment.osexp","/Users/tom/github/sft-fraction/procedure","no","mono","no","24","no","white","no","yes","800","legacy","162","162","7","/Users/tom/github/sft-fraction/results/data/subject-5a.csv","legacy","#757575","low","7","Jazzy James","3.1.9","0","l","NA","space","space","space","l","return","489","NA","148901","11392","7534","489","26497","2","legacy","1024","2","48000","-16","experiment","5","odd","present","2150680","2150680","NA","2296801","1312","169234","2343756","2344274","1371","150289","161699","2344274","2344789","2124105","2343736","Fraction component detection task","1652","921121","1675","yes","1280"
"98.6276849642","98.6276849642","549.861575179","549.861575179","#808080","no","legacy","legacy","legacy","0","uniform","1","undefined","undefined","undefined","1","l","7","7","0","1675","0","0","1675","1675","0","0","0","1675","1675","7","1675","Fri Apr 27 13:03:26 2018","#000000","high","3","The main experiment item","yes","","experiment.osexp","/Users/tom/github/sft-fraction/procedure","no","mono","no","24","no","white","no","yes","800","legacy","163","163","7","/Users/tom/github/sft-fraction/results/data/subject-5a.csv","legacy","#757575","low","7","Jazzy James","3.1.9","0","l","NA","space","space","space","l","return","447","NA","148901","11392","7534","447","26497","2","legacy","1024","2","48000","-16","experiment","5","odd","present","2150680","2150680","NA","2296801","1312","169234","2344877","2345395","1371","150289","161699","2345396","2345865","2124105","2344861","Fraction component detection task","1653","921568","1676","yes","1280"
"98.6285032797","98.6285032797","549.887895051","549.887895051","#808080","no","legacy","legacy","legacy","0","uniform","1","undefined","undefined","undefined","1","l","7","7","0","1676","0","0","1676","1676","0","0","0","1676","1676","7","1676","Fri Apr 27 13:03:26 2018","#757575","low","6","The main experiment item","yes","","experiment.osexp","/Users/tom/github/sft-fraction/procedure","no","mono","no","24","no","white","no","yes","800","legacy","164","164","7","/Users/tom/github/sft-fraction/results/data/subject-5a.csv","legacy","#000000","high","2","Jazzy James","3.1.9","0","l","NA","space","space","space","l","return","594","NA","148901","11392","7534","594","26497","2","legacy","1024","2","48000","-16","experiment","5","odd","present","2150680","2150680","NA","2296801","1312","169234","2345951","2346471","1371","150289","161699","2346472","2347088","2124105","2345936","Fraction component detection task","1654","922162","1677","yes","1280"
"98.6293206198","98.6293206198","549.860548272","549.860548272","#808080","no","legacy","legacy","legacy","0","uniform","1","undefined","undefined","undefined","1","a","7","7","0","1677","0","0","1677","1677","0","0","0","1677","1677","7","1677","Fri Apr 27 13:03:26 2018","#757575","low","3","The main experiment item","yes","","experiment.osexp","/Users/tom/github/sft-fraction/procedure","no","mono","no","24","no","white","no","yes","800","legacy","165","165","7","/Users/tom/github/sft-fraction/results/data/subject-5a.csv","legacy","#000000","high","3","Jazzy James","3.1.9","0","a","NA","space","space","space","a","return","504","NA","148901","11392","7534","504","26497","2","legacy","1024","2","48000","-16","experiment","5","odd","absent","2150680","2150680","NA","2296801","1312","169234","2347172","2347690","1371","150289","161699","2347690","2348216","2124105","2347157","Fraction component detection task","1655","922666","1678","yes","1280"
"98.6301369863","98.6301369863","549.815366289","549.815366289","#808080","no","legacy","legacy","legacy","0","uniform","1","undefined","undefined","undefined","1","l","7","7","0","1678","0","0","1678","1678","0","0","0","1678","1678","7","1678","Fri Apr 27 13:03:26 2018","#000000","high","3","The main experiment item","yes","","experiment.osexp","/Users/tom/github/sft-fraction/procedure","no","mono","no","24","no","white","no","yes","800","legacy","166","166","7","/Users/tom/github/sft-fraction/results/data/subject-5a.csv","legacy","#000000","high","6","Jazzy James","3.1.9","0","l","NA","space","space","space","l","return","474","NA","148901","11392","7534","474","26497","2","legacy","1024","2","48000","-16","experiment","5","odd","present","2150680","2150680","NA","2296801","1312","169234","2348306","2348824","1371","150289","161699","2348824","2349326","2124105","2348285","Fraction component detection task","1656","923140","1679","yes","1280"
"98.630952381","98.630952381","549.797619048","549.797619048","#808080","no","legacy","legacy","legacy","0","uniform","1","undefined","undefined","undefined","1","a","7","7","0","1679","0","0","1679","1679","0","0","0","1679","1679","7","1679","Fri Apr 27 13:03:26 2018","#000000","high","3","The main experiment item","yes","","experiment.osexp","/Users/tom/github/sft-fraction/procedure","no","mono","no","24","no","white","no","yes","800","legacy","167","167","7","/Users/tom/github/sft-fraction/results/data/subject-5a.csv","legacy","#000000","high","4","Jazzy James","3.1.9","0","a","NA","space","space","space","a","return","520","NA","148901","11392","7534","520","26497","2","legacy","1024","2","48000","-16","experiment","5","odd","absent","2150680","2150680","NA","2296801","1312","169234","2349414","2349931","1371","150289","161699","2349931","2350474","2124105","2349397","Fraction component detection task","1657","923660","1680","yes","1280"
"98.6317668055","98.6317668055","549.792980369","549.792980369","#808080","no","legacy","legacy","legacy","0","uniform","1","undefined","undefined","undefined","1","a","7","7","0","1680","0","0","1680","1680","0","0","0","1680","1680","7","1680","Fri Apr 27 13:03:26 2018","#757575","low","4","The main experiment item","yes","","experiment.osexp","/Users/tom/github/sft-fraction/procedure","no","mono","no","24","no","white","no","yes","800","legacy","168","168","7","/Users/tom/github/sft-fraction/results/data/subject-5a.csv","legacy","#000000","high","4","Jazzy James","3.1.9","0","a","NA","space","space","space","a","return","542","NA","148901","11392","7534","542","26497","2","legacy","1024","2","48000","-16","experiment","5","odd","absent","2150680","2150680","NA","2296801","1312","169234","2350565","2351085","1371","150289","161699","2351085","2351650","2124105","2350549","Fraction component detection task","1658","924202","1681","yes","1280"
"98.6325802616","98.6325802616","549.721165279","549.721165279","#808080","no","legacy","legacy","legacy","0","uniform","1","undefined","undefined","undefined","1","l","7","7","0","1681","0","0","1681","1681","0","0","0","1681","1681","7","1681","Fri Apr 27 13:03:26 2018","#000000","high","4","The main experiment item","yes","","experiment.osexp","/Users/tom/github/sft-fraction/procedure","no","mono","no","24","no","white","no","yes","800","legacy","169","169","7","/Users/tom/github/sft-fraction/results/data/subject-5a.csv","legacy","#000000","high","6","Jazzy James","3.1.9","0","l","NA","space","space","space","l","return","429","NA","148901","11392","7534","429","26497","2","legacy","1024","2","48000","-16","experiment","5","odd","present","2150680","2150680","NA","2296801","1312","169234","2351736","2352254","1371","150289","161699","2352254","2352705","2124105","2351721","Fraction component detection task","1659","924631","1682","yes","1280"
"98.633392751","98.633392751","549.777777778","549.777777778","#808080","no","legacy","legacy","legacy","0","uniform","1","undefined","undefined","undefined","1","l","7","7","0","1682","0","0","1682","1682","0","0","0","1682","1682","7","1682","Fri Apr 27 13:03:26 2018","#757575","low","7","The main experiment item","yes","","experiment.osexp","/Users/tom/github/sft-fraction/procedure","no","mono","no","24","no","white","no","yes","800","legacy","170","170","7","/Users/tom/github/sft-fraction/results/data/subject-5a.csv","legacy","#000000","high","8","Jazzy James","3.1.9","0","l","NA","space","space","space","l","return","645","NA","148901","11392","7534","645","26497","2","legacy","1024","2","48000","-16","experiment","5","odd","present","2150680","2150680","NA","2296801","1312","169234","2352792","2353310","1371","150289","161699","2353310","2353978","2124105","2352777","Fraction component detection task","1660","925276","1683","yes","1280"
"98.5748218527","98.5748218527","549.673396675","549.673396675","#808080","no","legacy","legacy","legacy","0","uniform","0","undefined","undefined","undefined","0","l","7","7","0","1683","0","0","1683","1683","0","0","0","1683","1683","7","1683","Fri Apr 27 13:03:26 2018","#757575","low","7","The main experiment item","yes","","experiment.osexp","/Users/tom/github/sft-fraction/procedure","no","mono","no","24","no","white","no","yes","800","legacy","171","171","7","/Users/tom/github/sft-fraction/results/data/subject-5a.csv","legacy","#000000","high","2","Jazzy James","3.1.9","0","a","NA","space","space","space","a","return","374","NA","148901","11392","7534","374","26497","2","legacy","1024","2","48000","-16","experiment","5","odd","present","2150680","2150680","NA","2296801","1312","169234","2354064","2354581","1371","150289","161699","2354581","2354978","2124105","2354049","Fraction component detection task","1660","925650","1684","yes","1280"
"98.5756676558","98.5756676558","549.775074184","549.775074184","#808080","no","legacy","legacy","legacy","0","uniform","1","undefined","undefined","undefined","1","l","7","7","0","1684","0","0","1684","1684","0","0","0","1684","1684","7","1684","Fri Apr 27 13:03:26 2018","#000000","high","3","The main experiment item","yes","","experiment.osexp","/Users/tom/github/sft-fraction/procedure","no","mono","no","24","no","white","no","yes","800","legacy","172","172","7","/Users/tom/github/sft-fraction/results/data/subject-5a.csv","legacy","#000000","high","7","Jazzy James","3.1.9","0","l","NA","space","space","space","l","return","721","NA","148901","11392","7534","721","26497","2","legacy","1024","2","48000","-16","experiment","5","odd","present","2150680","2150680","NA","2354997","1312","169234","2356078","2356594","1371","150289","161699","2356594","2357338","2124105","2356062","Fraction component detection task","1661","926371","1685","yes","1280"
"98.5765124555","98.5765124555","549.728944247","549.728944247","#808080","no","legacy","legacy","legacy","0","uniform","1","undefined","undefined","undefined","1","a","7","7","0","1685","0","0","1685","1685","0","0","0","1685","1685","7","1685","Fri Apr 27 13:03:26 2018","#000000","high","4","The main experiment item","yes","","experiment.osexp","/Users/tom/github/sft-fraction/procedure","no","mono","no","24","no","white","no","yes","800","legacy","173","173","7","/Users/tom/github/sft-fraction/results/data/subject-5a.csv","legacy","#000000","high","4","Jazzy James","3.1.9","0","a","NA","space","space","space","a","return","472","NA","148901","11392","7534","472","26497","2","legacy","1024","2","48000","-16","experiment","5","odd","absent","2150680","2150680","NA","2354997","1312","169234","2357421","2357940","1371","150289","161699","2357940","2358436","2124105","2357404","Fraction component detection task","1662","926843","1686","yes","1280"
"98.5773562537","98.5773562537","549.708358032","549.708358032","#808080","no","legacy","legacy","legacy","0","uniform","1","undefined","undefined","undefined","1","a","7","7","0","1686","0","0","1686","1686","0","0","0","1686","1686","7","1686","Fri Apr 27 13:03:26 2018","#000000","high","3","The main experiment item","yes","","experiment.osexp","/Users/tom/github/sft-fraction/procedure","no","mono","no","24","no","white","no","yes","800","legacy","174","174","7","/Users/tom/github/sft-fraction/results/data/subject-5a.csv","legacy","#757575","low","3","Jazzy James","3.1.9","0","a","NA","space","space","space","a","return","515","NA","148901","11392","7534","515","26497","2","legacy","1024","2","48000","-16","experiment","5","odd","absent","2150680","2150680","NA","2354997","1312","169234","2358522","2359041","1371","150289","161699","2359041","2359583","2124105","2358503","Fraction component detection task","1663","927358","1687","yes","1280"
"98.5781990521","98.5781990521","549.702014218","549.702014218","#808080","no","legacy","legacy","legacy","0","uniform","1","undefined","undefined","undefined","1","a","7","7","0","1687","0","0","1687","1687","0","0","0","1687","1687","7","1687","Fri Apr 27 13:03:26 2018","#000000","high","4","The main experiment item","yes","","experiment.osexp","/Users/tom/github/sft-fraction/procedure","no","mono","no","24","no","white","no","yes","800","legacy","175","175","7","/Users/tom/github/sft-fraction/results/data/subject-5a.csv","legacy","#000000","high","2","Jazzy James","3.1.9","0","a","NA","space","space","space","a","return","539","NA","148901","11392","7534","539","26497","2","legacy","1024","2","48000","-16","experiment","5","odd","absent","2150680","2150680","NA","2354997","1312","169234","2359668","2360184","1371","150289","161699","2360185","2360746","2124105","2359652","Fraction component detection task","1664","927897","1688","yes","1280"
"98.5790408526","98.5790408526","549.685612789","549.685612789","#808080","no","legacy","legacy","legacy","0","uniform","1","undefined","undefined","undefined","1","l","7","7","0","1688","0","0","1688","1688","0","0","0","1688","1688","7","1688","Fri Apr 27 13:03:26 2018","#757575","low","6","The main experiment item","yes","","experiment.osexp","/Users/tom/github/sft-fraction/procedure","no","mono","no","24","no","white","no","yes","800","legacy","176","176","7","/Users/tom/github/sft-fraction/results/data/subject-5a.csv","legacy","#000000","high","3","Jazzy James","3.1.9","0","l","NA","space","space","space","l","return","522","NA","148901","11392","7534","522","26497","2","legacy","1024","2","48000","-16","experiment","5","odd","present","2150680","2150680","NA","2354997","1312","169234","2360835","2361354","1371","150289","161699","2361354","2361902","2124105","2360814","Fraction component detection task","1665","928419","1689","yes","1280"
"98.5798816568","98.5798816568","549.667455621","549.667455621","#808080","no","legacy","legacy","legacy","0","uniform","1","undefined","undefined","undefined","1","l","7","7","0","1689","0","0","1689","1689","0","0","0","1689","1689","7","1689","Fri Apr 27 13:03:26 2018","#000000","high","2","The main experiment item","yes","","experiment.osexp","/Users/tom/github/sft-fraction/procedure","no","mono","no","24","no","white","no","yes","800","legacy","177","177","7","/Users/tom/github/sft-fraction/results/data/subject-5a.csv","legacy","#757575","low","6","Jazzy James","3.1.9","0","l","NA","space","space","space","l","return","519","NA","148901","11392","7534","519","26497","2","legacy","1024","2","48000","-16","experiment","5","odd","present","2150680","2150680","NA","2354997","1312","169234","2361988","2362508","1371","150289","161699","2362508","2363049","2124105","2361971","Fraction component detection task","1666","928938","1690","yes","1280"
"98.5807214666","98.5807214666","549.61620343","549.61620343","#808080","no","legacy","legacy","legacy","0","uniform","1","undefined","undefined","undefined","1","l","7","7","0","1690","0","0","1690","1690","0","0","0","1690","1690","7","1690","Fri Apr 27 13:03:26 2018","#757575","low","2","The main experiment item","yes","","experiment.osexp","/Users/tom/github/sft-fraction/procedure","no","mono","no","24","no","white","no","yes","800","legacy","178","178","7","/Users/tom/github/sft-fraction/results/data/subject-5a.csv","legacy","#757575","low","6","Jazzy James","3.1.9","0","l","NA","space","space","space","l","return","463","NA","148901","11392","7534","463","26497","2","legacy","1024","2","48000","-16","experiment","5","odd","present","2150680","2150680","NA","2354997","1312","169234","2363135","2363652","1371","150289","161699","2363652","2364138","2124105","2363119","Fraction component detection task","1667","929401","1691","yes","1280"
"98.5815602837","98.5815602837","549.676122931","549.676122931","#808080","no","legacy","legacy","legacy","0","uniform","1","undefined","undefined","undefined","1","l","7","7","0","1691","0","0","1691","1691","0","0","0","1691","1691","7","1691","Fri Apr 27 13:03:26 2018","#757575","low","6","The main experiment item","yes","","experiment.osexp","/Users/tom/github/sft-fraction/procedure","no","mono","no","24","no","white","no","yes","800","legacy","179","179","7","/Users/tom/github/sft-fraction/results/data/subject-5a.csv","legacy","#757575","low","4","Jazzy James","3.1.9","0","l","NA","space","space","space","l","return","651","NA","148901","11392","7534","651","26497","2","legacy","1024","2","48000","-16","experiment","5","odd","present","2150680","2150680","NA","2354997","1312","169234","2364227","2364745","1371","150289","161699","2364745","2365427","2124105","2364211","Fraction component detection task","1668","930052","1692","yes","1280"
"98.5823981099","98.5823981099","549.64264619","549.64264619","#808080","no","legacy","legacy","legacy","0","uniform","1","undefined","undefined","undefined","1","l","7","7","0","1692","0","0","1692","1692","0","0","0","1692","1692","7","1692","Fri Apr 27 13:03:26 2018","#757575","low","3","The main experiment item","yes","","experiment.osexp","/Users/tom/github/sft-fraction/procedure","no","mono","no","24","no","white","no","yes","800","legacy","180","180","7","/Users/tom/github/sft-fraction/results/data/subject-5a.csv","legacy","#757575","low","8","Jazzy James","3.1.9","0","l","NA","space","space","space","l","return","493","NA","148901","11392","7534","493","26497","2","legacy","1024","2","48000","-16","experiment","5","odd","present","2150680","2150680","NA","2354997","1312","169234","2365515","2366031","1371","150289","161699","2366031","2366548","2124105","2365499","Fraction component detection task","1669","930545","1693","yes","1280"
"98.5832349469","98.5832349469","549.571428571","549.571428571","#808080","no","legacy","legacy","legacy","0","uniform","1","undefined","undefined","undefined","1","a","7","7","0","1693","0","0","1693","1693","0","0","0","1693","1693","7","1693","Fri Apr 27 13:03:26 2018","#000000","high","2","The main experiment item","yes","","experiment.osexp","/Users/tom/github/sft-fraction/procedure","no","mono","no","24","no","white","no","yes","800","legacy","181","181","7","/Users/tom/github/sft-fraction/results/data/subject-5a.csv","legacy","#000000","high","4","Jazzy James","3.1.9","0","a","NA","space","space","space","a","return","429","NA","148901","11392","7534","429","26497","2","legacy","1024","2","48000","-16","experiment","5","odd","absent","2150680","2150680","NA","2354997","1312","169234","2366638","2367159","1371","150289","161699","2367159","2367610","2124105","2366618","Fraction component detection task","1670","930974","1694","yes","1280"
"98.5840707965","98.5840707965","549.550442478","549.550442478","#808080","no","legacy","legacy","legacy","0","uniform","1","undefined","undefined","undefined","1","l","7","7","0","1694","0","0","1694","1694","0","0","0","1694","1694","7","1694","Fri Apr 27 13:03:26 2018","#000000","high","7","The main experiment item","yes","","experiment.osexp","/Users/tom/github/sft-fraction/procedure","no","mono","no","24","no","white","no","yes","800","legacy","182","182","7","/Users/tom/github/sft-fraction/results/data/subject-5a.csv","legacy","#000000","high","3","Jazzy James","3.1.9","0","l","NA","space","space","space","l","return","514","NA","148901","11392","7534","514","26497","2","legacy","1024","2","48000","-16","experiment","5","odd","present","2150680","2150680","NA","2354997","1312","169234","2367698","2368218","1371","150289","161699","2368218","2368755","2124105","2367682","Fraction component detection task","1671","931488","1695","yes","1280"
"98.5849056604","98.5849056604","549.641509434","549.641509434","#808080","no","legacy","legacy","legacy","0","uniform","1","undefined","undefined","undefined","1","a","7","7","0","1695","0","0","1695","1695","0","0","0","1695","1695","7","1695","Fri Apr 27 13:03:26 2018","#757575","low","3","The main experiment item","yes","","experiment.osexp","/Users/tom/github/sft-fraction/procedure","no","mono","no","24","no","white","no","yes","800","legacy","183","183","7","/Users/tom/github/sft-fraction/results/data/subject-5a.csv","legacy","#757575","low","4","Jazzy James","3.1.9","0","a","NA","space","space","space","a","return","704","NA","148901","11392","7534","704","26497","2","legacy","1024","2","48000","-16","experiment","5","odd","absent","2150680","2150680","NA","2354997","1312","169234","2368845","2369363","1371","150289","161699","2369363","2370089","2124105","2368829","Fraction component detection task","1672","932192","1696","yes","1280"
"98.5857395404","98.5857395404","549.55274013","549.55274013","#808080","no","legacy","legacy","legacy","0","uniform","1","undefined","undefined","undefined","1","l","7","7","0","1696","0","0","1696","1696","0","0","0","1696","1696","7","1696","Fri Apr 27 13:03:26 2018","#757575","low","6","The main experiment item","yes","","experiment.osexp","/Users/tom/github/sft-fraction/procedure","no","mono","no","24","no","white","no","yes","800","legacy","184","184","7","/Users/tom/github/sft-fraction/results/data/subject-5a.csv","legacy","#757575","low","7","Jazzy James","3.1.9","0","l","NA","space","space","space","l","return","399","NA","148901","11392","7534","399","26497","2","legacy","1024","2","48000","-16","experiment","5","odd","present","2150680","2150680","NA","2354997","1312","169234","2370173","2370691","1371","150289","161699","2370692","2371113","2124105","2370157","Fraction component detection task","1673","932591","1697","yes","1280"
"98.5865724382","98.5865724382","549.588339223","549.588339223","#808080","no","legacy","legacy","legacy","0","uniform","1","undefined","undefined","undefined","1","a","7","7","0","1697","0","0","1697","1697","0","0","0","1697","1697","7","1697","Fri Apr 27 13:03:26 2018","#000000","high","4","The main experiment item","yes","","experiment.osexp","/Users/tom/github/sft-fraction/procedure","no","mono","no","24","no","white","no","yes","800","legacy","185","185","7","/Users/tom/github/sft-fraction/results/data/subject-5a.csv","legacy","#757575","low","2","Jazzy James","3.1.9","0","a","NA","space","space","space","a","return","610","NA","148901","11392","7534","610","26497","2","legacy","1024","2","48000","-16","experiment","5","odd","absent","2150680","2150680","NA","2354997","1312","169234","2371196","2371713","1371","150289","161699","2371714","2372350","2124105","2371180","Fraction component detection task","1674","933201","1698","yes","1280"
"98.5874043555","98.5874043555","549.655679812","549.655679812","#808080","no","legacy","legacy","legacy","0","uniform","1","undefined","undefined","undefined","1","a","7","7","0","1698","0","0","1698","1698","0","0","0","1698","1698","7","1698","Fri Apr 27 13:03:26 2018","#757575","low","4","The main experiment item","yes","","experiment.osexp","/Users/tom/github/sft-fraction/procedure","no","mono","no","24","no","white","no","yes","800","legacy","186","186","7","/Users/tom/github/sft-fraction/results/data/subject-5a.csv","legacy","#757575","low","2","Jazzy James","3.1.9","0","a","NA","space","space","space","a","return","664","NA","148901","11392","7534","664","26497","2","legacy","1024","2","48000","-16","experiment","5","odd","absent","2150680","2150680","NA","2354997","1312","169234","2372431","2372948","1371","150289","161699","2372948","2373643","2124105","2372414","Fraction component detection task","1675","933865","1699","yes","1280"
"98.5882352941","98.5882352941","549.628823529","549.628823529","#808080","no","legacy","legacy","legacy","0","uniform","1","undefined","undefined","undefined","1","a","7","7","0","1699","0","0","1699","1699","0","0","0","1699","1699","7","1699","Fri Apr 27 13:03:26 2018","#757575","low","3","The main experiment item","yes","","experiment.osexp","/Users/tom/github/sft-fraction/procedure","no","mono","no","24","no","white","no","yes","800","legacy","187","187","7","/Users/tom/github/sft-fraction/results/data/subject-5a.csv","legacy","#757575","low","3","Jazzy James","3.1.9","0","a","NA","space","space","space","a","return","504","NA","148901","11392","7534","504","26497","2","legacy","1024","2","48000","-16","experiment","5","odd","absent","2150680","2150680","NA","2354997","1312","169234","2373720","2374236","1371","150289","161699","2374236","2374764","2124105","2373703","Fraction component detection task","1676","934369","1700","yes","1280"
"98.5890652557","98.5890652557","550.04526749","550.04526749","#808080","no","legacy","legacy","legacy","0","uniform","1","undefined","undefined","undefined","1","l","7","7","0","1700","0","0","1700","1700","0","0","0","1700","1700","7","1700","Fri Apr 27 13:03:26 2018","#757575","low","6","The main experiment item","yes","","experiment.osexp","/Users/tom/github/sft-fraction/procedure","no","mono","no","24","no","white","no","yes","800","legacy","188","188","7","/Users/tom/github/sft-fraction/results/data/subject-5a.csv","legacy","#000000","high","7","Jazzy James","3.1.9","0","l","NA","space","space","space","l","return","1258","NA","148901","11392","7534","1258","26497","2","legacy","1024","2","48000","-16","experiment","5","odd","present","2150680","2150680","NA","2354997","1312","169234","2374852","2375371","1371","150289","161699","2375371","2376652","2124105","2374832","Fraction component detection task","1677","935627","1701","yes","1280"
"98.5898942421","98.5898942421","550.314336075","550.314336075","#808080","no","legacy","legacy","legacy","0","uniform","1","undefined","undefined","undefined","1","l","7","7","0","1701","0","0","1701","1701","0","0","0","1701","1701","7","1701","Fri Apr 27 13:03:26 2018","#757575","low","4","The main experiment item","yes","","experiment.osexp","/Users/tom/github/sft-fraction/procedure","no","mono","no","24","no","white","no","yes","800","legacy","189","189","7","/Users/tom/github/sft-fraction/results/data/subject-5a.csv","legacy","#757575","low","8","Jazzy James","3.1.9","0","l","NA","space","space","space","l","return","1008","NA","148901","11392","7534","1008","26497","2","legacy","1024","2","48000","-16","experiment","5","odd","present","2150680","2150680","NA","2354997","1312","169234","2376741","2377258","1371","150289","161699","2377259","2378290","2124105","2376725","Fraction component detection task","1678","936635","1702","yes","1280"
"98.5907222548","98.5907222548","550.345273048","550.345273048","#808080","no","legacy","legacy","legacy","0","uniform","1","undefined","undefined","undefined","1","a","7","7","0","1702","0","0","1702","1702","0","0","0","1702","1702","7","1702","Fri Apr 27 13:03:26 2018","#757575","low","4","The main experiment item","yes","","experiment.osexp","/Users/tom/github/sft-fraction/procedure","no","mono","no","24","no","white","no","yes","800","legacy","190","190","7","/Users/tom/github/sft-fraction/results/data/subject-5a.csv","legacy","#757575","low","3","Jazzy James","3.1.9","0","a","NA","space","space","space","a","return","603","NA","148901","11392","7534","603","26497","2","legacy","1024","2","48000","-16","experiment","5","odd","absent","2150680","2150680","NA","2354997","1312","169234","2378381","2378897","1371","150289","161699","2378898","2379523","2124105","2378363","Fraction component detection task","1679","937238","1703","yes","1280"
"98.5915492958","98.5915492958","550.32100939","550.32100939","#808080","no","legacy","legacy","legacy","0","uniform","1","undefined","undefined","undefined","1","l","7","7","0","1703","0","0","1703","1703","0","0","0","1703","1703","7","1703","Fri Apr 27 13:03:26 2018","#757575","low","2","The main experiment item","yes","","experiment.osexp","/Users/tom/github/sft-fraction/procedure","no","mono","no","24","no","white","no","yes","800","legacy","191","191","7","/Users/tom/github/sft-fraction/results/data/subject-5a.csv","legacy","#000000","high","6","Jazzy James","3.1.9","0","l","NA","space","space","space","l","return","509","NA","148901","11392","7534","509","26497","2","legacy","1024","2","48000","-16","experiment","5","odd","present","2150680","2150680","NA","2354997","1312","169234","2379604","2380120","1371","150289","161699","2380120","2380651","2124105","2379589","Fraction component detection task","1680","937747","1704","yes","1280"
"98.5923753666","98.5923753666","550.297947214","550.297947214","#808080","no","legacy","legacy","legacy","0","uniform","1","undefined","undefined","undefined","1","l","7","7","0","1704","0","0","1704","1704","0","0","0","1704","1704","7","1704","Fri Apr 27 13:03:26 2018","#000000","high","3","The main experiment item","yes","","experiment.osexp","/Users/tom/github/sft-fraction/procedure","no","mono","no","24","no","white","no","yes","800","legacy","192","192","7","/Users/tom/github/sft-fraction/results/data/subject-5a.csv","legacy","#757575","low","8","Jazzy James","3.1.9","0","l","NA","space","space","space","l","return","511","NA","148901","11392","7534","511","26497","2","legacy","1024","2","48000","-16","experiment","5","odd","present","2150680","2150680","NA","2354997","1312","169234","2380738","2381254","1371","150289","161699","2381254","2381787","2124105","2380720","Fraction component detection task","1681","938258","1705","yes","1280"
"98.5932004689","98.5932004689","550.314771395","550.314771395","#808080","no","legacy","legacy","legacy","0","uniform","1","undefined","undefined","undefined","1","l","7","7","0","1705","0","0","1705","1705","0","0","0","1705","1705","7","1705","Fri Apr 27 13:03:26 2018","#000000","high","6","The main experiment item","yes","","experiment.osexp","/Users/tom/github/sft-fraction/procedure","no","mono","no","24","no","white","no","yes","800","legacy","193","193","7","/Users/tom/github/sft-fraction/results/data/subject-5a.csv","legacy","#000000","high","6","Jazzy James","3.1.9","0","l","NA","space","space","space","l","return","579","NA","148901","11392","7534","579","26497","2","legacy","1024","2","48000","-16","experiment","5","odd","present","2150680","2150680","NA","2354997","1312","169234","2381870","2382386","1371","150289","161699","2382386","2382988","2124105","2381855","Fraction component detection task","1682","938837","1706","yes","1280"
"98.5940246046","98.5940246046","550.229056825","550.229056825","#808080","no","legacy","legacy","legacy","0","uniform","1","undefined","undefined","undefined","1","l","7","7","0","1706","0","0","1706","1706","0","0","0","1706","1706","7","1706","Fri Apr 27 13:03:26 2018","#757575","low","6","The main experiment item","yes","","experiment.osexp","/Users/tom/github/sft-fraction/procedure","no","mono","no","24","no","white","no","yes","800","legacy","194","194","7","/Users/tom/github/sft-fraction/results/data/subject-5a.csv","legacy","#000000","high","6","Jazzy James","3.1.9","0","l","NA","space","space","space","l","return","404","NA","148901","11392","7534","404","26497","2","legacy","1024","2","48000","-16","experiment","5","odd","present","2150680","2150680","NA","2354997","1312","169234","2383072","2383593","1371","150289","161699","2383593","2384020","2124105","2383052","Fraction component detection task","1683","939241","1707","yes","1280"
"98.5948477752","98.5948477752","550.339578454","550.339578454","#808080","no","legacy","legacy","legacy","0","uniform","1","undefined","undefined","undefined","1","a","7","7","0","1707","0","0","1707","1707","0","0","0","1707","1707","7","1707","Fri Apr 27 13:03:26 2018","#000000","high","4","The main experiment item","yes","","experiment.osexp","/Users/tom/github/sft-fraction/procedure","no","mono","no","24","no","white","no","yes","800","legacy","195","195","7","/Users/tom/github/sft-fraction/results/data/subject-5a.csv","legacy","#757575","low","3","Jazzy James","3.1.9","0","a","NA","space","space","space","a","return","739","NA","148901","11392","7534","739","26497","2","legacy","1024","2","48000","-16","experiment","5","odd","absent","2150680","2150680","NA","2354997","1312","169234","2384107","2384626","1371","150289","161699","2384626","2385388","2124105","2384086","Fraction component detection task","1684","939980","1708","yes","1280"
"98.5956699824","98.5956699824","550.440608543","550.440608543","#808080","no","legacy","legacy","legacy","0","uniform","1","undefined","undefined","undefined","1","a","7","7","0","1708","0","0","1708","1708","0","0","0","1708","1708","7","1708","Fri Apr 27 13:03:26 2018","#000000","high","4","The main experiment item","yes","","experiment.osexp","/Users/tom/github/sft-fraction/procedure","no","mono","no","24","no","white","no","yes","800","legacy","196","196","7","/Users/tom/github/sft-fraction/results/data/subject-5a.csv","legacy","#757575","low","2","Jazzy James","3.1.9","0","a","NA","space","space","space","a","return","723","NA","148901","11392","7534","723","26497","2","legacy","1024","2","48000","-16","experiment","5","odd","absent","2150680","2150680","NA","2354997","1312","169234","2385473","2385994","1371","150289","161699","2385994","2386740","2124105","2385457","Fraction component detection task","1685","940703","1709","yes","1280"
"98.5964912281","98.5964912281","550.513450292","550.513450292","#808080","no","legacy","legacy","legacy","0","uniform","1","undefined","undefined","undefined","1","a","7","7","0","1709","0","0","1709","1709","0","0","0","1709","1709","7","1709","Fri Apr 27 13:03:26 2018","#000000","high","3","The main experiment item","yes","","experiment.osexp","/Users/tom/github/sft-fraction/procedure","no","mono","no","24","no","white","no","yes","800","legacy","197","197","7","/Users/tom/github/sft-fraction/results/data/subject-5a.csv","legacy","#757575","low","4","Jazzy James","3.1.9","0","a","NA","space","space","space","a","return","675","NA","148901","11392","7534","675","26497","2","legacy","1024","2","48000","-16","experiment","5","odd","absent","2150680","2150680","NA","2354997","1312","169234","2386824","2387345","1371","150289","161699","2387345","2388046","2124105","2386809","Fraction component detection task","1686","941378","1710","yes","1280"
"98.5973115137","98.5973115137","550.44301578","550.44301578","#808080","no","legacy","legacy","legacy","0","uniform","1","undefined","undefined","undefined","1","l","7","7","0","1710","0","0","1710","1710","0","0","0","1710","1710","7","1710","Fri Apr 27 13:03:26 2018","#000000","high","4","The main experiment item","yes","","experiment.osexp","/Users/tom/github/sft-fraction/procedure","no","mono","no","24","no","white","no","yes","800","legacy","198","198","7","/Users/tom/github/sft-fraction/results/data/subject-5a.csv","legacy","#000000","high","8","Jazzy James","3.1.9","0","l","NA","space","space","space","l","return","430","NA","148901","11392","7534","430","26497","2","legacy","1024","2","48000","-16","experiment","5","odd","present","2150680","2150680","NA","2354997","1312","169234","2388129","2388646","1371","150289","161699","2388646","2389103","2124105","2388114","Fraction component detection task","1687","941808","1711","yes","1280"
"98.5981308411","98.5981308411","550.406542056","550.406542056","#808080","no","legacy","legacy","legacy","0","uniform","1","undefined","undefined","undefined","1","a","7","7","0","1711","0","0","1711","1711","0","0","0","1711","1711","7","1711","Fri Apr 27 13:03:26 2018","#000000","high","3","The main experiment item","yes","","experiment.osexp","/Users/tom/github/sft-fraction/procedure","no","mono","no","24","no","white","no","yes","800","legacy","199","199","7","/Users/tom/github/sft-fraction/results/data/subject-5a.csv","legacy","#000000","high","3","Jazzy James","3.1.9","0","a","NA","space","space","space","a","return","488","NA","148901","11392","7534","488","26497","2","legacy","1024","2","48000","-16","experiment","5","odd","absent","2150680","2150680","NA","2354997","1312","169234","2389191","2389708","1371","150289","161699","2389708","2390223","2124105","2389171","Fraction component detection task","1688","942296","1712","yes","1280"
"98.5989492119","98.5989492119","550.496205487","550.496205487","#808080","no","legacy","legacy","legacy","0","uniform","1","undefined","undefined","undefined","1","a","7","7","0","1712","0","0","1712","1712","0","0","0","1712","1712","7","1712","Fri Apr 27 13:03:26 2018","#757575","low","4","The main experiment item","yes","","experiment.osexp","/Users/tom/github/sft-fraction/procedure","no","mono","no","24","no","white","no","yes","800","legacy","200","200","7","/Users/tom/github/sft-fraction/results/data/subject-5a.csv","legacy","#757575","low","3","Jazzy James","3.1.9","0","a","NA","space","space","space","a","return","704","NA","148901","11392","7534","704","26497","2","legacy","1024","2","48000","-16","experiment","5","odd","absent","2150680","2150680","NA","2354997","1312","169234","2390317","2390837","1371","150289","161699","2390837","2391572","2124105","2390295","Fraction component detection task","1689","943000","1713","yes","1280"
"98.5997666278","98.5997666278","550.484247375","550.484247375","#808080","no","legacy","legacy","legacy","0","uniform","1","undefined","undefined","undefined","1","l","7","7","0","1713","0","0","1713","1713","0","0","0","1713","1713","7","1713","Fri Apr 27 13:03:26 2018","#757575","low","8","The main experiment item","yes","","experiment.osexp","/Users/tom/github/sft-fraction/procedure","no","mono","no","24","no","white","no","yes","800","legacy","201","201","7","/Users/tom/github/sft-fraction/results/data/subject-5a.csv","legacy","#000000","high","6","Jazzy James","3.1.9","0","l","NA","space","space","space","l","return","530","NA","148901","11392","7534","530","26497","2","legacy","1024","2","48000","-16","experiment","5","odd","present","2150680","2150680","NA","2354997","1312","169234","2391652","2392170","1371","150289","161699","2392171","2392724","2124105","2391636","Fraction component detection task","1690","943530","1714","yes","1280"
"98.6005830904","98.6005830904","550.494460641","550.494460641","#808080","no","legacy","legacy","legacy","0","uniform","1","undefined","undefined","undefined","1","l","7","7","0","1714","0","0","1714","1714","0","0","0","1714","1714","7","1714","Fri Apr 27 13:03:26 2018","#757575","low","7","The main experiment item","yes","","experiment.osexp","/Users/tom/github/sft-fraction/procedure","no","mono","no","24","no","white","no","yes","800","legacy","202","202","7","/Users/tom/github/sft-fraction/results/data/subject-5a.csv","legacy","#000000","high","7","Jazzy James","3.1.9","0","l","NA","space","space","space","l","return","568","NA","148901","11392","7534","568","26497","2","legacy","1024","2","48000","-16","experiment","5","odd","present","2150680","2150680","NA","2354997","1312","169234","2392811","2393333","1371","150289","161699","2393333","2393924","2124105","2392795","Fraction component detection task","1691","944098","1715","yes","1280"
"98.6013986014","98.6013986014","550.781468531","550.781468531","#808080","no","legacy","legacy","legacy","0","uniform","1","undefined","undefined","undefined","1","a","7","7","0","1715","0","0","1715","1715","0","0","0","1715","1715","7","1715","Fri Apr 27 13:03:26 2018","#757575","low","4","The main experiment item","yes","","experiment.osexp","/Users/tom/github/sft-fraction/procedure","no","mono","no","24","no","white","no","yes","800","legacy","203","203","7","/Users/tom/github/sft-fraction/results/data/subject-5a.csv","legacy","#000000","high","2","Jazzy James","3.1.9","0","a","NA","space","space","space","a","return","1043","NA","148901","11392","7534","1043","26497","2","legacy","1024","2","48000","-16","experiment","5","odd","absent","2150680","2150680","NA","2354997","1312","169234","2394010","2394529","1371","150289","161699","2394530","2395600","2124105","2393991","Fraction component detection task","1692","945141","1716","yes","1280"
"98.6022131625","98.6022131625","550.79790332","550.79790332","#808080","no","legacy","legacy","legacy","0","uniform","1","undefined","undefined","undefined","1","l","7","7","0","1716","0","0","1716","1716","0","0","0","1716","1716","7","1716","Fri Apr 27 13:03:26 2018","#000000","high","7","The main experiment item","yes","","experiment.osexp","/Users/tom/github/sft-fraction/procedure","no","mono","no","24","no","white","no","yes","800","legacy","204","204","7","/Users/tom/github/sft-fraction/results/data/subject-5a.csv","legacy","#000000","high","2","Jazzy James","3.1.9","0","l","NA","space","space","space","l","return","579","NA","148901","11392","7534","579","26497","2","legacy","1024","2","48000","-16","experiment","5","odd","present","2150680","2150680","NA","2354997","1312","169234","2395675","2396194","1371","150289","161699","2396194","2396797","2124105","2395659","Fraction component detection task","1693","945720","1717","yes","1280"
"98.6030267753","98.6030267753","550.774155995","550.774155995","#808080","no","legacy","legacy","legacy","0","uniform","1","undefined","undefined","undefined","1","a","7","7","0","1717","0","0","1717","1717","0","0","0","1717","1717","7","1717","Fri Apr 27 13:03:26 2018","#757575","low","2","The main experiment item","yes","","experiment.osexp","/Users/tom/github/sft-fraction/procedure","no","mono","no","24","no","white","no","yes","800","legacy","205","205","7","/Users/tom/github/sft-fraction/results/data/subject-5a.csv","legacy","#000000","high","4","Jazzy James","3.1.9","0","a","NA","space","space","space","a","return","510","NA","148901","11392","7534","510","26497","2","legacy","1024","2","48000","-16","experiment","5","odd","absent","2150680","2150680","NA","2354997","1312","169234","2396888","2397408","1371","150289","161699","2397408","2397942","2124105","2396866","Fraction component detection task","1694","946230","1718","yes","1280"
"98.6038394415","98.6038394415","550.742873764","550.742873764","#808080","no","legacy","legacy","legacy","0","uniform","1","undefined","undefined","undefined","1","a","7","7","0","1718","0","0","1718","1718","0","0","0","1718","1718","7","1718","Fri Apr 27 13:03:26 2018","#000000","high","4","The main experiment item","yes","","experiment.osexp","/Users/tom/github/sft-fraction/procedure","no","mono","no","24","no","white","no","yes","800","legacy","206","206","7","/Users/tom/github/sft-fraction/results/data/subject-5a.csv","legacy","#000000","high","3","Jazzy James","3.1.9","0","a","NA","space","space","space","a","return","497","NA","148901","11392","7534","497","26497","2","legacy","1024","2","48000","-16","experiment","5","odd","absent","2150680","2150680","NA","2354997","1312","169234","2398030","2398547","1371","150289","161699","2398547","2399067","2124105","2398014","Fraction component detection task","1695","946727","1719","yes","1280"
"98.6046511628","98.6046511628","550.758139535","550.758139535","#808080","no","legacy","legacy","legacy","0","uniform","1","undefined","undefined","undefined","1","a","7","7","0","1719","0","0","1719","1719","0","0","0","1719","1719","7","1719","Fri Apr 27 13:03:26 2018","#000000","high","2","The main experiment item","yes","","experiment.osexp","/Users/tom/github/sft-fraction/procedure","no","mono","no","24","no","white","no","yes","800","legacy","207","207","7","/Users/tom/github/sft-fraction/results/data/subject-5a.csv","legacy","#757575","low","3","Jazzy James","3.1.9","0","a","NA","space","space","space","a","return","577","NA","148901","11392","7534","577","26497","2","legacy","1024","2","48000","-16","experiment","5","odd","absent","2150680","2150680","NA","2354997","1312","169234","2399151","2399668","1371","150289","161699","2399668","2400268","2124105","2399135","Fraction component detection task","1696","947304","1720","yes","1280"
"98.6054619407","98.6054619407","550.690296339","550.690296339","#808080","no","legacy","legacy","legacy","0","uniform","1","undefined","undefined","undefined","1","l","7","7","0","1720","0","0","1720","1720","0","0","0","1720","1720","7","1720","Fri Apr 27 13:03:26 2018","#000000","high","7","The main experiment item","yes","","experiment.osexp","/Users/tom/github/sft-fraction/procedure","no","mono","no","24","no","white","no","yes","800","legacy","208","208","7","/Users/tom/github/sft-fraction/results/data/subject-5a.csv","legacy","#757575","low","2","Jazzy James","3.1.9","0","l","NA","space","space","space","l","return","434","NA","148901","11392","7534","434","26497","2","legacy","1024","2","48000","-16","experiment","5","odd","present","2150680","2150680","NA","2354997","1312","169234","2400358","2400875","1371","150289","161699","2400875","2401332","2124105","2400337","Fraction component detection task","1697","947738","1721","yes","1280"
"98.606271777","98.606271777","550.742740999","550.742740999","#808080","no","legacy","legacy","legacy","0","uniform","1","undefined","undefined","undefined","1","a","7","7","0","1721","0","0","1721","1721","0","0","0","1721","1721","7","1721","Fri Apr 27 13:03:26 2018","#000000","high","2","The main experiment item","yes","","experiment.osexp","/Users/tom/github/sft-fraction/procedure","no","mono","no","24","no","white","no","yes","800","legacy","209","209","7","/Users/tom/github/sft-fraction/results/data/subject-5a.csv","legacy","#000000","high","3","Jazzy James","3.1.9","0","a","NA","space","space","space","a","return","641","NA","148901","11392","7534","641","26497","2","legacy","1024","2","48000","-16","experiment","5","odd","absent","2150680","2150680","NA","2354997","1312","169234","2401420","2401941","1371","150289","161699","2401941","2402604","2124105","2401404","Fraction component detection task","1698","948379","1722","yes","1280"
"98.6070806732","98.6070806732","550.687753918","550.687753918","#808080","no","legacy","legacy","legacy","0","uniform","1","undefined","undefined","undefined","1","a","7","7","0","1722","0","0","1722","1722","0","0","0","1722","1722","7","1722","Fri Apr 27 13:03:26 2018","#757575","low","2","The main experiment item","yes","","experiment.osexp","/Users/tom/github/sft-fraction/procedure","no","mono","no","24","no","white","no","yes","800","legacy","210","210","7","/Users/tom/github/sft-fraction/results/data/subject-5a.csv","legacy","#000000","high","3","Jazzy James","3.1.9","0","a","NA","space","space","space","a","return","456","NA","148901","11392","7534","456","26497","2","legacy","1024","2","48000","-16","experiment","5","odd","absent","2150680","2150680","NA","2354997","1312","169234","2402690","2403206","1371","150289","161699","2403206","2403685","2124105","2402674","Fraction component detection task","1699","948835","1723","yes","1280"
"98.6078886311","98.6078886311","550.719837587","550.719837587","#808080","no","legacy","legacy","legacy","0","uniform","1","undefined","undefined","undefined","1","l","7","7","0","1723","0","0","1723","1723","0","0","0","1723","1723","7","1723","Fri Apr 27 13:03:26 2018","#757575","low","7","The main experiment item","yes","","experiment.osexp","/Users/tom/github/sft-fraction/procedure","no","mono","no","24","no","white","no","yes","800","legacy","211","211","7","/Users/tom/github/sft-fraction/results/data/subject-5a.csv","legacy","#757575","low","2","Jazzy James","3.1.9","0","l","NA","space","space","space","l","return","606","NA","148901","11392","7534","606","26497","2","legacy","1024","2","48000","-16","experiment","5","odd","present","2150680","2150680","NA","2354997","1312","169234","2403775","2404295","1371","150289","161699","2404296","2404925","2124105","2403755","Fraction component detection task","1700","949441","1724","yes","1280"
"98.6086956522","98.6086956522","550.725797101","550.725797101","#808080","no","legacy","legacy","legacy","0","uniform","1","undefined","undefined","undefined","1","a","7","7","0","1724","0","0","1724","1724","0","0","0","1724","1724","7","1724","Fri Apr 27 13:03:26 2018","#000000","high","2","The main experiment item","yes","","experiment.osexp","/Users/tom/github/sft-fraction/procedure","no","mono","no","24","no","white","no","yes","800","legacy","212","212","7","/Users/tom/github/sft-fraction/results/data/subject-5a.csv","legacy","#757575","low","3","Jazzy James","3.1.9","0","a","NA","space","space","space","a","return","561","NA","148901","11392","7534","561","26497","2","legacy","1024","2","48000","-16","experiment","5","odd","absent","2150680","2150680","NA","2354997","1312","169234","2405014","2405532","1371","150289","161699","2405532","2406121","2124105","2404999","Fraction component detection task","1701","950002","1725","yes","1280"
"98.6095017381","98.6095017381","550.741599073","550.741599073","#808080","no","legacy","legacy","legacy","0","uniform","1","undefined","undefined","undefined","1","a","7","7","0","1725","0","0","1725","1725","0","0","0","1725","1725","7","1725","Fri Apr 27 13:03:26 2018","#000000","high","4","The main experiment item","yes","","experiment.osexp","/Users/tom/github/sft-fraction/procedure","no","mono","no","24","no","white","no","yes","800","legacy","213","213","7","/Users/tom/github/sft-fraction/results/data/subject-5a.csv","legacy","#757575","low","2","Jazzy James","3.1.9","0","a","NA","space","space","space","a","return","578","NA","148901","11392","7534","578","26497","2","legacy","1024","2","48000","-16","experiment","5","odd","absent","2150680","2150680","NA","2354997","1312","169234","2406207","2406723","1371","150289","161699","2406723","2407325","2124105","2406189","Fraction component detection task","1702","950580","1726","yes","1280"
"98.6103068906","98.6103068906","550.683265779","550.683265779","#808080","no","legacy","legacy","legacy","0","uniform","1","undefined","undefined","undefined","1","a","7","7","0","1726","0","0","1726","1726","0","0","0","1726","1726","7","1726","Fri Apr 27 13:03:26 2018","#000000","high","4","The main experiment item","yes","","experiment.osexp","/Users/tom/github/sft-fraction/procedure","no","mono","no","24","no","white","no","yes","800","legacy","214","214","7","/Users/tom/github/sft-fraction/results/data/subject-5a.csv","legacy","#000000","high","3","Jazzy James","3.1.9","0","a","NA","space","space","space","a","return","450","NA","148901","11392","7534","450","26497","2","legacy","1024","2","48000","-16","experiment","5","odd","absent","2150680","2150680","NA","2354997","1312","169234","2407407","2407923","1371","150289","161699","2407924","2408402","2124105","2407391","Fraction component detection task","1703","951030","1727","yes","1280"
"98.6111111111","98.6111111111","550.634259259","550.634259259","#808080","no","legacy","legacy","legacy","0","uniform","1","undefined","undefined","undefined","1","l","7","7","0","1727","0","0","1727","1727","0","0","0","1727","1727","7","1727","Fri Apr 27 13:03:26 2018","#757575","low","7","The main experiment item","yes","","experiment.osexp","/Users/tom/github/sft-fraction/procedure","no","mono","no","24","no","white","no","yes","800","legacy","215","215","7","/Users/tom/github/sft-fraction/results/data/subject-5a.csv","legacy","#000000","high","4","Jazzy James","3.1.9","0","l","NA","space","space","space","l","return","466","NA","148901","11392","7534","466","26497","2","legacy","1024","2","48000","-16","experiment","5","odd","present","2150680","2150680","NA","2354997","1312","169234","2408494","2409012","1371","150289","161699","2409012","2409501","2124105","2408478","Fraction component detection task","1704","951496","1728","yes","1280"
"98.6119144014","98.6119144014","550.722961249","550.722961249","#808080","no","legacy","legacy","legacy","0","uniform","1","undefined","undefined","undefined","1","a","8","8","0","1728","0","0","1728","1728","0","0","0","1728","1728","8","1728","Fri Apr 27 13:03:26 2018","#000000","high","4","The main experiment item","yes","","experiment.osexp","/Users/tom/github/sft-fraction/procedure","no","mono","no","24","no","white","no","yes","800","legacy","0","0","8","/Users/tom/github/sft-fraction/results/data/subject-5a.csv","legacy","#000000","high","3","Jazzy James","3.1.9","0","a","NA","space","space","space","a","return","704","NA","148901","11392","7534","704","39948","2","legacy","1024","2","48000","-16","experiment","5","odd","absent","2449601","2449601","NA","2354997","1312","169234","2449643","2450160","1371","150289","161699","2450160","2450887","2409572","2449626","Fraction component detection task","1705","952200","1729","yes","1280"
"98.612716763","98.612716763","550.663583815","550.663583815","#808080","no","legacy","legacy","legacy","0","uniform","1","undefined","undefined","undefined","1","a","8","8","0","1729","0","0","1729","1729","0","0","0","1729","1729","8","1729","Fri Apr 27 13:03:26 2018","#000000","high","2","The main experiment item","yes","","experiment.osexp","/Users/tom/github/sft-fraction/procedure","no","mono","no","24","no","white","no","yes","800","legacy","1","1","8","/Users/tom/github/sft-fraction/results/data/subject-5a.csv","legacy","#000000","high","4","Jazzy James","3.1.9","0","a","NA","space","space","space","a","return","448","NA","148901","11392","7534","448","39948","2","legacy","1024","2","48000","-16","experiment","5","odd","absent","2449601","2449601","NA","2354997","1312","169234","2450977","2451495","1371","150289","161699","2451496","2451967","2409572","2450957","Fraction component detection task","1706","952648","1730","yes","1280"
"98.6135181976","98.6135181976","550.614095898","550.614095898","#808080","no","legacy","legacy","legacy","0","uniform","1","undefined","undefined","undefined","1","a","8","8","0","1730","0","0","1730","1730","0","0","0","1730","1730","8","1730","Fri Apr 27 13:03:26 2018","#757575","low","2","The main experiment item","yes","","experiment.osexp","/Users/tom/github/sft-fraction/procedure","no","mono","no","24","no","white","no","yes","800","legacy","2","2","8","/Users/tom/github/sft-fraction/results/data/subject-5a.csv","legacy","#757575","low","2","Jazzy James","3.1.9","0","a","NA","space","space","space","a","return","465","NA","148901","11392","7534","465","39948","2","legacy","1024","2","48000","-16","experiment","5","odd","absent","2449601","2449601","NA","2354997","1312","169234","2452050","2452566","1371","150289","161699","2452566","2453055","2409572","2452034","Fraction component detection task","1707","953113","1731","yes","1280"
"98.6143187067","98.6143187067","550.632794457","550.632794457","#808080","no","legacy","legacy","legacy","0","uniform","1","undefined","undefined","undefined","1","l","8","8","0","1731","0","0","1731","1731","0","0","0","1731","1731","8","1731","Fri Apr 27 13:03:26 2018","#757575","low","7","The main experiment item","yes","","experiment.osexp","/Users/tom/github/sft-fraction/procedure","no","mono","no","24","no","white","no","yes","800","legacy","3","3","8","/Users/tom/github/sft-fraction/results/data/subject-5a.csv","legacy","#757575","low","3","Jazzy James","3.1.9","0","l","NA","space","space","space","l","return","583","NA","148901","11392","7534","583","39948","2","legacy","1024","2","48000","-16","experiment","5","odd","present","2449601","2449601","NA","2354997","1312","169234","2453137","2453656","1371","150289","161699","2453656","2454262","2409572","2453121","Fraction component detection task","1708","953696","1732","yes","1280"
"98.615118292","98.615118292","550.576457011","550.576457011","#808080","no","legacy","legacy","legacy","0","uniform","1","undefined","undefined","undefined","1","l","8","8","0","1732","0","0","1732","1732","0","0","0","1732","1732","8","1732","Fri Apr 27 13:03:26 2018","#000000","high","6","The main experiment item","yes","","experiment.osexp","/Users/tom/github/sft-fraction/procedure","no","mono","no","24","no","white","no","yes","800","legacy","4","4","8","/Users/tom/github/sft-fraction/results/data/subject-5a.csv","legacy","#000000","high","2","Jazzy James","3.1.9","0","l","NA","space","space","space","l","return","453","NA","148901","11392","7534","453","39948","2","legacy","1024","2","48000","-16","experiment","5","odd","present","2449601","2449601","NA","2354997","1312","169234","2454350","2454867","1371","150289","161699","2454867","2455343","2409572","2454331","Fraction component detection task","1709","954149","1733","yes","1280"
"98.615916955","98.615916955","550.531141869","550.531141869","#808080","no","legacy","legacy","legacy","0","uniform","1","undefined","undefined","undefined","1","l","8","8","0","1733","0","0","1733","1733","0","0","0","1733","1733","8","1733","Fri Apr 27 13:03:26 2018","#757575","low","6","The main experiment item","yes","","experiment.osexp","/Users/tom/github/sft-fraction/procedure","no","mono","no","24","no","white","no","yes","800","legacy","5","5","8","/Users/tom/github/sft-fraction/results/data/subject-5a.csv","legacy","#000000","high","7","Jazzy James","3.1.9","0","l","NA","space","space","space","l","return","472","NA","148901","11392","7534","472","39948","2","legacy","1024","2","48000","-16","experiment","5","odd","present","2449601","2449601","NA","2354997","1312","169234","2455435","2455952","1371","150289","161699","2455952","2456447","2409572","2455414","Fraction component detection task","1710","954621","1734","yes","1280"
"98.6167146974","98.6167146974","550.521613833","550.521613833","#808080","no","legacy","legacy","legacy","0","uniform","1","undefined","undefined","undefined","1","l","8","8","0","1734","0","0","1734","1734","0","0","0","1734","1734","8","1734","Fri Apr 27 13:03:26 2018","#000000","high","3","The main experiment item","yes","","experiment.osexp","/Users/tom/github/sft-fraction/procedure","no","mono","no","24","no","white","no","yes","800","legacy","6","6","8","/Users/tom/github/sft-fraction/results/data/subject-5a.csv","legacy","#000000","high","6","Jazzy James","3.1.9","0","l","NA","space","space","space","l","return","534","NA","148901","11392","7534","534","39948","2","legacy","1024","2","48000","-16","experiment","5","odd","present","2449601","2449601","NA","2354997","1312","169234","2456538","2457058","1371","150289","161699","2457058","2457615","2409572","2456515","Fraction component detection task","1711","955155","1735","yes","1280"
"98.6175115207","98.6175115207","550.459677419","550.459677419","#808080","no","legacy","legacy","legacy","0","uniform","1","undefined","undefined","undefined","1","l","8","8","0","1735","0","0","1735","1735","0","0","0","1735","1735","8","1735","Fri Apr 27 13:03:26 2018","#000000","high","4","The main experiment item","yes","","experiment.osexp","/Users/tom/github/sft-fraction/procedure","no","mono","no","24","no","white","no","yes","800","legacy","7","7","8","/Users/tom/github/sft-fraction/results/data/subject-5a.csv","legacy","#757575","low","7","Jazzy James","3.1.9","0","l","NA","space","space","space","l","return","443","NA","148901","11392","7534","443","39948","2","legacy","1024","2","48000","-16","experiment","5","odd","present","2449601","2449601","NA","2354997","1312","169234","2457705","2458221","1371","150289","161699","2458221","2458687","2409572","2457684","Fraction component detection task","1712","955598","1736","yes","1280"
"98.6183074266","98.6183074266","550.490500864","550.490500864","#808080","no","legacy","legacy","legacy","0","uniform","1","undefined","undefined","undefined","1","l","8","8","0","1736","0","0","1736","1736","0","0","0","1736","1736","8","1736","Fri Apr 27 13:03:26 2018","#757575","low","8","The main experiment item","yes","","experiment.osexp","/Users/tom/github/sft-fraction/procedure","no","mono","no","24","no","white","no","yes","800","legacy","8","8","8","/Users/tom/github/sft-fraction/results/data/subject-5a.csv","legacy","#757575","low","3","Jazzy James","3.1.9","0","l","NA","space","space","space","l","return","604","NA","148901","11392","7534","604","39948","2","legacy","1024","2","48000","-16","experiment","5","odd","present","2449601","2449601","NA","2354997","1312","169234","2458775","2459291","1371","150289","161699","2459292","2459920","2409572","2458760","Fraction component detection task","1713","956202","1737","yes","1280"
"98.6191024166","98.6191024166","550.470655926","550.470655926","#808080","no","legacy","legacy","legacy","0","uniform","1","undefined","undefined","undefined","1","l","8","8","0","1737","0","0","1737","1737","0","0","0","1737","1737","8","1737","Fri Apr 27 13:03:26 2018","#757575","low","7","The main experiment item","yes","","experiment.osexp","/Users/tom/github/sft-fraction/procedure","no","mono","no","24","no","white","no","yes","800","legacy","9","9","8","/Users/tom/github/sft-fraction/results/data/subject-5a.csv","legacy","#000000","high","4","Jazzy James","3.1.9","0","l","NA","space","space","space","l","return","516","NA","148901","11392","7534","516","39948","2","legacy","1024","2","48000","-16","experiment","5","odd","present","2449601","2449601","NA","2354997","1312","169234","2460007","2460524","1371","150289","161699","2460524","2461062","2409572","2459990","Fraction component detection task","1714","956718","1738","yes","1280"
"98.6198964922","98.6198964922","550.433582519","550.433582519","#808080","no","legacy","legacy","legacy","0","uniform","1","undefined","undefined","undefined","1","a","8","8","0","1738","0","0","1738","1738","0","0","0","1738","1738","8","1738","Fri Apr 27 13:03:26 2018","#757575","low","2","The main experiment item","yes","","experiment.osexp","/Users/tom/github/sft-fraction/procedure","no","mono","no","24","no","white","no","yes","800","legacy","10","10","8","/Users/tom/github/sft-fraction/results/data/subject-5a.csv","legacy","#000000","high","3","Jazzy James","3.1.9","0","a","NA","space","space","space","a","return","486","NA","148901","11392","7534","486","39948","2","legacy","1024","2","48000","-16","experiment","5","odd","absent","2449601","2449601","NA","2354997","1312","169234","2461154","2461673","1371","150289","161699","2461674","2462182","2409572","2461138","Fraction component detection task","1715","957204","1739","yes","1280"
"98.6206896552","98.6206896552","550.377586207","550.377586207","#808080","no","legacy","legacy","legacy","0","uniform","1","undefined","undefined","undefined","1","l","8","8","0","1739","0","0","1739","1739","0","0","0","1739","1739","8","1739","Fri Apr 27 13:03:26 2018","#000000","high","4","The main experiment item","yes","","experiment.osexp","/Users/tom/github/sft-fraction/procedure","no","mono","no","24","no","white","no","yes","800","legacy","11","11","8","/Users/tom/github/sft-fraction/results/data/subject-5a.csv","legacy","#000000","high","8","Jazzy James","3.1.9","0","l","NA","space","space","space","l","return","453","NA","148901","11392","7534","453","39948","2","legacy","1024","2","48000","-16","experiment","5","odd","present","2449601","2449601","NA","2354997","1312","169234","2462268","2462787","1371","150289","161699","2462787","2463263","2409572","2462250","Fraction component detection task","1716","957657","1740","yes","1280"
"98.621481907","98.621481907","550.342331993","550.342331993","#808080","no","legacy","legacy","legacy","0","uniform","1","undefined","undefined","undefined","1","a","8","8","0","1740","0","0","1740","1740","0","0","0","1740","1740","8","1740","Fri Apr 27 13:03:26 2018","#000000","high","2","The main experiment item","yes","","experiment.osexp","/Users/tom/github/sft-fraction/procedure","no","mono","no","24","no","white","no","yes","800","legacy","12","12","8","/Users/tom/github/sft-fraction/results/data/subject-5a.csv","legacy","#000000","high","2","Jazzy James","3.1.9","0","a","NA","space","space","space","a","return","489","NA","148901","11392","7534","489","39948","2","legacy","1024","2","48000","-16","experiment","5","odd","absent","2449601","2449601","NA","2354997","1312","169234","2463355","2463871","1371","150289","161699","2463872","2464393","2409572","2463337","Fraction component detection task","1717","958146","1741","yes","1280"
"98.6222732491","98.6222732491","550.40815155","550.40815155","#808080","no","legacy","legacy","legacy","0","uniform","1","undefined","undefined","undefined","1","a","8","8","0","1741","0","0","1741","1741","0","0","0","1741","1741","8","1741","Fri Apr 27 13:03:26 2018","#757575","low","4","The main experiment item","yes","","experiment.osexp","/Users/tom/github/sft-fraction/procedure","no","mono","no","24","no","white","no","yes","800","legacy","13","13","8","/Users/tom/github/sft-fraction/results/data/subject-5a.csv","legacy","#000000","high","4","Jazzy James","3.1.9","0","a","NA","space","space","space","a","return","665","NA","148901","11392","7534","665","39948","2","legacy","1024","2","48000","-16","experiment","5","odd","absent","2449601","2449601","NA","2354997","1312","169234","2464483","2465000","1371","150289","161699","2465000","2465688","2409572","2464463","Fraction component detection task","1718","958811","1742","yes","1280"
"98.6230636833","98.6230636833","550.416523236","550.416523236","#808080","no","legacy","legacy","legacy","0","uniform","1","undefined","undefined","undefined","1","a","8","8","0","1742","0","0","1742","1742","0","0","0","1742","1742","8","1742","Fri Apr 27 13:03:26 2018","#000000","high","2","The main experiment item","yes","","experiment.osexp","/Users/tom/github/sft-fraction/procedure","no","mono","no","24","no","white","no","yes","800","legacy","14","14","8","/Users/tom/github/sft-fraction/results/data/subject-5a.csv","legacy","#757575","low","4","Jazzy James","3.1.9","0","a","NA","space","space","space","a","return","565","NA","148901","11392","7534","565","39948","2","legacy","1024","2","48000","-16","experiment","5","odd","absent","2449601","2449601","NA","2354997","1312","169234","2465772","2466292","1371","150289","161699","2466292","2466885","2409572","2465755","Fraction component detection task","1719","959376","1743","yes","1280"
"98.623853211","98.623853211","550.362385321","550.362385321","#808080","no","legacy","legacy","legacy","0","uniform","1","undefined","undefined","undefined","1","a","8","8","0","1743","0","0","1743","1743","0","0","0","1743","1743","8","1743","Fri Apr 27 13:03:26 2018","#000000","high","2","The main experiment item","yes","","experiment.osexp","/Users/tom/github/sft-fraction/procedure","no","mono","no","24","no","white","no","yes","800","legacy","15","15","8","/Users/tom/github/sft-fraction/results/data/subject-5a.csv","legacy","#757575","low","4","Jazzy James","3.1.9","0","a","NA","space","space","space","a","return","456","NA","148901","11392","7534","456","39948","2","legacy","1024","2","48000","-16","experiment","5","odd","absent","2449601","2449601","NA","2354997","1312","169234","2466970","2467488","1371","150289","161699","2467489","2467968","2409572","2466955","Fraction component detection task","1720","959832","1744","yes","1280"
"98.6246418338","98.6246418338","550.336389685","550.336389685","#808080","no","legacy","legacy","legacy","0","uniform","1","undefined","undefined","undefined","1","a","8","8","0","1744","0","0","1744","1744","0","0","0","1744","1744","8","1744","Fri Apr 27 13:03:26 2018","#757575","low","4","The main experiment item","yes","","experiment.osexp","/Users/tom/github/sft-fraction/procedure","no","mono","no","24","no","white","no","yes","800","legacy","16","16","8","/Users/tom/github/sft-fraction/results/data/subject-5a.csv","legacy","#757575","low","3","Jazzy James","3.1.9","0","a","NA","space","space","space","a","return","505","NA","148901","11392","7534","505","39948","2","legacy","1024","2","48000","-16","experiment","5","odd","absent","2449601","2449601","NA","2354997","1312","169234","2468049","2468567","1371","150289","161699","2468567","2469100","2409572","2468034","Fraction component detection task","1721","960337","1745","yes","1280"
"98.6254295533","98.6254295533","550.294959908","550.294959908","#808080","no","legacy","legacy","legacy","0","uniform","1","undefined","undefined","undefined","1","l","8","8","0","1745","0","0","1745","1745","0","0","0","1745","1745","8","1745","Fri Apr 27 13:03:26 2018","#000000","high","4","The main experiment item","yes","","experiment.osexp","/Users/tom/github/sft-fraction/procedure","no","mono","no","24","no","white","no","yes","800","legacy","17","17","8","/Users/tom/github/sft-fraction/results/data/subject-5a.csv","legacy","#000000","high","6","Jazzy James","3.1.9","0","l","NA","space","space","space","l","return","478","NA","148901","11392","7534","478","39948","2","legacy","1024","2","48000","-16","experiment","5","odd","present","2449601","2449601","NA","2354997","1312","169234","2469189","2469706","1371","150289","161699","2469706","2470209","2409572","2469171","Fraction component detection task","1722","960815","1746","yes","1280"
"98.6262163709","98.6262163709","550.278763595","550.278763595","#808080","no","legacy","legacy","legacy","0","uniform","1","undefined","undefined","undefined","1","a","8","8","0","1746","0","0","1746","1746","0","0","0","1746","1746","8","1746","Fri Apr 27 13:03:26 2018","#000000","high","3","The main experiment item","yes","","experiment.osexp","/Users/tom/github/sft-fraction/procedure","no","mono","no","24","no","white","no","yes","800","legacy","18","18","8","/Users/tom/github/sft-fraction/results/data/subject-5a.csv","legacy","#757575","low","4","Jazzy James","3.1.9","0","a","NA","space","space","space","a","return","522","NA","148901","11392","7534","522","39948","2","legacy","1024","2","48000","-16","experiment","5","odd","absent","2449601","2449601","NA","2354997","1312","169234","2470298","2470814","1371","150289","161699","2470815","2471360","2409572","2470279","Fraction component detection task","1723","961337","1747","yes","1280"
"98.6270022883","98.6270022883","550.258009153","550.258009153","#808080","no","legacy","legacy","legacy","0","uniform","1","undefined","undefined","undefined","1","l","8","8","0","1747","0","0","1747","1747","0","0","0","1747","1747","8","1747","Fri Apr 27 13:03:26 2018","#000000","high","8","The main experiment item","yes","","experiment.osexp","/Users/tom/github/sft-fraction/procedure","no","mono","no","24","no","white","no","yes","800","legacy","19","19","8","/Users/tom/github/sft-fraction/results/data/subject-5a.csv","legacy","#757575","low","6","Jazzy James","3.1.9","0","l","NA","space","space","space","l","return","514","NA","148901","11392","7534","514","39948","2","legacy","1024","2","48000","-16","experiment","5","odd","present","2449601","2449601","NA","2354997","1312","169234","2471457","2471975","1371","150289","161699","2471975","2472521","2409572","2471435","Fraction component detection task","1724","961851","1748","yes","1280"
"98.627787307","98.627787307","550.186392224","550.186392224","#808080","no","legacy","legacy","legacy","0","uniform","1","undefined","undefined","undefined","1","a","8","8","0","1748","0","0","1748","1748","0","0","0","1748","1748","8","1748","Fri Apr 27 13:03:26 2018","#000000","high","3","The main experiment item","yes","","experiment.osexp","/Users/tom/github/sft-fraction/procedure","no","mono","no","24","no","white","no","yes","800","legacy","20","20","8","/Users/tom/github/sft-fraction/results/data/subject-5a.csv","legacy","#000000","high","4","Jazzy James","3.1.9","0","a","NA","space","space","space","a","return","425","NA","148901","11392","7534","425","39948","2","legacy","1024","2","48000","-16","experiment","5","odd","absent","2449601","2449601","NA","2354997","1312","169234","2472602","2473120","1371","150289","161699","2473120","2473570","2409572","2472586","Fraction component detection task","1725","962276","1749","yes","1280"
"98.6285714286","98.6285714286","550.206857143","550.206857143","#808080","no","legacy","legacy","legacy","0","uniform","1","undefined","undefined","undefined","1","l","8","8","0","1749","0","0","1749","1749","0","0","0","1749","1749","8","1749","Fri Apr 27 13:03:26 2018","#757575","low","7","The main experiment item","yes","","experiment.osexp","/Users/tom/github/sft-fraction/procedure","no","mono","no","24","no","white","no","yes","800","legacy","21","21","8","/Users/tom/github/sft-fraction/results/data/subject-5a.csv","legacy","#000000","high","3","Jazzy James","3.1.9","0","l","NA","space","space","space","l","return","586","NA","148901","11392","7534","586","39948","2","legacy","1024","2","48000","-16","experiment","5","odd","present","2449601","2449601","NA","2354997","1312","169234","2473656","2474175","1371","150289","161699","2474175","2474784","2409572","2473638","Fraction component detection task","1726","962862","1750","yes","1280"
"98.6293546545","98.6293546545","550.176470588","550.176470588","#808080","no","legacy","legacy","legacy","0","uniform","1","undefined","undefined","undefined","1","a","8","8","0","1750","0","0","1750","1750","0","0","0","1750","1750","8","1750","Fri Apr 27 13:03:26 2018","#757575","low","3","The main experiment item","yes","","experiment.osexp","/Users/tom/github/sft-fraction/procedure","no","mono","no","24","no","white","no","yes","800","legacy","22","22","8","/Users/tom/github/sft-fraction/results/data/subject-5a.csv","legacy","#757575","low","2","Jazzy James","3.1.9","0","a","NA","space","space","space","a","return","497","NA","148901","11392","7534","497","39948","2","legacy","1024","2","48000","-16","experiment","5","odd","absent","2449601","2449601","NA","2354997","1312","169234","2474875","2475392","1371","150289","161699","2475392","2475913","2409572","2474855","Fraction component detection task","1727","963359","1751","yes","1280"
"98.6301369863","98.6301369863","550.107305936","550.107305936","#808080","no","legacy","legacy","legacy","0","uniform","1","undefined","undefined","undefined","1","l","8","8","0","1751","0","0","1751","1751","0","0","0","1751","1751","8","1751","Fri Apr 27 13:03:26 2018","#000000","high","8","The main experiment item","yes","","experiment.osexp","/Users/tom/github/sft-fraction/procedure","no","mono","no","24","no","white","no","yes","800","legacy","23","23","8","/Users/tom/github/sft-fraction/results/data/subject-5a.csv","legacy","#000000","high","8","Jazzy James","3.1.9","0","l","NA","space","space","space","l","return","429","NA","148901","11392","7534","429","39948","2","legacy","1024","2","48000","-16","experiment","5","odd","present","2449601","2449601","NA","2354997","1312","169234","2475999","2476516","1371","150289","161699","2476516","2476969","2409572","2475984","Fraction component detection task","1728","963788","1752","yes","1280"
"98.6309184256","98.6309184256","550.063890473","550.063890473","#808080","no","legacy","legacy","legacy","0","uniform","1","undefined","undefined","undefined","1","a","8","8","0","1752","0","0","1752","1752","0","0","0","1752","1752","8","1752","Fri Apr 27 13:03:26 2018","#757575","low","2","The main experiment item","yes","","experiment.osexp","/Users/tom/github/sft-fraction/procedure","no","mono","no","24","no","white","no","yes","800","legacy","24","24","8","/Users/tom/github/sft-fraction/results/data/subject-5a.csv","legacy","#757575","low","2","Jazzy James","3.1.9","0","a","NA","space","space","space","a","return","474","NA","148901","11392","7534","474","39948","2","legacy","1024","2","48000","-16","experiment","5","odd","absent","2449601","2449601","NA","2354997","1312","169234","2477057","2477574","1371","150289","161699","2477574","2478072","2409572","2477035","Fraction component detection task","1729","964262","1753","yes","1280"
"98.6316989738","98.6316989738","550.061003421","550.061003421","#808080","no","legacy","legacy","legacy","0","uniform","1","undefined","undefined","undefined","1","a","8","8","0","1753","0","0","1753","1753","0","0","0","1753","1753","8","1753","Fri Apr 27 13:03:26 2018","#757575","low","4","The main experiment item","yes","","experiment.osexp","/Users/tom/github/sft-fraction/procedure","no","mono","no","24","no","white","no","yes","800","legacy","25","25","8","/Users/tom/github/sft-fraction/results/data/subject-5a.csv","legacy","#757575","low","4","Jazzy James","3.1.9","0","a","NA","space","space","space","a","return","545","NA","148901","11392","7534","545","39948","2","legacy","1024","2","48000","-16","experiment","5","odd","absent","2449601","2449601","NA","2354997","1312","169234","2478153","2478670","1371","150289","161699","2478671","2479239","2409572","2478137","Fraction component detection task","1730","964807","1754","yes","1280"
"98.6324786325","98.6324786325","550.04957265","550.04957265","#808080","no","legacy","legacy","legacy","0","uniform","1","undefined","undefined","undefined","1","a","8","8","0","1754","0","0","1754","1754","0","0","0","1754","1754","8","1754","Fri Apr 27 13:03:26 2018","#000000","high","4","The main experiment item","yes","","experiment.osexp","/Users/tom/github/sft-fraction/procedure","no","mono","no","24","no","white","no","yes","800","legacy","26","26","8","/Users/tom/github/sft-fraction/results/data/subject-5a.csv","legacy","#757575","low","3","Jazzy James","3.1.9","0","a","NA","space","space","space","a","return","530","NA","148901","11392","7534","530","39948","2","legacy","1024","2","48000","-16","experiment","5","odd","absent","2449601","2449601","NA","2354997","1312","169234","2479330","2479848","1371","150289","161699","2479848","2480409","2409572","2479308","Fraction component detection task","1731","965337","1755","yes","1280"
"98.6332574032","98.6332574032","550.0523918","550.0523918","#808080","no","legacy","legacy","legacy","0","uniform","1","undefined","undefined","undefined","1","l","8","8","0","1755","0","0","1755","1755","0","0","0","1755","1755","8","1755","Fri Apr 27 13:03:26 2018","#000000","high","8","The main experiment item","yes","","experiment.osexp","/Users/tom/github/sft-fraction/procedure","no","mono","no","24","no","white","no","yes","800","legacy","27","27","8","/Users/tom/github/sft-fraction/results/data/subject-5a.csv","legacy","#000000","high","3","Jazzy James","3.1.9","0","l","NA","space","space","space","l","return","555","NA","148901","11392","7534","555","39948","2","legacy","1024","2","48000","-16","experiment","5","odd","present","2449601","2449601","NA","2354997","1312","169234","2480495","2481015","1371","150289","161699","2481015","2481598","2409572","2480477","Fraction component detection task","1732","965892","1756","yes","1280"
"98.6340352874","98.6340352874","550.10130905","550.10130905","#808080","no","legacy","legacy","legacy","0","uniform","1","undefined","undefined","undefined","1","l","8","8","0","1756","0","0","1756","1756","0","0","0","1756","1756","8","1756","Fri Apr 27 13:03:26 2018","#757575","low","8","The main experiment item","yes","","experiment.osexp","/Users/tom/github/sft-fraction/procedure","no","mono","no","24","no","white","no","yes","800","legacy","28","28","8","/Users/tom/github/sft-fraction/results/data/subject-5a.csv","legacy","#000000","high","6","Jazzy James","3.1.9","0","l","NA","space","space","space","l","return","636","NA","148901","11392","7534","636","39948","2","legacy","1024","2","48000","-16","experiment","5","odd","present","2449601","2449601","NA","2354997","1312","169234","2481687","2482205","1371","150289","161699","2482206","2482865","2409572","2481667","Fraction component detection task","1733","966528","1757","yes","1280"
"98.6348122867","98.6348122867","550.042662116","550.042662116","#808080","no","legacy","legacy","legacy","0","uniform","1","undefined","undefined","undefined","1","l","8","8","0","1757","0","0","1757","1757","0","0","0","1757","1757","8","1757","Fri Apr 27 13:03:26 2018","#757575","low","4","The main experiment item","yes","","experiment.osexp","/Users/tom/github/sft-fraction/procedure","no","mono","no","24","no","white","no","yes","800","legacy","29","29","8","/Users/tom/github/sft-fraction/results/data/subject-5a.csv","legacy","#000000","high","6","Jazzy James","3.1.9","0","l","NA","space","space","space","l","return","447","NA","148901","11392","7534","447","39948","2","legacy","1024","2","48000","-16","experiment","5","odd","present","2449601","2449601","NA","2354997","1312","169234","2482954","2483474","1371","150289","161699","2483475","2483945","2409572","2482938","Fraction component detection task","1734","966975","1758","yes","1280"
"98.6355884025","98.6355884025","549.989766913","549.989766913","#808080","no","legacy","legacy","legacy","0","uniform","1","undefined","undefined","undefined","1","l","8","8","0","1758","0","0","1758","1758","0","0","0","1758","1758","8","1758","Fri Apr 27 13:03:26 2018","#000000","high","6","The main experiment item","yes","","experiment.osexp","/Users/tom/github/sft-fraction/procedure","no","mono","no","24","no","white","no","yes","800","legacy","30","30","8","/Users/tom/github/sft-fraction/results/data/subject-5a.csv","legacy","#757575","low","3","Jazzy James","3.1.9","0","l","NA","space","space","space","l","return","457","NA","148901","11392","7534","457","39948","2","legacy","1024","2","48000","-16","experiment","5","odd","present","2449601","2449601","NA","2354997","1312","169234","2484033","2484551","1371","150289","161699","2484552","2485032","2409572","2484012","Fraction component detection task","1735","967432","1759","yes","1280"
"98.6363636364","98.6363636364","549.991477273","549.991477273","#808080","no","legacy","legacy","legacy","0","uniform","1","undefined","undefined","undefined","1","l","8","8","0","1759","0","0","1759","1759","0","0","0","1759","1759","8","1759","Fri Apr 27 13:03:26 2018","#757575","low","7","The main experiment item","yes","","experiment.osexp","/Users/tom/github/sft-fraction/procedure","no","mono","no","24","no","white","no","yes","800","legacy","31","31","8","/Users/tom/github/sft-fraction/results/data/subject-5a.csv","legacy","#000000","high","2","Jazzy James","3.1.9","0","l","NA","space","space","space","l","return","553","NA","148901","11392","7534","553","39948","2","legacy","1024","2","48000","-16","experiment","5","odd","present","2449601","2449601","NA","2354997","1312","169234","2485123","2485640","1371","150289","161699","2485640","2486217","2409572","2485102","Fraction component detection task","1736","967985","1760","yes","1280"
"98.6371379898","98.6371379898","550.02725724","550.02725724","#808080","no","legacy","legacy","legacy","0","uniform","1","undefined","undefined","undefined","1","a","8","8","0","1760","0","0","1760","1760","0","0","0","1760","1760","8","1760","Fri Apr 27 13:03:26 2018","#757575","low","2","The main experiment item","yes","","experiment.osexp","/Users/tom/github/sft-fraction/procedure","no","mono","no","24","no","white","no","yes","800","legacy","32","32","8","/Users/tom/github/sft-fraction/results/data/subject-5a.csv","legacy","#000000","high","4","Jazzy James","3.1.9","0","a","NA","space","space","space","a","return","613","NA","148901","11392","7534","613","39948","2","legacy","1024","2","48000","-16","experiment","5","odd","absent","2449601","2449601","NA","2354997","1312","169234","2486302","2486821","1371","150289","161699","2486821","2487457","2409572","2486286","Fraction component detection task","1737","968598","1761","yes","1280"
"98.6379114642","98.6379114642","550.048808173","550.048808173","#808080","no","legacy","legacy","legacy","0","uniform","1","undefined","undefined","undefined","1","l","8","8","0","1761","0","0","1761","1761","0","0","0","1761","1761","8","1761","Fri Apr 27 13:03:26 2018","#000000","high","2","The main experiment item","yes","","experiment.osexp","/Users/tom/github/sft-fraction/procedure","no","mono","no","24","no","white","no","yes","800","legacy","33","33","8","/Users/tom/github/sft-fraction/results/data/subject-5a.csv","legacy","#757575","low","7","Jazzy James","3.1.9","0","l","NA","space","space","space","l","return","588","NA","148901","11392","7534","588","39948","2","legacy","1024","2","48000","-16","experiment","5","odd","present","2449601","2449601","NA","2354997","1312","169234","2487545","2488061","1371","150289","161699","2488062","2488673","2409572","2487530","Fraction component detection task","1738","969186","1762","yes","1280"
"98.6386840613","98.6386840613","550.092456041","550.092456041","#808080","no","legacy","legacy","legacy","0","uniform","1","undefined","undefined","undefined","1","a","8","8","0","1762","0","0","1762","1762","0","0","0","1762","1762","8","1762","Fri Apr 27 13:03:26 2018","#757575","low","3","The main experiment item","yes","","experiment.osexp","/Users/tom/github/sft-fraction/procedure","no","mono","no","24","no","white","no","yes","800","legacy","34","34","8","/Users/tom/github/sft-fraction/results/data/subject-5a.csv","legacy","#757575","low","3","Jazzy James","3.1.9","0","a","NA","space","space","space","a","return","627","NA","148901","11392","7534","627","39948","2","legacy","1024","2","48000","-16","experiment","5","odd","absent","2449601","2449601","NA","2354997","1312","169234","2488758","2489279","1371","150289","161699","2489279","2489930","2409572","2488742","Fraction component detection task","1739","969813","1763","yes","1280"
"98.6394557823","98.6394557823","550.104875283","550.104875283","#808080","no","legacy","legacy","legacy","0","uniform","1","undefined","undefined","undefined","1","a","8","8","0","1763","0","0","1763","1763","0","0","0","1763","1763","8","1763","Fri Apr 27 13:03:26 2018","#000000","high","4","The main experiment item","yes","","experiment.osexp","/Users/tom/github/sft-fraction/procedure","no","mono","no","24","no","white","no","yes","800","legacy","35","35","8","/Users/tom/github/sft-fraction/results/data/subject-5a.csv","legacy","#757575","low","4","Jazzy James","3.1.9","0","a","NA","space","space","space","a","return","572","NA","148901","11392","7534","572","39948","2","legacy","1024","2","48000","-16","experiment","5","odd","absent","2449601","2449601","NA","2354997","1312","169234","2490012","2490533","1371","150289","161699","2490533","2491129","2409572","2489997","Fraction component detection task","1740","970385","1764","yes","1280"
"98.6402266289","98.6402266289","550.095750708","550.095750708","#808080","no","legacy","legacy","legacy","0","uniform","1","undefined","undefined","undefined","1","l","8","8","0","1764","0","0","1764","1764","0","0","0","1764","1764","8","1764","Fri Apr 27 13:03:26 2018","#757575","low","8","The main experiment item","yes","","experiment.osexp","/Users/tom/github/sft-fraction/procedure","no","mono","no","24","no","white","no","yes","800","legacy","36","36","8","/Users/tom/github/sft-fraction/results/data/subject-5a.csv","legacy","#000000","high","2","Jazzy James","3.1.9","0","l","NA","space","space","space","l","return","534","NA","148901","11392","7534","534","39948","2","legacy","1024","2","48000","-16","experiment","5","odd","present","2449601","2449601","NA","2354997","1312","169234","2491219","2491739","1371","150289","161699","2491739","2492300","2409572","2491198","Fraction component detection task","1741","970919","1765","yes","1280"
"98.6409966025","98.6409966025","550.077010193","550.077010193","#808080","no","legacy","legacy","legacy","0","uniform","1","undefined","undefined","undefined","1","a","8","8","0","1765","0","0","1765","1765","0","0","0","1765","1765","8","1765","Fri Apr 27 13:03:26 2018","#000000","high","3","The main experiment item","yes","","experiment.osexp","/Users/tom/github/sft-fraction/procedure","no","mono","no","24","no","white","no","yes","800","legacy","37","37","8","/Users/tom/github/sft-fraction/results/data/subject-5a.csv","legacy","#757575","low","2","Jazzy James","3.1.9","0","a","NA","space","space","space","a","return","517","NA","148901","11392","7534","517","39948","2","legacy","1024","2","48000","-16","experiment","5","odd","absent","2449601","2449601","NA","2354997","1312","169234","2492384","2492901","1371","150289","161699","2492901","2493447","2409572","2492368","Fraction component detection task","1742","971436","1766","yes","1280"
"98.6417657046","98.6417657046","550.044142615","550.044142615","#808080","no","legacy","legacy","legacy","0","uniform","1","undefined","undefined","undefined","1","a","8","8","0","1766","0","0","1766","1766","0","0","0","1766","1766","8","1766","Fri Apr 27 13:03:26 2018","#000000","high","4","The main experiment item","yes","","experiment.osexp","/Users/tom/github/sft-fraction/procedure","no","mono","no","24","no","white","no","yes","800","legacy","38","38","8","/Users/tom/github/sft-fraction/results/data/subject-5a.csv","legacy","#000000","high","2","Jazzy James","3.1.9","0","a","NA","space","space","space","a","return","492","NA","148901","11392","7534","492","39948","2","legacy","1024","2","48000","-16","experiment","5","odd","absent","2449601","2449601","NA","2354997","1312","169234","2493538","2494054","1371","150289","161699","2494054","2494572","2409572","2493516","Fraction component detection task","1743","971928","1767","yes","1280"
"98.6425339367","98.6425339367","550.010746606","550.010746606","#808080","no","legacy","legacy","legacy","0","uniform","1","undefined","undefined","undefined","1","l","8","8","0","1767","0","0","1767","1767","0","0","0","1767","1767","8","1767","Fri Apr 27 13:03:26 2018","#000000","high","6","The main experiment item","yes","","experiment.osexp","/Users/tom/github/sft-fraction/procedure","no","mono","no","24","no","white","no","yes","800","legacy","39","39","8","/Users/tom/github/sft-fraction/results/data/subject-5a.csv","legacy","#000000","high","4","Jazzy James","3.1.9","0","l","NA","space","space","space","l","return","491","NA","148901","11392","7534","491","39948","2","legacy","1024","2","48000","-16","experiment","5","odd","present","2449601","2449601","NA","2354997","1312","169234","2494657","2495175","1371","150289","161699","2495175","2495690","2409572","2494640","Fraction component detection task","1744","972419","1768","yes","1280"
"98.6433013002","98.6433013002","549.976257773","549.976257773","#808080","no","legacy","legacy","legacy","0","uniform","1","undefined","undefined","undefined","1","a","8","8","0","1768","0","0","1768","1768","0","0","0","1768","1768","8","1768","Fri Apr 27 13:03:26 2018","#757575","low","3","The main experiment item","yes","","experiment.osexp","/Users/tom/github/sft-fraction/procedure","no","mono","no","24","no","white","no","yes","800","legacy","40","40","8","/Users/tom/github/sft-fraction/results/data/subject-5a.csv","legacy","#000000","high","2","Jazzy James","3.1.9","0","a","NA","space","space","space","a","return","489","NA","148901","11392","7534","489","39948","2","legacy","1024","2","48000","-16","experiment","5","odd","absent","2449601","2449601","NA","2354997","1312","169234","2495780","2496298","1371","150289","161699","2496298","2496814","2409572","2495760","Fraction component detection task","1745","972908","1769","yes","1280"
"98.6440677966","98.6440677966","549.938418079","549.938418079","#808080","no","legacy","legacy","legacy","0","uniform","1","undefined","undefined","undefined","1","l","8","8","0","1769","0","0","1769","1769","0","0","0","1769","1769","8","1769","Fri Apr 27 13:03:26 2018","#000000","high","6","The main experiment item","yes","","experiment.osexp","/Users/tom/github/sft-fraction/procedure","no","mono","no","24","no","white","no","yes","800","legacy","41","41","8","/Users/tom/github/sft-fraction/results/data/subject-5a.csv","legacy","#757575","low","6","Jazzy James","3.1.9","0","l","NA","space","space","space","l","return","483","NA","148901","11392","7534","483","39948","2","legacy","1024","2","48000","-16","experiment","5","odd","present","2449601","2449601","NA","2354997","1312","169234","2496899","2497415","1371","150289","161699","2497415","2497922","2409572","2496883","Fraction component detection task","1746","973391","1770","yes","1280"
"98.6448334274","98.6448334274","549.910220215","549.910220215","#808080","no","legacy","legacy","legacy","0","uniform","1","undefined","undefined","undefined","1","l","8","8","0","1770","0","0","1770","1770","0","0","0","1770","1770","8","1770","Fri Apr 27 13:03:26 2018","#000000","high","7","The main experiment item","yes","","experiment.osexp","/Users/tom/github/sft-fraction/procedure","no","mono","no","24","no","white","no","yes","800","legacy","42","42","8","/Users/tom/github/sft-fraction/results/data/subject-5a.csv","legacy","#000000","high","8","Jazzy James","3.1.9","0","l","NA","space","space","space","l","return","500","NA","148901","11392","7534","500","39948","2","legacy","1024","2","48000","-16","experiment","5","odd","present","2449601","2449601","NA","2354997","1312","169234","2498004","2498525","1371","150289","161699","2498525","2499055","2409572","2497989","Fraction component detection task","1747","973891","1771","yes","1280"
"98.6455981941","98.6455981941","549.90744921","549.90744921","#808080","no","legacy","legacy","legacy","0","uniform","1","undefined","undefined","undefined","1","a","8","8","0","1771","0","0","1771","1771","0","0","0","1771","1771","8","1771","Fri Apr 27 13:03:26 2018","#000000","high","3","The main experiment item","yes","","experiment.osexp","/Users/tom/github/sft-fraction/procedure","no","mono","no","24","no","white","no","yes","800","legacy","43","43","8","/Users/tom/github/sft-fraction/results/data/subject-5a.csv","legacy","#000000","high","3","Jazzy James","3.1.9","0","a","NA","space","space","space","a","return","545","NA","148901","11392","7534","545","39948","2","legacy","1024","2","48000","-16","experiment","5","odd","absent","2449601","2449601","NA","2354997","1312","169234","2499139","2499656","1371","150289","161699","2499656","2500235","2409572","2499123","Fraction component detection task","1748","974436","1772","yes","1280"
"98.6463620981","98.6463620981","549.9892837","549.9892837","#808080","no","legacy","legacy","legacy","0","uniform","1","undefined","undefined","undefined","1","a","8","8","0","1772","0","0","1772","1772","0","0","0","1772","1772","8","1772","Fri Apr 27 13:03:26 2018","#000000","high","4","The main experiment item","yes","","experiment.osexp","/Users/tom/github/sft-fraction/procedure","no","mono","no","24","no","white","no","yes","800","legacy","44","44","8","/Users/tom/github/sft-fraction/results/data/subject-5a.csv","legacy","#757575","low","3","Jazzy James","3.1.9","0","a","NA","space","space","space","a","return","695","NA","148901","11392","7534","695","39948","2","legacy","1024","2","48000","-16","experiment","5","odd","absent","2449601","2449601","NA","2354997","1312","169234","2500327","2500844","1371","150289","161699","2500844","2501565","2409572","2500305","Fraction component detection task","1749","975131","1773","yes","1280"
"98.6471251409","98.6471251409","549.970124014","549.970124014","#808080","no","legacy","legacy","legacy","0","uniform","1","undefined","undefined","undefined","1","a","8","8","0","1773","0","0","1773","1773","0","0","0","1773","1773","8","1773","Fri Apr 27 13:03:26 2018","#757575","low","2","The main experiment item","yes","","experiment.osexp","/Users/tom/github/sft-fraction/procedure","no","mono","no","24","no","white","no","yes","800","legacy","45","45","8","/Users/tom/github/sft-fraction/results/data/subject-5a.csv","legacy","#000000","high","2","Jazzy James","3.1.9","0","a","NA","space","space","space","a","return","516","NA","148901","11392","7534","516","39948","2","legacy","1024","2","48000","-16","experiment","5","odd","absent","2449601","2449601","NA","2354997","1312","169234","2501657","2502175","1371","150289","161699","2502175","2502714","2409572","2501637","Fraction component detection task","1750","975647","1774","yes","1280"
"98.6478873239","98.6478873239","549.887887324","549.887887324","#808080","no","legacy","legacy","legacy","0","uniform","1","undefined","undefined","undefined","1","a","8","8","0","1774","0","0","1774","1774","0","0","0","1774","1774","8","1774","Fri Apr 27 13:03:26 2018","#000000","high","2","The main experiment item","yes","","experiment.osexp","/Users/tom/github/sft-fraction/procedure","no","mono","no","24","no","white","no","yes","800","legacy","46","46","8","/Users/tom/github/sft-fraction/results/data/subject-5a.csv","legacy","#000000","high","3","Jazzy James","3.1.9","0","a","NA","space","space","space","a","return","404","NA","148901","11392","7534","404","39948","2","legacy","1024","2","48000","-16","experiment","5","odd","absent","2449601","2449601","NA","2354997","1312","169234","2502801","2503319","1371","150289","161699","2503319","2503746","2409572","2502780","Fraction component detection task","1751","976051","1775","yes","1280"
"98.6486486486","98.6486486486","549.810810811","549.810810811","#808080","no","legacy","legacy","legacy","0","uniform","1","undefined","undefined","undefined","1","l","8","8","0","1775","0","0","1775","1775","0","0","0","1775","1775","8","1775","Fri Apr 27 13:03:26 2018","#000000","high","7","The main experiment item","yes","","experiment.osexp","/Users/tom/github/sft-fraction/procedure","no","mono","no","24","no","white","no","yes","800","legacy","47","47","8","/Users/tom/github/sft-fraction/results/data/subject-5a.csv","legacy","#757575","low","4","Jazzy James","3.1.9","0","l","NA","space","space","space","l","return","413","NA","148901","11392","7534","413","39948","2","legacy","1024","2","48000","-16","experiment","5","odd","present","2449601","2449601","NA","2354997","1312","169234","2503833","2504350","1371","150289","161699","2504350","2504789","2409572","2503815","Fraction component detection task","1752","976464","1776","yes","1280"
"98.6494091165","98.6494091165","549.750140687","549.750140687","#808080","no","legacy","legacy","legacy","0","uniform","1","undefined","undefined","undefined","1","l","8","8","0","1776","0","0","1776","1776","0","0","0","1776","1776","8","1776","Fri Apr 27 13:03:26 2018","#757575","low","6","The main experiment item","yes","","experiment.osexp","/Users/tom/github/sft-fraction/procedure","no","mono","no","24","no","white","no","yes","800","legacy","48","48","8","/Users/tom/github/sft-fraction/results/data/subject-5a.csv","legacy","#757575","low","7","Jazzy James","3.1.9","0","l","NA","space","space","space","l","return","442","NA","148901","11392","7534","442","39948","2","legacy","1024","2","48000","-16","experiment","5","odd","present","2449601","2449601","NA","2354997","1312","169234","2504876","2505393","1371","150289","161699","2505393","2505859","2409572","2504855","Fraction component detection task","1753","976906","1777","yes","1280"
"98.5939257593","98.5939257593","549.732283465","549.732283465","#808080","no","legacy","legacy","legacy","0","uniform","0","undefined","undefined","undefined","0","l","8","8","0","1777","0","0","1777","1777","0","0","0","1777","1777","8","1777","Fri Apr 27 13:03:26 2018","#757575","low","6","The main experiment item","yes","","experiment.osexp","/Users/tom/github/sft-fraction/procedure","no","mono","no","24","no","white","no","yes","800","legacy","49","49","8","/Users/tom/github/sft-fraction/results/data/subject-5a.csv","legacy","#757575","low","2","Jazzy James","3.1.9","0","a","NA","space","space","space","a","return","518","NA","148901","11392","7534","518","39948","2","legacy","1024","2","48000","-16","experiment","5","odd","present","2449601","2449601","NA","2354997","1312","169234","2505939","2506461","1371","150289","161699","2506461","2507002","2409572","2505924","Fraction component detection task","1753","977424","1778","yes","1280"
"98.5947161327","98.5947161327","549.762788083","549.762788083","#808080","no","legacy","legacy","legacy","0","uniform","1","undefined","undefined","undefined","1","a","8","8","0","1778","0","0","1778","1778","0","0","0","1778","1778","8","1778","Fri Apr 27 13:03:26 2018","#757575","low","4","The main experiment item","yes","","experiment.osexp","/Users/tom/github/sft-fraction/procedure","no","mono","no","24","no","white","no","yes","800","legacy","50","50","8","/Users/tom/github/sft-fraction/results/data/subject-5a.csv","legacy","#757575","low","4","Jazzy James","3.1.9","0","a","NA","space","space","space","a","return","604","NA","148901","11392","7534","604","39948","2","legacy","1024","2","48000","-16","experiment","5","odd","absent","2449601","2449601","NA","2507023","1312","169234","2508109","2508630","1371","150289","161699","2508630","2509258","2409572","2508092","Fraction component detection task","1754","978028","1779","yes","1280"
"98.595505618","98.595505618","549.780898876","549.780898876","#808080","no","legacy","legacy","legacy","0","uniform","1","undefined","undefined","undefined","1","l","8","8","0","1779","0","0","1779","1779","0","0","0","1779","1779","8","1779","Fri Apr 27 13:03:26 2018","#000000","high","6","The main experiment item","yes","","experiment.osexp","/Users/tom/github/sft-fraction/procedure","no","mono","no","24","no","white","no","yes","800","legacy","51","51","8","/Users/tom/github/sft-fraction/results/data/subject-5a.csv","legacy","#757575","low","2","Jazzy James","3.1.9","0","l","NA","space","space","space","l","return","582","NA","148901","11392","7534","582","39948","2","legacy","1024","2","48000","-16","experiment","5","odd","present","2449601","2449601","NA","2507023","1312","169234","2509344","2509861","1371","150289","161699","2509861","2510467","2409572","2509328","Fraction component detection task","1755","978610","1780","yes","1280"
"98.5962942167","98.5962942167","549.724873666","549.724873666","#808080","no","legacy","legacy","legacy","0","uniform","1","undefined","undefined","undefined","1","l","8","8","0","1780","0","0","1780","1780","0","0","0","1780","1780","8","1780","Fri Apr 27 13:03:26 2018","#000000","high","6","The main experiment item","yes","","experiment.osexp","/Users/tom/github/sft-fraction/procedure","no","mono","no","24","no","white","no","yes","800","legacy","52","52","8","/Users/tom/github/sft-fraction/results/data/subject-5a.csv","legacy","#000000","high","6","Jazzy James","3.1.9","0","l","NA","space","space","space","l","return","450","NA","148901","11392","7534","450","39948","2","legacy","1024","2","48000","-16","experiment","5","odd","present","2449601","2449601","NA","2507023","1312","169234","2510553","2511073","1371","150289","161699","2511073","2511547","2409572","2510537","Fraction component detection task","1756","979060","1781","yes","1280"
"98.5970819304","98.5970819304","549.710998878","549.710998878","#808080","no","legacy","legacy","legacy","0","uniform","1","undefined","undefined","undefined","1","a","8","8","0","1781","0","0","1781","1781","0","0","0","1781","1781","8","1781","Fri Apr 27 13:03:26 2018","#757575","low","4","The main experiment item","yes","","experiment.osexp","/Users/tom/github/sft-fraction/procedure","no","mono","no","24","no","white","no","yes","800","legacy","53","53","8","/Users/tom/github/sft-fraction/results/data/subject-5a.csv","legacy","#757575","low","2","Jazzy James","3.1.9","0","a","NA","space","space","space","a","return","525","NA","148901","11392","7534","525","39948","2","legacy","1024","2","48000","-16","experiment","5","odd","absent","2449601","2449601","NA","2507023","1312","169234","2511634","2512150","1371","150289","161699","2512150","2512699","2409572","2511614","Fraction component detection task","1757","979585","1782","yes","1280"
"98.5978687605","98.5978687605","549.644419518","549.644419518","#808080","no","legacy","legacy","legacy","0","uniform","1","undefined","undefined","undefined","1","a","8","8","0","1782","0","0","1782","1782","0","0","0","1782","1782","8","1782","Fri Apr 27 13:03:26 2018","#000000","high","4","The main experiment item","yes","","experiment.osexp","/Users/tom/github/sft-fraction/procedure","no","mono","no","24","no","white","no","yes","800","legacy","54","54","8","/Users/tom/github/sft-fraction/results/data/subject-5a.csv","legacy","#000000","high","4","Jazzy James","3.1.9","0","a","NA","space","space","space","a","return","431","NA","148901","11392","7534","431","39948","2","legacy","1024","2","48000","-16","experiment","5","odd","absent","2449601","2449601","NA","2507023","1312","169234","2512779","2513300","1371","150289","161699","2513300","2513756","2409572","2512763","Fraction component detection task","1758","980016","1783","yes","1280"
"98.5986547085","98.5986547085","549.715807175","549.715807175","#808080","no","legacy","legacy","legacy","0","uniform","1","undefined","undefined","undefined","1","a","8","8","0","1783","0","0","1783","1783","0","0","0","1783","1783","8","1783","Fri Apr 27 13:03:26 2018","#757575","low","3","The main experiment item","yes","","experiment.osexp","/Users/tom/github/sft-fraction/procedure","no","mono","no","24","no","white","no","yes","800","legacy","55","55","8","/Users/tom/github/sft-fraction/results/data/subject-5a.csv","legacy","#000000","high","2","Jazzy James","3.1.9","0","a","NA","space","space","space","a","return","677","NA","148901","11392","7534","677","39948","2","legacy","1024","2","48000","-16","experiment","5","odd","absent","2449601","2449601","NA","2507023","1312","169234","2513849","2514365","1371","150289","161699","2514365","2515068","2409572","2513829","Fraction component detection task","1759","980693","1784","yes","1280"
"98.5994397759","98.5994397759","549.676190476","549.676190476","#808080","no","legacy","legacy","legacy","0","uniform","1","undefined","undefined","undefined","1","l","8","8","0","1784","0","0","1784","1784","0","0","0","1784","1784","8","1784","Fri Apr 27 13:03:26 2018","#000000","high","2","The main experiment item","yes","","experiment.osexp","/Users/tom/github/sft-fraction/procedure","no","mono","no","24","no","white","no","yes","800","legacy","56","56","8","/Users/tom/github/sft-fraction/results/data/subject-5a.csv","legacy","#000000","high","6","Jazzy James","3.1.9","0","l","NA","space","space","space","l","return","479","NA","148901","11392","7534","479","39948","2","legacy","1024","2","48000","-16","experiment","5","odd","present","2449601","2449601","NA","2507023","1312","169234","2515157","2515675","1371","150289","161699","2515675","2516180","2409572","2515141","Fraction component detection task","1760","981172","1785","yes","1280"
"98.6002239642","98.6002239642","549.662933931","549.662933931","#808080","no","legacy","legacy","legacy","0","uniform","1","undefined","undefined","undefined","1","a","8","8","0","1785","0","0","1785","1785","0","0","0","1785","1785","8","1785","Fri Apr 27 13:03:26 2018","#757575","low","2","The main experiment item","yes","","experiment.osexp","/Users/tom/github/sft-fraction/procedure","no","mono","no","24","no","white","no","yes","800","legacy","57","57","8","/Users/tom/github/sft-fraction/results/data/subject-5a.csv","legacy","#757575","low","2","Jazzy James","3.1.9","0","a","NA","space","space","space","a","return","526","NA","148901","11392","7534","526","39948","2","legacy","1024","2","48000","-16","experiment","5","odd","absent","2449601","2449601","NA","2507023","1312","169234","2516272","2516788","1371","150289","161699","2516789","2517340","2409572","2516253","Fraction component detection task","1761","981698","1786","yes","1280"
"98.6010072748","98.6010072748","549.660884163","549.660884163","#808080","no","legacy","legacy","legacy","0","uniform","1","undefined","undefined","undefined","1","l","8","8","0","1786","0","0","1786","1786","0","0","0","1786","1786","8","1786","Fri Apr 27 13:03:26 2018","#757575","low","3","The main experiment item","yes","","experiment.osexp","/Users/tom/github/sft-fraction/procedure","no","mono","no","24","no","white","no","yes","800","legacy","58","58","8","/Users/tom/github/sft-fraction/results/data/subject-5a.csv","legacy","#757575","low","6","Jazzy James","3.1.9","0","l","NA","space","space","space","l","return","546","NA","148901","11392","7534","546","39948","2","legacy","1024","2","48000","-16","experiment","5","odd","present","2449601","2449601","NA","2507023","1312","169234","2517427","2517945","1371","150289","161699","2517945","2518523","2409572","2517411","Fraction component detection task","1762","982244","1787","yes","1280"
"98.6017897092","98.6017897092","549.669463087","549.669463087","#808080","no","legacy","legacy","legacy","0","uniform","1","undefined","undefined","undefined","1","a","8","8","0","1787","0","0","1787","1787","0","0","0","1787","1787","8","1787","Fri Apr 27 13:03:26 2018","#757575","low","3","The main experiment item","yes","","experiment.osexp","/Users/tom/github/sft-fraction/procedure","no","mono","no","24","no","white","no","yes","800","legacy","59","59","8","/Users/tom/github/sft-fraction/results/data/subject-5a.csv","legacy","#000000","high","3","Jazzy James","3.1.9","0","a","NA","space","space","space","a","return","565","NA","148901","11392","7534","565","39948","2","legacy","1024","2","48000","-16","experiment","5","odd","absent","2449601","2449601","NA","2507023","1312","169234","2518609","2519125","1371","150289","161699","2519126","2519716","2409572","2518589","Fraction component detection task","1763","982809","1788","yes","1280"
"98.6025712689","98.6025712689","549.665176076","549.665176076","#808080","no","legacy","legacy","legacy","0","uniform","1","undefined","undefined","undefined","1","l","8","8","0","1788","0","0","1788","1788","0","0","0","1788","1788","8","1788","Fri Apr 27 13:03:26 2018","#757575","low","2","The main experiment item","yes","","experiment.osexp","/Users/tom/github/sft-fraction/procedure","no","mono","no","24","no","white","no","yes","800","legacy","60","60","8","/Users/tom/github/sft-fraction/results/data/subject-5a.csv","legacy","#757575","low","8","Jazzy James","3.1.9","0","l","NA","space","space","space","l","return","542","NA","148901","11392","7534","542","39948","2","legacy","1024","2","48000","-16","experiment","5","odd","present","2449601","2449601","NA","2507023","1312","169234","2519807","2520324","1371","150289","161699","2520325","2520891","2409572","2519786","Fraction component detection task","1764","983351","1789","yes","1280"
"98.6033519553","98.6033519553","549.717877095","549.717877095","#808080","no","legacy","legacy","legacy","0","uniform","1","undefined","undefined","undefined","1","l","8","8","0","1789","0","0","1789","1789","0","0","0","1789","1789","8","1789","Fri Apr 27 13:03:26 2018","#757575","low","7","The main experiment item","yes","","experiment.osexp","/Users/tom/github/sft-fraction/procedure","no","mono","no","24","no","white","no","yes","800","legacy","61","61","8","/Users/tom/github/sft-fraction/results/data/subject-5a.csv","legacy","#000000","high","6","Jazzy James","3.1.9","0","l","NA","space","space","space","l","return","644","NA","148901","11392","7534","644","39948","2","legacy","1024","2","48000","-16","experiment","5","odd","present","2449601","2449601","NA","2507023","1312","169234","2520975","2521495","1371","150289","161699","2521495","2522163","2409572","2520959","Fraction component detection task","1765","983995","1790","yes","1280"
"98.60413177","98.60413177","549.832495812","549.832495812","#808080","no","legacy","legacy","legacy","0","uniform","1","undefined","undefined","undefined","1","a","8","8","0","1790","0","0","1790","1790","0","0","0","1790","1790","8","1790","Fri Apr 27 13:03:26 2018","#757575","low","4","The main experiment item","yes","","experiment.osexp","/Users/tom/github/sft-fraction/procedure","no","mono","no","24","no","white","no","yes","800","legacy","62","62","8","/Users/tom/github/sft-fraction/results/data/subject-5a.csv","legacy","#000000","high","4","Jazzy James","3.1.9","0","a","NA","space","space","space","a","return","755","NA","148901","11392","7534","755","39948","2","legacy","1024","2","48000","-16","experiment","5","odd","absent","2449601","2449601","NA","2507023","1312","169234","2522250","2522769","1371","150289","161699","2522769","2523549","2409572","2522235","Fraction component detection task","1766","984750","1791","yes","1280"
"98.6049107143","98.6049107143","549.849330357","549.849330357","#808080","no","legacy","legacy","legacy","0","uniform","1","undefined","undefined","undefined","1","l","8","8","0","1791","0","0","1791","1791","0","0","0","1791","1791","8","1791","Fri Apr 27 13:03:26 2018","#000000","high","7","The main experiment item","yes","","experiment.osexp","/Users/tom/github/sft-fraction/procedure","no","mono","no","24","no","white","no","yes","800","legacy","63","63","8","/Users/tom/github/sft-fraction/results/data/subject-5a.csv","legacy","#000000","high","2","Jazzy James","3.1.9","0","l","NA","space","space","space","l","return","580","NA","148901","11392","7534","580","39948","2","legacy","1024","2","48000","-16","experiment","5","odd","present","2449601","2449601","NA","2507023","1312","169234","2523636","2524152","1371","150289","161699","2524152","2524763","2409572","2523620","Fraction component detection task","1767","985330","1792","yes","1280"
"98.6056887897","98.6056887897","549.823201339","549.823201339","#808080","no","legacy","legacy","legacy","0","uniform","1","undefined","undefined","undefined","1","l","8","8","0","1792","0","0","1792","1792","0","0","0","1792","1792","8","1792","Fri Apr 27 13:03:26 2018","#000000","high","6","The main experiment item","yes","","experiment.osexp","/Users/tom/github/sft-fraction/procedure","no","mono","no","24","no","white","no","yes","800","legacy","64","64","8","/Users/tom/github/sft-fraction/results/data/subject-5a.csv","legacy","#000000","high","3","Jazzy James","3.1.9","0","l","NA","space","space","space","l","return","503","NA","148901","11392","7534","503","39948","2","legacy","1024","2","48000","-16","experiment","5","odd","present","2449601","2449601","NA","2507023","1312","169234","2524856","2525373","1371","150289","161699","2525373","2525903","2409572","2524835","Fraction component detection task","1768","985833","1793","yes","1280"
"98.6064659978","98.6064659978","549.803790412","549.803790412","#808080","no","legacy","legacy","legacy","0","uniform","1","undefined","undefined","undefined","1","l","8","8","0","1793","0","0","1793","1793","0","0","0","1793","1793","8","1793","Fri Apr 27 13:03:26 2018","#000000","high","2","The main experiment item","yes","","experiment.osexp","/Users/tom/github/sft-fraction/procedure","no","mono","no","24","no","white","no","yes","800","legacy","65","65","8","/Users/tom/github/sft-fraction/results/data/subject-5a.csv","legacy","#757575","low","8","Jazzy James","3.1.9","0","l","NA","space","space","space","l","return","515","NA","148901","11392","7534","515","39948","2","legacy","1024","2","48000","-16","experiment","5","odd","present","2449601","2449601","NA","2507023","1312","169234","2525988","2526504","1371","150289","161699","2526504","2527043","2409572","2525972","Fraction component detection task","1769","986348","1794","yes","1280"
"98.6072423398","98.6072423398","549.748746518","549.748746518","#808080","no","legacy","legacy","legacy","0","uniform","1","undefined","undefined","undefined","1","l","8","8","0","1794","0","0","1794","1794","0","0","0","1794","1794","8","1794","Fri Apr 27 13:03:26 2018","#757575","low","4","The main experiment item","yes","","experiment.osexp","/Users/tom/github/sft-fraction/procedure","no","mono","no","24","no","white","no","yes","800","legacy","66","66","8","/Users/tom/github/sft-fraction/results/data/subject-5a.csv","legacy","#757575","low","8","Jazzy James","3.1.9","0","l","NA","space","space","space","l","return","451","NA","148901","11392","7534","451","39948","2","legacy","1024","2","48000","-16","experiment","5","odd","present","2449601","2449601","NA","2507023","1312","169234","2527128","2527648","1371","150289","161699","2527648","2528125","2409572","2527108","Fraction component detection task","1770","986799","1795","yes","1280"
"98.6080178174","98.6080178174","549.703786192","549.703786192","#808080","no","legacy","legacy","legacy","0","uniform","1","undefined","undefined","undefined","1","a","8","8","0","1795","0","0","1795","1795","0","0","0","1795","1795","8","1795","Fri Apr 27 13:03:26 2018","#000000","high","4","The main experiment item","yes","","experiment.osexp","/Users/tom/github/sft-fraction/procedure","no","mono","no","24","no","white","no","yes","800","legacy","67","67","8","/Users/tom/github/sft-fraction/results/data/subject-5a.csv","legacy","#000000","high","4","Jazzy James","3.1.9","0","a","NA","space","space","space","a","return","469","NA","148901","11392","7534","469","39948","2","legacy","1024","2","48000","-16","experiment","5","odd","absent","2449601","2449601","NA","2507023","1312","169234","2528217","2528734","1371","150289","161699","2528734","2529234","2409572","2528197","Fraction component detection task","1771","987268","1796","yes","1280"
"98.6087924318","98.6087924318","549.711185309","549.711185309","#808080","no","legacy","legacy","legacy","0","uniform","1","undefined","undefined","undefined","1","l","8","8","0","1796","0","0","1796","1796","0","0","0","1796","1796","8","1796","Fri Apr 27 13:03:26 2018","#757575","low","8","The main experiment item","yes","","experiment.osexp","/Users/tom/github/sft-fraction/procedure","no","mono","no","24","no","white","no","yes","800","legacy","68","68","8","/Users/tom/github/sft-fraction/results/data/subject-5a.csv","legacy","#000000","high","7","Jazzy James","3.1.9","0","l","NA","space","space","space","l","return","563","NA","148901","11392","7534","563","39948","2","legacy","1024","2","48000","-16","experiment","5","odd","present","2449601","2449601","NA","2507023","1312","169234","2529323","2529841","1371","150289","161699","2529841","2530428","2409572","2529307","Fraction component detection task","1772","987831","1797","yes","1280"
"98.6095661846","98.6095661846","549.686874305","549.686874305","#808080","no","legacy","legacy","legacy","0","uniform","1","undefined","undefined","undefined","1","l","8","8","0","1797","0","0","1797","1797","0","0","0","1797","1797","8","1797","Fri Apr 27 13:03:26 2018","#757575","low","2","The main experiment item","yes","","experiment.osexp","/Users/tom/github/sft-fraction/procedure","no","mono","no","24","no","white","no","yes","800","legacy","69","69","8","/Users/tom/github/sft-fraction/results/data/subject-5a.csv","legacy","#000000","high","7","Jazzy James","3.1.9","0","l","NA","space","space","space","l","return","506","NA","148901","11392","7534","506","39948","2","legacy","1024","2","48000","-16","experiment","5","odd","present","2449601","2449601","NA","2507023","1312","169234","2530517","2531034","1371","150289","161699","2531034","2531570","2409572","2530497","Fraction component detection task","1773","988337","1798","yes","1280"
"98.6103390773","98.6103390773","549.665925514","549.665925514","#808080","no","legacy","legacy","legacy","0","uniform","1","undefined","undefined","undefined","1","l","8","8","0","1798","0","0","1798","1798","0","0","0","1798","1798","8","1798","Fri Apr 27 13:03:26 2018","#000000","high","7","The main experiment item","yes","","experiment.osexp","/Users/tom/github/sft-fraction/procedure","no","mono","no","24","no","white","no","yes","800","legacy","70","70","8","/Users/tom/github/sft-fraction/results/data/subject-5a.csv","legacy","#000000","high","3","Jazzy James","3.1.9","0","l","NA","space","space","space","l","return","512","NA","148901","11392","7534","512","39948","2","legacy","1024","2","48000","-16","experiment","5","odd","present","2449601","2449601","NA","2507023","1312","169234","2531656","2532172","1371","150289","161699","2532172","2532709","2409572","2531635","Fraction component detection task","1774","988849","1799","yes","1280"
"98.6111111111","98.6111111111","549.626111111","549.626111111","#808080","no","legacy","legacy","legacy","0","uniform","1","undefined","undefined","undefined","1","l","8","8","0","1799","0","0","1799","1799","0","0","0","1799","1799","8","1799","Fri Apr 27 13:03:26 2018","#757575","low","2","The main experiment item","yes","","experiment.osexp","/Users/tom/github/sft-fraction/procedure","no","mono","no","24","no","white","no","yes","800","legacy","71","71","8","/Users/tom/github/sft-fraction/results/data/subject-5a.csv","legacy","#757575","low","7","Jazzy James","3.1.9","0","l","NA","space","space","space","l","return","478","NA","148901","11392","7534","478","39948","2","legacy","1024","2","48000","-16","experiment","5","odd","present","2449601","2449601","NA","2507023","1312","169234","2532801","2533318","1371","150289","161699","2533318","2533820","2409572","2532780","Fraction component detection task","1775","989327","1800","yes","1280"
"98.6118822876","98.6118822876","549.654081066","549.654081066","#808080","no","legacy","legacy","legacy","0","uniform","1","undefined","undefined","undefined","1","a","8","8","0","1800","0","0","1800","1800","0","0","0","1800","1800","8","1800","Fri Apr 27 13:03:26 2018","#000000","high","3","The main experiment item","yes","","experiment.osexp","/Users/tom/github/sft-fraction/procedure","no","mono","no","24","no","white","no","yes","800","legacy","72","72","8","/Users/tom/github/sft-fraction/results/data/subject-5a.csv","legacy","#757575","low","3","Jazzy James","3.1.9","0","a","NA","space","space","space","a","return","600","NA","148901","11392","7534","600","39948","2","legacy","1024","2","48000","-16","experiment","5","odd","absent","2449601","2449601","NA","2507023","1312","169234","2533904","2534427","1371","150289","161699","2534427","2535051","2409572","2533887","Fraction component detection task","1776","989927","1801","yes","1280"
"98.6126526082","98.6126526082","549.609322974","549.609322974","#808080","no","legacy","legacy","legacy","0","uniform","1","undefined","undefined","undefined","1","a","8","8","0","1801","0","0","1801","1801","0","0","0","1801","1801","8","1801","Fri Apr 27 13:03:26 2018","#000000","high","3","The main experiment item","yes","","experiment.osexp","/Users/tom/github/sft-fraction/procedure","no","mono","no","24","no","white","no","yes","800","legacy","73","73","8","/Users/tom/github/sft-fraction/results/data/subject-5a.csv","legacy","#000000","high","4","Jazzy James","3.1.9","0","a","NA","space","space","space","a","return","469","NA","148901","11392","7534","469","39948","2","legacy","1024","2","48000","-16","experiment","5","odd","absent","2449601","2449601","NA","2507023","1312","169234","2535144","2535662","1371","150289","161699","2535662","2536155","2409572","2535126","Fraction component detection task","1777","990396","1802","yes","1280"
"98.6134220743","98.6134220743","549.685524126","549.685524126","#808080","no","legacy","legacy","legacy","0","uniform","1","undefined","undefined","undefined","1","l","8","8","0","1802","0","0","1802","1802","0","0","0","1802","1802","8","1802","Fri Apr 27 13:03:26 2018","#000000","high","6","The main experiment item","yes","","experiment.osexp","/Users/tom/github/sft-fraction/procedure","no","mono","no","24","no","white","no","yes","800","legacy","74","74","8","/Users/tom/github/sft-fraction/results/data/subject-5a.csv","legacy","#000000","high","8","Jazzy James","3.1.9","0","l","NA","space","space","space","l","return","687","NA","148901","11392","7534","687","39948","2","legacy","1024","2","48000","-16","experiment","5","odd","present","2449601","2449601","NA","2507023","1312","169234","2536247","2536764","1371","150289","161699","2536765","2537484","2409572","2536227","Fraction component detection task","1778","991083","1803","yes","1280"
"98.6141906874","98.6141906874","549.648004435","549.648004435","#808080","no","legacy","legacy","legacy","0","uniform","1","undefined","undefined","undefined","1","l","8","8","0","1803","0","0","1803","1803","0","0","0","1803","1803","8","1803","Fri Apr 27 13:03:26 2018","#757575","low","3","The main experiment item","yes","","experiment.osexp","/Users/tom/github/sft-fraction/procedure","no","mono","no","24","no","white","no","yes","800","legacy","75","75","8","/Users/tom/github/sft-fraction/results/data/subject-5a.csv","legacy","#000000","high","7","Jazzy James","3.1.9","0","l","NA","space","space","space","l","return","482","NA","148901","11392","7534","482","39948","2","legacy","1024","2","48000","-16","experiment","5","odd","present","2449601","2449601","NA","2507023","1312","169234","2537569","2538089","1371","150289","161699","2538090","2538596","2409572","2537553","Fraction component detection task","1779","991565","1804","yes","1280"
"98.6149584488","98.6149584488","549.572853186","549.572853186","#808080","no","legacy","legacy","legacy","0","uniform","1","undefined","undefined","undefined","1","a","8","8","0","1804","0","0","1804","1804","0","0","0","1804","1804","8","1804","Fri Apr 27 13:03:26 2018","#000000","high","2","The main experiment item","yes","","experiment.osexp","/Users/tom/github/sft-fraction/procedure","no","mono","no","24","no","white","no","yes","800","legacy","76","76","8","/Users/tom/github/sft-fraction/results/data/subject-5a.csv","legacy","#757575","low","2","Jazzy James","3.1.9","0","a","NA","space","space","space","a","return","414","NA","148901","11392","7534","414","39948","2","legacy","1024","2","48000","-16","experiment","5","odd","absent","2449601","2449601","NA","2507023","1312","169234","2538690","2539206","1371","150289","161699","2539206","2539644","2409572","2538670","Fraction component detection task","1780","991979","1805","yes","1280"
"98.6157253599","98.6157253599","549.520487265","549.520487265","#808080","no","legacy","legacy","legacy","0","uniform","1","undefined","undefined","undefined","1","l","8","8","0","1805","0","0","1805","1805","0","0","0","1805","1805","8","1805","Fri Apr 27 13:03:26 2018","#757575","low","7","The main experiment item","yes","","experiment.osexp","/Users/tom/github/sft-fraction/procedure","no","mono","no","24","no","white","no","yes","800","legacy","77","77","8","/Users/tom/github/sft-fraction/results/data/subject-5a.csv","legacy","#000000","high","7","Jazzy James","3.1.9","0","l","NA","space","space","space","l","return","455","NA","148901","11392","7534","455","39948","2","legacy","1024","2","48000","-16","experiment","5","odd","present","2449601","2449601","NA","2507023","1312","169234","2539728","2540245","1371","150289","161699","2540245","2540724","2409572","2539712","Fraction component detection task","1781","992434","1806","yes","1280"
"98.6164914222","98.6164914222","549.515771998","549.515771998","#808080","no","legacy","legacy","legacy","0","uniform","1","undefined","undefined","undefined","1","l","8","8","0","1806","0","0","1806","1806","0","0","0","1806","1806","8","1806","Fri Apr 27 13:03:26 2018","#757575","low","8","The main experiment item","yes","","experiment.osexp","/Users/tom/github/sft-fraction/procedure","no","mono","no","24","no","white","no","yes","800","legacy","78","78","8","/Users/tom/github/sft-fraction/results/data/subject-5a.csv","legacy","#757575","low","6","Jazzy James","3.1.9","0","l","NA","space","space","space","l","return","541","NA","148901","11392","7534","541","39948","2","legacy","1024","2","48000","-16","experiment","5","odd","present","2449601","2449601","NA","2507023","1312","169234","2540817","2541335","1371","150289","161699","2541335","2541900","2409572","2540794","Fraction component detection task","1782","992975","1807","yes","1280"
"98.6172566372","98.6172566372","549.57300885","549.57300885","#808080","no","legacy","legacy","legacy","0","uniform","1","undefined","undefined","undefined","1","l","8","8","0","1807","0","0","1807","1807","0","0","0","1807","1807","8","1807","Fri Apr 27 13:03:26 2018","#757575","low","7","The main experiment item","yes","","experiment.osexp","/Users/tom/github/sft-fraction/procedure","no","mono","no","24","no","white","no","yes","800","legacy","79","79","8","/Users/tom/github/sft-fraction/results/data/subject-5a.csv","legacy","#757575","low","8","Jazzy James","3.1.9","0","l","NA","space","space","space","l","return","653","NA","148901","11392","7534","653","39948","2","legacy","1024","2","48000","-16","experiment","5","odd","present","2449601","2449601","NA","2507023","1312","169234","2541985","2542502","1371","150289","161699","2542502","2543179","2409572","2541967","Fraction component detection task","1783","993628","1808","yes","1280"
"98.6180210061","98.6180210061","549.508015478","549.508015478","#808080","no","legacy","legacy","legacy","0","uniform","1","undefined","undefined","undefined","1","a","8","8","0","1808","0","0","1808","1808","0","0","0","1808","1808","8","1808","Fri Apr 27 13:03:26 2018","#000000","high","4","The main experiment item","yes","","experiment.osexp","/Users/tom/github/sft-fraction/procedure","no","mono","no","24","no","white","no","yes","800","legacy","80","80","8","/Users/tom/github/sft-fraction/results/data/subject-5a.csv","legacy","#000000","high","3","Jazzy James","3.1.9","0","a","NA","space","space","space","a","return","432","NA","148901","11392","7534","432","39948","2","legacy","1024","2","48000","-16","experiment","5","odd","absent","2449601","2449601","NA","2507023","1312","169234","2543263","2543780","1371","150289","161699","2543780","2544235","2409572","2543246","Fraction component detection task","1784","994060","1809","yes","1280"
"98.6187845304","98.6187845304","549.520994475","549.520994475","#808080","no","legacy","legacy","legacy","0","uniform","1","undefined","undefined","undefined","1","a","8","8","0","1809","0","0","1809","1809","0","0","0","1809","1809","8","1809","Fri Apr 27 13:03:26 2018","#757575","low","4","The main experiment item","yes","","experiment.osexp","/Users/tom/github/sft-fraction/procedure","no","mono","no","24","no","white","no","yes","800","legacy","81","81","8","/Users/tom/github/sft-fraction/results/data/subject-5a.csv","legacy","#757575","low","2","Jazzy James","3.1.9","0","a","NA","space","space","space","a","return","573","NA","148901","11392","7534","573","39948","2","legacy","1024","2","48000","-16","experiment","5","odd","absent","2449601","2449601","NA","2507023","1312","169234","2544324","2544840","1371","150289","161699","2544840","2545442","2409572","2544303","Fraction component detection task","1785","994633","1810","yes","1280"
"98.6195472115","98.6195472115","549.500828272","549.500828272","#808080","no","legacy","legacy","legacy","0","uniform","1","undefined","undefined","undefined","1","l","8","8","0","1810","0","0","1810","1810","0","0","0","1810","1810","8","1810","Fri Apr 27 13:03:26 2018","#000000","high","7","The main experiment item","yes","","experiment.osexp","/Users/tom/github/sft-fraction/procedure","no","mono","no","24","no","white","no","yes","800","legacy","82","82","8","/Users/tom/github/sft-fraction/results/data/subject-5a.csv","legacy","#757575","low","8","Jazzy James","3.1.9","0","l","NA","space","space","space","l","return","513","NA","148901","11392","7534","513","39948","2","legacy","1024","2","48000","-16","experiment","5","odd","present","2449601","2449601","NA","2507023","1312","169234","2545527","2546044","1371","150289","161699","2546044","2546581","2409572","2545511","Fraction component detection task","1786","995146","1811","yes","1280"
"98.6203090508","98.6203090508","549.682671082","549.682671082","#808080","no","legacy","legacy","legacy","0","uniform","1","undefined","undefined","undefined","1","l","8","8","0","1811","0","0","1811","1811","0","0","0","1811","1811","8","1811","Fri Apr 27 13:03:26 2018","#000000","high","6","The main experiment item","yes","","experiment.osexp","/Users/tom/github/sft-fraction/procedure","no","mono","no","24","no","white","no","yes","800","legacy","83","83","8","/Users/tom/github/sft-fraction/results/data/subject-5a.csv","legacy","#000000","high","7","Jazzy James","3.1.9","0","l","NA","space","space","space","l","return","879","NA","148901","11392","7534","879","39948","2","legacy","1024","2","48000","-16","experiment","5","odd","present","2449601","2449601","NA","2507023","1312","169234","2546673","2547189","1371","150289","161699","2547189","2548092","2409572","2546654","Fraction component detection task","1787","996025","1812","yes","1280"
"98.6210700496","98.6210700496","549.672366244","549.672366244","#808080","no","legacy","legacy","legacy","0","uniform","1","undefined","undefined","undefined","1","a","8","8","0","1812","0","0","1812","1812","0","0","0","1812","1812","8","1812","Fri Apr 27 13:03:26 2018","#757575","low","3","The main experiment item","yes","","experiment.osexp","/Users/tom/github/sft-fraction/procedure","no","mono","no","24","no","white","no","yes","800","legacy","84","84","8","/Users/tom/github/sft-fraction/results/data/subject-5a.csv","legacy","#757575","low","3","Jazzy James","3.1.9","0","a","NA","space","space","space","a","return","531","NA","148901","11392","7534","531","39948","2","legacy","1024","2","48000","-16","experiment","5","odd","absent","2449601","2449601","NA","2507023","1312","169234","2548178","2548697","1371","150289","161699","2548697","2549253","2409572","2548162","Fraction component detection task","1788","996556","1813","yes","1280"
"98.6218302095","98.6218302095","549.675854465","549.675854465","#808080","no","legacy","legacy","legacy","0","uniform","1","undefined","undefined","undefined","1","l","8","8","0","1813","0","0","1813","1813","0","0","0","1813","1813","8","1813","Fri Apr 27 13:03:26 2018","#000000","high","6","The main experiment item","yes","","experiment.osexp","/Users/tom/github/sft-fraction/procedure","no","mono","no","24","no","white","no","yes","800","legacy","85","85","8","/Users/tom/github/sft-fraction/results/data/subject-5a.csv","legacy","#757575","low","4","Jazzy James","3.1.9","0","l","NA","space","space","space","l","return","556","NA","148901","11392","7534","556","39948","2","legacy","1024","2","48000","-16","experiment","5","odd","present","2449601","2449601","NA","2507023","1312","169234","2549344","2549864","1371","150289","161699","2549865","2550445","2409572","2549324","Fraction component detection task","1789","997112","1814","yes","1280"
"98.6225895317","98.6225895317","549.770798898","549.770798898","#808080","no","legacy","legacy","legacy","0","uniform","1","undefined","undefined","undefined","1","a","8","8","0","1814","0","0","1814","1814","0","0","0","1814","1814","8","1814","Fri Apr 27 13:03:26 2018","#757575","low","4","The main experiment item","yes","","experiment.osexp","/Users/tom/github/sft-fraction/procedure","no","mono","no","24","no","white","no","yes","800","legacy","86","86","8","/Users/tom/github/sft-fraction/results/data/subject-5a.csv","legacy","#757575","low","2","Jazzy James","3.1.9","0","a","NA","space","space","space","a","return","722","NA","148901","11392","7534","722","39948","2","legacy","1024","2","48000","-16","experiment","5","odd","absent","2449601","2449601","NA","2507023","1312","169234","2550534","2551051","1371","150289","161699","2551051","2551797","2409572","2550513","Fraction component detection task","1790","997834","1815","yes","1280"
"98.6233480176","98.6233480176","549.848568282","549.848568282","#808080","no","legacy","legacy","legacy","0","uniform","1","undefined","undefined","undefined","1","a","8","8","0","1815","0","0","1815","1815","0","0","0","1815","1815","8","1815","Fri Apr 27 13:03:26 2018","#000000","high","4","The main experiment item","yes","","experiment.osexp","/Users/tom/github/sft-fraction/procedure","no","mono","no","24","no","white","no","yes","800","legacy","87","87","8","/Users/tom/github/sft-fraction/results/data/subject-5a.csv","legacy","#757575","low","3","Jazzy James","3.1.9","0","a","NA","space","space","space","a","return","691","NA","148901","11392","7534","691","39948","2","legacy","1024","2","48000","-16","experiment","5","odd","absent","2449601","2449601","NA","2507023","1312","169234","2551890","2552409","1371","150289","161699","2552409","2553124","2409572","2551870","Fraction component detection task","1791","998525","1816","yes","1280"
"98.6241056687","98.6241056687","549.807925151","549.807925151","#808080","no","legacy","legacy","legacy","0","uniform","1","undefined","undefined","undefined","1","a","8","8","0","1816","0","0","1816","1816","0","0","0","1816","1816","8","1816","Fri Apr 27 13:03:26 2018","#000000","high","2","The main experiment item","yes","","experiment.osexp","/Users/tom/github/sft-fraction/procedure","no","mono","no","24","no","white","no","yes","800","legacy","88","88","8","/Users/tom/github/sft-fraction/results/data/subject-5a.csv","legacy","#757575","low","2","Jazzy James","3.1.9","0","a","NA","space","space","space","a","return","476","NA","148901","11392","7534","476","39948","2","legacy","1024","2","48000","-16","experiment","5","odd","absent","2449601","2449601","NA","2507023","1312","169234","2553211","2553728","1371","150289","161699","2553728","2554235","2409572","2553192","Fraction component detection task","1792","999001","1817","yes","1280"
"98.6248624862","98.6248624862","549.794829483","549.794829483","#808080","no","legacy","legacy","legacy","0","uniform","1","undefined","undefined","undefined","1","a","8","8","0","1817","0","0","1817","1817","0","0","0","1817","1817","8","1817","Fri Apr 27 13:03:26 2018","#000000","high","2","The main experiment item","yes","","experiment.osexp","/Users/tom/github/sft-fraction/procedure","no","mono","no","24","no","white","no","yes","800","legacy","89","89","8","/Users/tom/github/sft-fraction/results/data/subject-5a.csv","legacy","#757575","low","3","Jazzy James","3.1.9","0","a","NA","space","space","space","a","return","526","NA","148901","11392","7534","526","39948","2","legacy","1024","2","48000","-16","experiment","5","odd","absent","2449601","2449601","NA","2507023","1312","169234","2554322","2554838","1371","150289","161699","2554839","2555389","2409572","2554305","Fraction component detection task","1793","999527","1818","yes","1280"
"98.6256184717","98.6256184717","549.759758109","549.759758109","#808080","no","legacy","legacy","legacy","0","uniform","1","undefined","undefined","undefined","1","l","8","8","0","1818","0","0","1818","1818","0","0","0","1818","1818","8","1818","Fri Apr 27 13:03:26 2018","#000000","high","8","The main experiment item","yes","","experiment.osexp","/Users/tom/github/sft-fraction/procedure","no","mono","no","24","no","white","no","yes","800","legacy","90","90","8","/Users/tom/github/sft-fraction/results/data/subject-5a.csv","legacy","#757575","low","7","Jazzy James","3.1.9","0","l","NA","space","space","space","l","return","486","NA","148901","11392","7534","486","39948","2","legacy","1024","2","48000","-16","experiment","5","odd","present","2449601","2449601","NA","2507023","1312","169234","2555483","2555999","1371","150289","161699","2555999","2556510","2409572","2555464","Fraction component detection task","1794","1000013","1819","yes","1280"
"98.6263736264","98.6263736264","549.7","549.7","#808080","no","legacy","legacy","legacy","0","uniform","1","undefined","undefined","undefined","1","l","8","8","0","1819","0","0","1819","1819","0","0","0","1819","1819","8","1819","Fri Apr 27 13:03:26 2018","#757575","low","4","The main experiment item","yes","","experiment.osexp","/Users/tom/github/sft-fraction/procedure","no","mono","no","24","no","white","no","yes","800","legacy","91","91","8","/Users/tom/github/sft-fraction/results/data/subject-5a.csv","legacy","#000000","high","7","Jazzy James","3.1.9","0","l","NA","space","space","space","l","return","441","NA","148901","11392","7534","441","39948","2","legacy","1024","2","48000","-16","experiment","5","odd","present","2449601","2449601","NA","2507023","1312","169234","2556598","2557116","1371","150289","161699","2557116","2557581","2409572","2556578","Fraction component detection task","1795","1000454","1820","yes","1280"
"98.6271279517","98.6271279517","549.630971993","549.630971993","#808080","no","legacy","legacy","legacy","0","uniform","1","undefined","undefined","undefined","1","l","8","8","0","1820","0","0","1820","1820","0","0","0","1820","1820","8","1820","Fri Apr 27 13:03:26 2018","#757575","low","4","The main experiment item","yes","","experiment.osexp","/Users/tom/github/sft-fraction/procedure","no","mono","no","24","no","white","no","yes","800","legacy","92","92","8","/Users/tom/github/sft-fraction/results/data/subject-5a.csv","legacy","#757575","low","7","Jazzy James","3.1.9","0","l","NA","space","space","space","l","return","424","NA","148901","11392","7534","424","39948","2","legacy","1024","2","48000","-16","experiment","5","odd","present","2449601","2449601","NA","2507023","1312","169234","2557664","2558180","1371","150289","161699","2558181","2558630","2409572","2557649","Fraction component detection task","1796","1000878","1821","yes","1280"
"98.627881449","98.627881449","549.534577387","549.534577387","#808080","no","legacy","legacy","legacy","0","uniform","1","undefined","undefined","undefined","1","l","8","8","0","1821","0","0","1821","1821","0","0","0","1821","1821","8","1821","Fri Apr 27 13:03:26 2018","#000000","high","8","The main experiment item","yes","","experiment.osexp","/Users/tom/github/sft-fraction/procedure","no","mono","no","24","no","white","no","yes","800","legacy","93","93","8","/Users/tom/github/sft-fraction/results/data/subject-5a.csv","legacy","#000000","high","7","Jazzy James","3.1.9","0","l","NA","space","space","space","l","return","374","NA","148901","11392","7534","374","39948","2","legacy","1024","2","48000","-16","experiment","5","odd","present","2449601","2449601","NA","2507023","1312","169234","2558713","2559230","1371","150289","161699","2559231","2559630","2409572","2558698","Fraction component detection task","1797","1001252","1822","yes","1280"
"98.6286341196","98.6286341196","549.523861766","549.523861766","#808080","no","legacy","legacy","legacy","0","uniform","1","undefined","undefined","undefined","1","a","8","8","0","1822","0","0","1822","1822","0","0","0","1822","1822","8","1822","Fri Apr 27 13:03:26 2018","#000000","high","4","The main experiment item","yes","","experiment.osexp","/Users/tom/github/sft-fraction/procedure","no","mono","no","24","no","white","no","yes","800","legacy","94","94","8","/Users/tom/github/sft-fraction/results/data/subject-5a.csv","legacy","#757575","low","4","Jazzy James","3.1.9","0","a","NA","space","space","space","a","return","530","NA","148901","11392","7534","530","39948","2","legacy","1024","2","48000","-16","experiment","5","odd","absent","2449601","2449601","NA","2507023","1312","169234","2559718","2560234","1371","150289","161699","2560235","2560791","2409572","2559698","Fraction component detection task","1798","1001782","1823","yes","1280"
"98.6293859649","98.6293859649","549.537828947","549.537828947","#808080","no","legacy","legacy","legacy","0","uniform","1","undefined","undefined","undefined","1","a","8","8","0","1823","0","0","1823","1823","0","0","0","1823","1823","8","1823","Fri Apr 27 13:03:26 2018","#000000","high","2","The main experiment item","yes","","experiment.osexp","/Users/tom/github/sft-fraction/procedure","no","mono","no","24","no","white","no","yes","800","legacy","95","95","8","/Users/tom/github/sft-fraction/results/data/subject-5a.csv","legacy","#000000","high","3","Jazzy James","3.1.9","0","a","NA","space","space","space","a","return","575","NA","148901","11392","7534","575","39948","2","legacy","1024","2","48000","-16","experiment","5","odd","absent","2449601","2449601","NA","2507023","1312","169234","2560873","2561390","1371","150289","161699","2561390","2561992","2409572","2560857","Fraction component detection task","1799","1002357","1824","yes","1280"
"98.6301369863","98.6301369863","549.47890411","549.47890411","#808080","no","legacy","legacy","legacy","0","uniform","1","undefined","undefined","undefined","1","a","8","8","0","1824","0","0","1824","1824","0","0","0","1824","1824","8","1824","Fri Apr 27 13:03:26 2018","#000000","high","3","The main experiment item","yes","","experiment.osexp","/Users/tom/github/sft-fraction/procedure","no","mono","no","24","no","white","no","yes","800","legacy","96","96","8","/Users/tom/github/sft-fraction/results/data/subject-5a.csv","legacy","#000000","high","2","Jazzy James","3.1.9","0","a","NA","space","space","space","a","return","442","NA","148901","11392","7534","442","39948","2","legacy","1024","2","48000","-16","experiment","5","odd","absent","2449601","2449601","NA","2507023","1312","169234","2562078","2562595","1371","150289","161699","2562595","2563061","2409572","2562061","Fraction component detection task","1800","1002799","1825","yes","1280"
"98.6308871851","98.6308871851","549.469879518","549.469879518","#808080","no","legacy","legacy","legacy","0","uniform","1","undefined","undefined","undefined","1","l","8","8","0","1825","0","0","1825","1825","0","0","0","1825","1825","8","1825","Fri Apr 27 13:03:26 2018","#757575","low","3","The main experiment item","yes","","experiment.osexp","/Users/tom/github/sft-fraction/procedure","no","mono","no","24","no","white","no","yes","800","legacy","97","97","8","/Users/tom/github/sft-fraction/results/data/subject-5a.csv","legacy","#757575","low","8","Jazzy James","3.1.9","0","l","NA","space","space","space","l","return","533","NA","148901","11392","7534","533","39948","2","legacy","1024","2","48000","-16","experiment","5","odd","present","2449601","2449601","NA","2507023","1312","169234","2563153","2563672","1371","150289","161699","2563672","2564231","2409572","2563133","Fraction component detection task","1801","1003332","1826","yes","1280"
"98.6316365627","98.6316365627","549.466885605","549.466885605","#808080","no","legacy","legacy","legacy","0","uniform","1","undefined","undefined","undefined","1","l","8","8","0","1826","0","0","1826","1826","0","0","0","1826","1826","8","1826","Fri Apr 27 13:03:26 2018","#000000","high","8","The main experiment item","yes","","experiment.osexp","/Users/tom/github/sft-fraction/procedure","no","mono","no","24","no","white","no","yes","800","legacy","98","98","8","/Users/tom/github/sft-fraction/results/data/subject-5a.csv","legacy","#757575","low","8","Jazzy James","3.1.9","0","l","NA","space","space","space","l","return","544","NA","148901","11392","7534","544","39948","2","legacy","1024","2","48000","-16","experiment","5","odd","present","2449601","2449601","NA","2507023","1312","169234","2564320","2564838","1371","150289","161699","2564838","2565406","2409572","2564298","Fraction component detection task","1802","1003876","1827","yes","1280"
"98.6323851204","98.6323851204","549.434901532","549.434901532","#808080","no","legacy","legacy","legacy","0","uniform","1","undefined","undefined","undefined","1","l","8","8","0","1827","0","0","1827","1827","0","0","0","1827","1827","8","1827","Fri Apr 27 13:03:26 2018","#000000","high","8","The main experiment item","yes","","experiment.osexp","/Users/tom/github/sft-fraction/procedure","no","mono","no","24","no","white","no","yes","800","legacy","99","99","8","/Users/tom/github/sft-fraction/results/data/subject-5a.csv","legacy","#000000","high","4","Jazzy James","3.1.9","0","l","NA","space","space","space","l","return","491","NA","148901","11392","7534","491","39948","2","legacy","1024","2","48000","-16","experiment","5","odd","present","2449601","2449601","NA","2507023","1312","169234","2565494","2566011","1371","150289","161699","2566011","2566533","2409572","2565474","Fraction component detection task","1803","1004367","1828","yes","1280"
"98.6331328595","98.6331328595","549.367960634","549.367960634","#808080","no","legacy","legacy","legacy","0","uniform","1","undefined","undefined","undefined","1","l","8","8","0","1828","0","0","1828","1828","0","0","0","1828","1828","8","1828","Fri Apr 27 13:03:26 2018","#757575","low","6","The main experiment item","yes","","experiment.osexp","/Users/tom/github/sft-fraction/procedure","no","mono","no","24","no","white","no","yes","800","legacy","100","100","8","/Users/tom/github/sft-fraction/results/data/subject-5a.csv","legacy","#000000","high","8","Jazzy James","3.1.9","0","l","NA","space","space","space","l","return","427","NA","148901","11392","7534","427","39948","2","legacy","1024","2","48000","-16","experiment","5","odd","present","2449601","2449601","NA","2507023","1312","169234","2566620","2567139","1371","150289","161699","2567139","2567591","2409572","2566605","Fraction component detection task","1804","1004794","1829","yes","1280"
"98.6338797814","98.6338797814","549.48852459","549.48852459","#808080","no","legacy","legacy","legacy","0","uniform","1","undefined","undefined","undefined","1","a","8","8","0","1829","0","0","1829","1829","0","0","0","1829","1829","8","1829","Fri Apr 27 13:03:26 2018","#757575","low","3","The main experiment item","yes","","experiment.osexp","/Users/tom/github/sft-fraction/procedure","no","mono","no","24","no","white","no","yes","800","legacy","101","101","8","/Users/tom/github/sft-fraction/results/data/subject-5a.csv","legacy","#000000","high","2","Jazzy James","3.1.9","0","a","NA","space","space","space","a","return","770","NA","148901","11392","7534","770","39948","2","legacy","1024","2","48000","-16","experiment","5","odd","absent","2449601","2449601","NA","2507023","1312","169234","2567684","2568204","1371","150289","161699","2568204","2568998","2409572","2567665","Fraction component detection task","1805","1005564","1830","yes","1280"
"98.6346258875","98.6346258875","549.488803932","549.488803932","#808080","no","legacy","legacy","legacy","0","uniform","1","undefined","undefined","undefined","1","a","8","8","0","1830","0","0","1830","1830","0","0","0","1830","1830","8","1830","Fri Apr 27 13:03:26 2018","#757575","low","4","The main experiment item","yes","","experiment.osexp","/Users/tom/github/sft-fraction/procedure","no","mono","no","24","no","white","no","yes","800","legacy","102","102","8","/Users/tom/github/sft-fraction/results/data/subject-5a.csv","legacy","#757575","low","4","Jazzy James","3.1.9","0","a","NA","space","space","space","a","return","550","NA","148901","11392","7534","550","39948","2","legacy","1024","2","48000","-16","experiment","5","odd","absent","2449601","2449601","NA","2507023","1312","169234","2569082","2569599","1371","150289","161699","2569599","2570176","2409572","2569066","Fraction component detection task","1806","1006114","1831","yes","1280"
"98.635371179","98.635371179","549.518558952","549.518558952","#808080","no","legacy","legacy","legacy","0","uniform","1","undefined","undefined","undefined","1","l","8","8","0","1831","0","0","1831","1831","0","0","0","1831","1831","8","1831","Fri Apr 27 13:03:26 2018","#000000","high","8","The main experiment item","yes","","experiment.osexp","/Users/tom/github/sft-fraction/procedure","no","mono","no","24","no","white","no","yes","800","legacy","103","103","8","/Users/tom/github/sft-fraction/results/data/subject-5a.csv","legacy","#757575","low","3","Jazzy James","3.1.9","0","l","NA","space","space","space","l","return","604","NA","148901","11392","7534","604","39948","2","legacy","1024","2","48000","-16","experiment","5","odd","present","2449601","2449601","NA","2507023","1312","169234","2570261","2570778","1371","150289","161699","2570778","2571406","2409572","2570245","Fraction component detection task","1807","1006718","1832","yes","1280"
"98.6361156574","98.6361156574","549.456628478","549.456628478","#808080","no","legacy","legacy","legacy","0","uniform","1","undefined","undefined","undefined","1","a","8","8","0","1832","0","0","1832","1832","0","0","0","1832","1832","8","1832","Fri Apr 27 13:03:26 2018","#757575","low","3","The main experiment item","yes","","experiment.osexp","/Users/tom/github/sft-fraction/procedure","no","mono","no","24","no","white","no","yes","800","legacy","104","104","8","/Users/tom/github/sft-fraction/results/data/subject-5a.csv","legacy","#000000","high","3","Jazzy James","3.1.9","0","a","NA","space","space","space","a","return","436","NA","148901","11392","7534","436","39948","2","legacy","1024","2","48000","-16","experiment","5","odd","absent","2449601","2449601","NA","2507023","1312","169234","2571499","2572018","1371","150289","161699","2572018","2572484","2409572","2571479","Fraction component detection task","1808","1007154","1833","yes","1280"
"98.6368593239","98.6368593239","549.588331516","549.588331516","#808080","no","legacy","legacy","legacy","0","uniform","1","undefined","undefined","undefined","1","a","8","8","0","1833","0","0","1833","1833","0","0","0","1833","1833","8","1833","Fri Apr 27 13:03:26 2018","#757575","low","2","The main experiment item","yes","","experiment.osexp","/Users/tom/github/sft-fraction/procedure","no","mono","no","24","no","white","no","yes","800","legacy","105","105","8","/Users/tom/github/sft-fraction/results/data/subject-5a.csv","legacy","#757575","low","4","Jazzy James","3.1.9","0","a","NA","space","space","space","a","return","791","NA","148901","11392","7534","791","39948","2","legacy","1024","2","48000","-16","experiment","5","odd","absent","2449601","2449601","NA","2507023","1312","169234","2572571","2573087","1371","150289","161699","2573087","2573903","2409572","2572555","Fraction component detection task","1809","1007945","1834","yes","1280"
"98.6376021798","98.6376021798","549.577656676","549.577656676","#808080","no","legacy","legacy","legacy","0","uniform","1","undefined","undefined","undefined","1","a","8","8","0","1834","0","0","1834","1834","0","0","0","1834","1834","8","1834","Fri Apr 27 13:03:26 2018","#757575","low","4","The main experiment item","yes","","experiment.osexp","/Users/tom/github/sft-fraction/procedure","no","mono","no","24","no","white","no","yes","800","legacy","106","106","8","/Users/tom/github/sft-fraction/results/data/subject-5a.csv","legacy","#000000","high","3","Jazzy James","3.1.9","0","a","NA","space","space","space","a","return","530","NA","148901","11392","7534","530","39948","2","legacy","1024","2","48000","-16","experiment","5","odd","absent","2449601","2449601","NA","2507023","1312","169234","2573989","2574507","1371","150289","161699","2574507","2575062","2409572","2573968","Fraction component detection task","1810","1008475","1835","yes","1280"
"98.6383442266","98.6383442266","549.557189542","549.557189542","#808080","no","legacy","legacy","legacy","0","uniform","1","undefined","undefined","undefined","1","l","8","8","0","1835","0","0","1835","1835","0","0","0","1835","1835","8","1835","Fri Apr 27 13:03:26 2018","#757575","low","7","The main experiment item","yes","","experiment.osexp","/Users/tom/github/sft-fraction/procedure","no","mono","no","24","no","white","no","yes","800","legacy","107","107","8","/Users/tom/github/sft-fraction/results/data/subject-5a.csv","legacy","#757575","low","7","Jazzy James","3.1.9","0","l","NA","space","space","space","l","return","512","NA","148901","11392","7534","512","39948","2","legacy","1024","2","48000","-16","experiment","5","odd","present","2449601","2449601","NA","2507023","1312","169234","2575151","2575669","1371","150289","161699","2575669","2576206","2409572","2575130","Fraction component detection task","1811","1008987","1836","yes","1280"
"98.6390854654","98.6390854654","549.647795318","549.647795318","#808080","no","legacy","legacy","legacy","0","uniform","1","undefined","undefined","undefined","1","a","8","8","0","1836","0","0","1836","1836","0","0","0","1836","1836","8","1836","Fri Apr 27 13:03:26 2018","#000000","high","3","The main experiment item","yes","","experiment.osexp","/Users/tom/github/sft-fraction/procedure","no","mono","no","24","no","white","no","yes","800","legacy","108","108","8","/Users/tom/github/sft-fraction/results/data/subject-5a.csv","legacy","#000000","high","3","Jazzy James","3.1.9","0","a","NA","space","space","space","a","return","716","NA","148901","11392","7534","716","39948","2","legacy","1024","2","48000","-16","experiment","5","odd","absent","2449601","2449601","NA","2507023","1312","169234","2576299","2576818","1371","150289","161699","2576818","2577559","2409572","2576280","Fraction component detection task","1812","1009703","1837","yes","1280"
"98.6398258977","98.6398258977","549.644722524","549.644722524","#808080","no","legacy","legacy","legacy","0","uniform","1","undefined","undefined","undefined","1","l","8","8","0","1837","0","0","1837","1837","0","0","0","1837","1837","8","1837","Fri Apr 27 13:03:26 2018","#757575","low","3","The main experiment item","yes","","experiment.osexp","/Users/tom/github/sft-fraction/procedure","no","mono","no","24","no","white","no","yes","800","legacy","109","109","8","/Users/tom/github/sft-fraction/results/data/subject-5a.csv","legacy","#757575","low","7","Jazzy James","3.1.9","0","l","NA","space","space","space","l","return","544","NA","148901","11392","7534","544","39948","2","legacy","1024","2","48000","-16","experiment","5","odd","present","2449601","2449601","NA","2507023","1312","169234","2577641","2578158","1371","150289","161699","2578158","2578728","2409572","2577625","Fraction component detection task","1813","1010247","1838","yes","1280"
"98.6405655247","98.6405655247","549.554649266","549.554649266","#808080","no","legacy","legacy","legacy","0","uniform","1","undefined","undefined","undefined","1","l","8","8","0","1838","0","0","1838","1838","0","0","0","1838","1838","8","1838","Fri Apr 27 13:03:26 2018","#000000","high","7","The main experiment item","yes","","experiment.osexp","/Users/tom/github/sft-fraction/procedure","no","mono","no","24","no","white","no","yes","800","legacy","110","110","8","/Users/tom/github/sft-fraction/results/data/subject-5a.csv","legacy","#000000","high","7","Jazzy James","3.1.9","0","l","NA","space","space","space","l","return","384","NA","148901","11392","7534","384","39948","2","legacy","1024","2","48000","-16","experiment","5","odd","present","2449601","2449601","NA","2507023","1312","169234","2578814","2579334","1371","150289","161699","2579334","2579743","2409572","2578795","Fraction component detection task","1814","1010631","1839","yes","1280"
"98.6413043478","98.6413043478","549.502717391","549.502717391","#808080","no","legacy","legacy","legacy","0","uniform","1","undefined","undefined","undefined","1","a","8","8","0","1839","0","0","1839","1839","0","0","0","1839","1839","8","1839","Fri Apr 27 13:03:26 2018","#757575","low","4","The main experiment item","yes","","experiment.osexp","/Users/tom/github/sft-fraction/procedure","no","mono","no","24","no","white","no","yes","800","legacy","111","111","8","/Users/tom/github/sft-fraction/results/data/subject-5a.csv","legacy","#000000","high","2","Jazzy James","3.1.9","0","a","NA","space","space","space","a","return","454","NA","148901","11392","7534","454","39948","2","legacy","1024","2","48000","-16","experiment","5","odd","absent","2449601","2449601","NA","2507023","1312","169234","2579827","2580344","1371","150289","161699","2580344","2580823","2409572","2579812","Fraction component detection task","1815","1011085","1840","yes","1280"
"98.6420423683","98.6420423683","549.497012493","549.497012493","#808080","no","legacy","legacy","legacy","0","uniform","1","undefined","undefined","undefined","1","a","8","8","0","1840","0","0","1840","1840","0","0","0","1840","1840","8","1840","Fri Apr 27 13:03:26 2018","#000000","high","4","The main experiment item","yes","","experiment.osexp","/Users/tom/github/sft-fraction/procedure","no","mono","no","24","no","white","no","yes","800","legacy","112","112","8","/Users/tom/github/sft-fraction/results/data/subject-5a.csv","legacy","#000000","high","2","Jazzy James","3.1.9","0","a","NA","space","space","space","a","return","539","NA","148901","11392","7534","539","39948","2","legacy","1024","2","48000","-16","experiment","5","odd","absent","2449601","2449601","NA","2507023","1312","169234","2580908","2581427","1371","150289","161699","2581427","2581991","2409572","2580892","Fraction component detection task","1816","1011624","1841","yes","1280"
"98.6427795874","98.6427795874","549.583604777","549.583604777","#808080","no","legacy","legacy","legacy","0","uniform","1","undefined","undefined","undefined","1","a","8","8","0","1841","0","0","1841","1841","0","0","0","1841","1841","8","1841","Fri Apr 27 13:03:26 2018","#000000","high","4","The main experiment item","yes","","experiment.osexp","/Users/tom/github/sft-fraction/procedure","no","mono","no","24","no","white","no","yes","800","legacy","113","113","8","/Users/tom/github/sft-fraction/results/data/subject-5a.csv","legacy","#000000","high","4","Jazzy James","3.1.9","0","a","NA","space","space","space","a","return","709","NA","148901","11392","7534","709","39948","2","legacy","1024","2","48000","-16","experiment","5","odd","absent","2449601","2449601","NA","2507023","1312","169234","2582077","2582593","1371","150289","161699","2582593","2583327","2409572","2582056","Fraction component detection task","1817","1012333","1842","yes","1280"
"98.6435160065","98.6435160065","549.563754748","549.563754748","#808080","no","legacy","legacy","legacy","0","uniform","1","undefined","undefined","undefined","1","l","8","8","0","1842","0","0","1842","1842","0","0","0","1842","1842","8","1842","Fri Apr 27 13:03:26 2018","#757575","low","6","The main experiment item","yes","","experiment.osexp","/Users/tom/github/sft-fraction/procedure","no","mono","no","24","no","white","no","yes","800","legacy","114","114","8","/Users/tom/github/sft-fraction/results/data/subject-5a.csv","legacy","#757575","low","8","Jazzy James","3.1.9","0","l","NA","space","space","space","l","return","513","NA","148901","11392","7534","513","39948","2","legacy","1024","2","48000","-16","experiment","5","odd","present","2449601","2449601","NA","2507023","1312","169234","2583409","2583926","1371","150289","161699","2583926","2584470","2409572","2583393","Fraction component detection task","1818","1012846","1843","yes","1280"
"98.6442516269","98.6442516269","549.53308026","549.53308026","#808080","no","legacy","legacy","legacy","0","uniform","1","undefined","undefined","undefined","1","l","8","8","0","1843","0","0","1843","1843","0","0","0","1843","1843","8","1843","Fri Apr 27 13:03:26 2018","#000000","high","6","The main experiment item","yes","","experiment.osexp","/Users/tom/github/sft-fraction/procedure","no","mono","no","24","no","white","no","yes","800","legacy","115","115","8","/Users/tom/github/sft-fraction/results/data/subject-5a.csv","legacy","#757575","low","8","Jazzy James","3.1.9","0","l","NA","space","space","space","l","return","493","NA","148901","11392","7534","493","39948","2","legacy","1024","2","48000","-16","experiment","5","odd","present","2449601","2449601","NA","2507023","1312","169234","2584557","2585074","1371","150289","161699","2585074","2585592","2409572","2584541","Fraction component detection task","1819","1013339","1844","yes","1280"
"98.6449864499","98.6449864499","549.454200542","549.454200542","#808080","no","legacy","legacy","legacy","0","uniform","1","undefined","undefined","undefined","1","l","8","8","0","1844","0","0","1844","1844","0","0","0","1844","1844","8","1844","Fri Apr 27 13:03:26 2018","#757575","low","3","The main experiment item","yes","","experiment.osexp","/Users/tom/github/sft-fraction/procedure","no","mono","no","24","no","white","no","yes","800","legacy","116","116","8","/Users/tom/github/sft-fraction/results/data/subject-5a.csv","legacy","#000000","high","8","Jazzy James","3.1.9","0","l","NA","space","space","space","l","return","404","NA","148901","11392","7534","404","39948","2","legacy","1024","2","48000","-16","experiment","5","odd","present","2449601","2449601","NA","2507023","1312","169234","2585678","2586195","1371","150289","161699","2586195","2586631","2409572","2585660","Fraction component detection task","1820","1013743","1845","yes","1280"
"98.6457204767","98.6457204767","549.420910076","549.420910076","#808080","no","legacy","legacy","legacy","0","uniform","1","undefined","undefined","undefined","1","a","8","8","0","1845","0","0","1845","1845","0","0","0","1845","1845","8","1845","Fri Apr 27 13:03:26 2018","#000000","high","3","The main experiment item","yes","","experiment.osexp","/Users/tom/github/sft-fraction/procedure","no","mono","no","24","no","white","no","yes","800","legacy","117","117","8","/Users/tom/github/sft-fraction/results/data/subject-5a.csv","legacy","#757575","low","3","Jazzy James","3.1.9","0","a","NA","space","space","space","a","return","488","NA","148901","11392","7534","488","39948","2","legacy","1024","2","48000","-16","experiment","5","odd","absent","2449601","2449601","NA","2507023","1312","169234","2586723","2587239","1371","150289","161699","2587239","2587751","2409572","2586701","Fraction component detection task","1821","1014231","1846","yes","1280"
"98.6464537087","98.6464537087","549.400108284","549.400108284","#808080","no","legacy","legacy","legacy","0","uniform","1","undefined","undefined","undefined","1","l","8","8","0","1846","0","0","1846","1846","0","0","0","1846","1846","8","1846","Fri Apr 27 13:03:26 2018","#757575","low","2","The main experiment item","yes","","experiment.osexp","/Users/tom/github/sft-fraction/procedure","no","mono","no","24","no","white","no","yes","800","legacy","118","118","8","/Users/tom/github/sft-fraction/results/data/subject-5a.csv","legacy","#757575","low","6","Jazzy James","3.1.9","0","l","NA","space","space","space","l","return","511","NA","148901","11392","7534","511","39948","2","legacy","1024","2","48000","-16","experiment","5","odd","present","2449601","2449601","NA","2507023","1312","169234","2587835","2588352","1371","150289","161699","2588352","2588887","2409572","2587820","Fraction component detection task","1822","1014742","1847","yes","1280"
"98.6471861472","98.6471861472","549.435064935","549.435064935","#808080","no","legacy","legacy","legacy","0","uniform","1","undefined","undefined","undefined","1","a","8","8","0","1847","0","0","1847","1847","0","0","0","1847","1847","8","1847","Fri Apr 27 13:03:26 2018","#757575","low","2","The main experiment item","yes","","experiment.osexp","/Users/tom/github/sft-fraction/procedure","no","mono","no","24","no","white","no","yes","800","legacy","119","119","8","/Users/tom/github/sft-fraction/results/data/subject-5a.csv","legacy","#000000","high","4","Jazzy James","3.1.9","0","a","NA","space","space","space","a","return","614","NA","148901","11392","7534","614","39948","2","legacy","1024","2","48000","-16","experiment","5","odd","absent","2449601","2449601","NA","2507023","1312","169234","2588976","2589496","1371","150289","161699","2589496","2590134","2409572","2588959","Fraction component detection task","1823","1015356","1848","yes","1280"
"98.6479177934","98.6479177934","549.42779881","549.42779881","#808080","no","legacy","legacy","legacy","0","uniform","1","undefined","undefined","undefined","1","l","8","8","0","1848","0","0","1848","1848","0","0","0","1848","1848","8","1848","Fri Apr 27 13:03:26 2018","#000000","high","3","The main experiment item","yes","","experiment.osexp","/Users/tom/github/sft-fraction/procedure","no","mono","no","24","no","white","no","yes","800","legacy","120","120","8","/Users/tom/github/sft-fraction/results/data/subject-5a.csv","legacy","#757575","low","6","Jazzy James","3.1.9","0","l","NA","space","space","space","l","return","536","NA","148901","11392","7534","536","39948","2","legacy","1024","2","48000","-16","experiment","5","odd","present","2449601","2449601","NA","2507023","1312","169234","2590224","2590742","1371","150289","161699","2590742","2591303","2409572","2590204","Fraction component detection task","1824","1015892","1849","yes","1280"
"98.6486486486","98.6486486486","549.388108108","549.388108108","#808080","no","legacy","legacy","legacy","0","uniform","1","undefined","undefined","undefined","1","l","8","8","0","1849","0","0","1849","1849","0","0","0","1849","1849","8","1849","Fri Apr 27 13:03:26 2018","#000000","high","3","The main experiment item","yes","","experiment.osexp","/Users/tom/github/sft-fraction/procedure","no","mono","no","24","no","white","no","yes","800","legacy","121","121","8","/Users/tom/github/sft-fraction/results/data/subject-5a.csv","legacy","#000000","high","7","Jazzy James","3.1.9","0","l","NA","space","space","space","l","return","476","NA","148901","11392","7534","476","39948","2","legacy","1024","2","48000","-16","experiment","5","odd","present","2449601","2449601","NA","2507023","1312","169234","2591390","2591907","1371","150289","161699","2591907","2592412","2409572","2591373","Fraction component detection task","1825","1016368","1850","yes","1280"
"98.6493787142","98.6493787142","549.365207996","549.365207996","#808080","no","legacy","legacy","legacy","0","uniform","1","undefined","undefined","undefined","1","l","8","8","0","1850","0","0","1850","1850","0","0","0","1850","1850","8","1850","Fri Apr 27 13:03:26 2018","#757575","low","4","The main experiment item","yes","","experiment.osexp","/Users/tom/github/sft-fraction/procedure","no","mono","no","24","no","white","no","yes","800","legacy","122","122","8","/Users/tom/github/sft-fraction/results/data/subject-5a.csv","legacy","#757575","low","6","Jazzy James","3.1.9","0","l","NA","space","space","space","l","return","507","NA","148901","11392","7534","507","39948","2","legacy","1024","2","48000","-16","experiment","5","odd","present","2449601","2449601","NA","2507023","1312","169234","2592497","2593012","1371","150289","161699","2593012","2593544","2409572","2592481","Fraction component detection task","1826","1016875","1851","yes","1280"
"98.6501079914","98.6501079914","549.334773218","549.334773218","#808080","no","legacy","legacy","legacy","0","uniform","1","undefined","undefined","undefined","1","a","8","8","0","1851","0","0","1851","1851","0","0","0","1851","1851","8","1851","Fri Apr 27 13:03:26 2018","#757575","low","4","The main experiment item","yes","","experiment.osexp","/Users/tom/github/sft-fraction/procedure","no","mono","no","24","no","white","no","yes","800","legacy","123","123","8","/Users/tom/github/sft-fraction/results/data/subject-5a.csv","legacy","#757575","low","3","Jazzy James","3.1.9","0","a","NA","space","space","space","a","return","493","NA","148901","11392","7534","493","39948","2","legacy","1024","2","48000","-16","experiment","5","odd","absent","2449601","2449601","NA","2507023","1312","169234","2593629","2594146","1371","150289","161699","2594146","2594668","2409572","2593611","Fraction component detection task","1827","1017368","1852","yes","1280"
"98.6508364814","98.6508364814","549.309228278","549.309228278","#808080","no","legacy","legacy","legacy","0","uniform","1","undefined","undefined","undefined","1","a","8","8","0","1852","0","0","1852","1852","0","0","0","1852","1852","8","1852","Fri Apr 27 13:03:26 2018","#000000","high","3","The main experiment item","yes","","experiment.osexp","/Users/tom/github/sft-fraction/procedure","no","mono","no","24","no","white","no","yes","800","legacy","124","124","8","/Users/tom/github/sft-fraction/results/data/subject-5a.csv","legacy","#757575","low","4","Jazzy James","3.1.9","0","a","NA","space","space","space","a","return","502","NA","148901","11392","7534","502","39948","2","legacy","1024","2","48000","-16","experiment","5","odd","absent","2449601","2449601","NA","2507023","1312","169234","2594752","2595273","1371","150289","161699","2595273","2595799","2409572","2594737","Fraction component detection task","1828","1017870","1853","yes","1280"
"98.6515641855","98.6515641855","549.473031284","549.473031284","#808080","no","legacy","legacy","legacy","0","uniform","1","undefined","undefined","undefined","1","l","8","8","0","1853","0","0","1853","1853","0","0","0","1853","1853","8","1853","Fri Apr 27 13:03:26 2018","#000000","high","7","The main experiment item","yes","","experiment.osexp","/Users/tom/github/sft-fraction/procedure","no","mono","no","24","no","white","no","yes","800","legacy","125","125","8","/Users/tom/github/sft-fraction/results/data/subject-5a.csv","legacy","#000000","high","6","Jazzy James","3.1.9","0","l","NA","space","space","space","l","return","853","NA","148901","11392","7534","853","39948","2","legacy","1024","2","48000","-16","experiment","5","odd","present","2449601","2449601","NA","2507023","1312","169234","2595881","2596400","1371","150289","161699","2596401","2597280","2409572","2595865","Fraction component detection task","1829","1018723","1854","yes","1280"
"98.6522911051","98.6522911051","549.405390836","549.405390836","#808080","no","legacy","legacy","legacy","0","uniform","1","undefined","undefined","undefined","1","l","8","8","0","1854","0","0","1854","1854","0","0","0","1854","1854","8","1854","Fri Apr 27 13:03:26 2018","#757575","low","8","The main experiment item","yes","","experiment.osexp","/Users/tom/github/sft-fraction/procedure","no","mono","no","24","no","white","no","yes","800","legacy","126","126","8","/Users/tom/github/sft-fraction/results/data/subject-5a.csv","legacy","#000000","high","8","Jazzy James","3.1.9","0","l","NA","space","space","space","l","return","424","NA","148901","11392","7534","424","39948","2","legacy","1024","2","48000","-16","experiment","5","odd","present","2449601","2449601","NA","2507023","1312","169234","2597375","2597895","1371","150289","161699","2597895","2598343","2409572","2597354","Fraction component detection task","1830","1019147","1855","yes","1280"
"98.6530172414","98.6530172414","549.46875","549.46875","#808080","no","legacy","legacy","legacy","0","uniform","1","undefined","undefined","undefined","1","a","8","8","0","1855","0","0","1855","1855","0","0","0","1855","1855","8","1855","Fri Apr 27 13:03:26 2018","#000000","high","3","The main experiment item","yes","","experiment.osexp","/Users/tom/github/sft-fraction/procedure","no","mono","no","24","no","white","no","yes","800","legacy","127","127","8","/Users/tom/github/sft-fraction/results/data/subject-5a.csv","legacy","#757575","low","3","Jazzy James","3.1.9","0","a","NA","space","space","space","a","return","667","NA","148901","11392","7534","667","39948","2","legacy","1024","2","48000","-16","experiment","5","odd","absent","2449601","2449601","NA","2507023","1312","169234","2598432","2598948","1371","150289","161699","2598948","2599640","2409572","2598412","Fraction component detection task","1831","1019814","1856","yes","1280"
"98.6537425956","98.6537425956","549.448034464","549.448034464","#808080","no","legacy","legacy","legacy","0","uniform","1","undefined","undefined","undefined","1","l","8","8","0","1856","0","0","1856","1856","0","0","0","1856","1856","8","1856","Fri Apr 27 13:03:26 2018","#757575","low","2","The main experiment item","yes","","experiment.osexp","/Users/tom/github/sft-fraction/procedure","no","mono","no","24","no","white","no","yes","800","legacy","128","128","8","/Users/tom/github/sft-fraction/results/data/subject-5a.csv","legacy","#000000","high","6","Jazzy James","3.1.9","0","l","NA","space","space","space","l","return","511","NA","148901","11392","7534","511","39948","2","legacy","1024","2","48000","-16","experiment","5","odd","present","2449601","2449601","NA","2507023","1312","169234","2599723","2600240","1371","150289","161699","2600240","2600777","2409572","2599706","Fraction component detection task","1832","1020325","1857","yes","1280"
"98.654467169","98.654467169","549.434876211","549.434876211","#808080","no","legacy","legacy","legacy","0","uniform","1","undefined","undefined","undefined","1","a","8","8","0","1857","0","0","1857","1857","0","0","0","1857","1857","8","1857","Fri Apr 27 13:03:26 2018","#757575","low","2","The main experiment item","yes","","experiment.osexp","/Users/tom/github/sft-fraction/procedure","no","mono","no","24","no","white","no","yes","800","legacy","129","129","8","/Users/tom/github/sft-fraction/results/data/subject-5a.csv","legacy","#757575","low","4","Jazzy James","3.1.9","0","a","NA","space","space","space","a","return","525","NA","148901","11392","7534","525","39948","2","legacy","1024","2","48000","-16","experiment","5","odd","absent","2449601","2449601","NA","2507023","1312","169234","2600864","2601386","1371","150289","161699","2601386","2601942","2409572","2600848","Fraction component detection task","1833","1020850","1858","yes","1280"
"98.6551909629","98.6551909629","549.414739107","549.414739107","#808080","no","legacy","legacy","legacy","0","uniform","1","undefined","undefined","undefined","1","a","8","8","0","1858","0","0","1858","1858","0","0","0","1858","1858","8","1858","Fri Apr 27 13:03:26 2018","#000000","high","4","The main experiment item","yes","","experiment.osexp","/Users/tom/github/sft-fraction/procedure","no","mono","no","24","no","white","no","yes","800","legacy","130","130","8","/Users/tom/github/sft-fraction/results/data/subject-5a.csv","legacy","#757575","low","2","Jazzy James","3.1.9","0","a","NA","space","space","space","a","return","512","NA","148901","11392","7534","512","39948","2","legacy","1024","2","48000","-16","experiment","5","odd","absent","2449601","2449601","NA","2507023","1312","169234","2602024","2602543","1371","150289","161699","2602543","2603081","2409572","2602008","Fraction component detection task","1834","1021362","1859","yes","1280"
"98.6559139785","98.6559139785","549.470967742","549.470967742","#808080","no","legacy","legacy","legacy","0","uniform","1","undefined","undefined","undefined","1","l","8","8","0","1859","0","0","1859","1859","0","0","0","1859","1859","8","1859","Fri Apr 27 13:03:26 2018","#757575","low","8","The main experiment item","yes","","experiment.osexp","/Users/tom/github/sft-fraction/procedure","no","mono","no","24","no","white","no","yes","800","legacy","131","131","8","/Users/tom/github/sft-fraction/results/data/subject-5a.csv","legacy","#757575","low","2","Jazzy James","3.1.9","0","l","NA","space","space","space","l","return","654","NA","148901","11392","7534","654","39948","2","legacy","1024","2","48000","-16","experiment","5","odd","present","2449601","2449601","NA","2507023","1312","169234","2603173","2603697","1371","150289","161699","2603698","2604376","2409572","2603155","Fraction component detection task","1835","1022016","1860","yes","1280"
"98.6566362171","98.6566362171","549.5029554","549.5029554","#808080","no","legacy","legacy","legacy","0","uniform","1","undefined","undefined","undefined","1","l","8","8","0","1860","0","0","1860","1860","0","0","0","1860","1860","8","1860","Fri Apr 27 13:03:26 2018","#757575","low","6","The main experiment item","yes","","experiment.osexp","/Users/tom/github/sft-fraction/procedure","no","mono","no","24","no","white","no","yes","800","legacy","132","132","8","/Users/tom/github/sft-fraction/results/data/subject-5a.csv","legacy","#000000","high","3","Jazzy James","3.1.9","0","l","NA","space","space","space","l","return","609","NA","148901","11392","7534","609","39948","2","legacy","1024","2","48000","-16","experiment","5","odd","present","2449601","2449601","NA","2507023","1312","169234","2604465","2604983","1371","150289","161699","2604983","2605621","2409572","2604449","Fraction component detection task","1836","1022625","1861","yes","1280"
"98.6573576799","98.6573576799","549.473147154","549.473147154","#808080","no","legacy","legacy","legacy","0","uniform","1","undefined","undefined","undefined","1","l","8","8","0","1861","0","0","1861","1861","0","0","0","1861","1861","8","1861","Fri Apr 27 13:03:26 2018","#757575","low","2","The main experiment item","yes","","experiment.osexp","/Users/tom/github/sft-fraction/procedure","no","mono","no","24","no","white","no","yes","800","legacy","133","133","8","/Users/tom/github/sft-fraction/results/data/subject-5a.csv","legacy","#000000","high","8","Jazzy James","3.1.9","0","l","NA","space","space","space","l","return","494","NA","148901","11392","7534","494","39948","2","legacy","1024","2","48000","-16","experiment","5","odd","present","2449601","2449601","NA","2507023","1312","169234","2605705","2606225","1371","150289","161699","2606226","2606745","2409572","2605689","Fraction component detection task","1837","1023119","1862","yes","1280"
"98.6580783682","98.6580783682","549.460547504","549.460547504","#808080","no","legacy","legacy","legacy","0","uniform","1","undefined","undefined","undefined","1","a","8","8","0","1862","0","0","1862","1862","0","0","0","1862","1862","8","1862","Fri Apr 27 13:03:26 2018","#757575","low","3","The main experiment item","yes","","experiment.osexp","/Users/tom/github/sft-fraction/procedure","no","mono","no","24","no","white","no","yes","800","legacy","134","134","8","/Users/tom/github/sft-fraction/results/data/subject-5a.csv","legacy","#757575","low","3","Jazzy James","3.1.9","0","a","NA","space","space","space","a","return","526","NA","148901","11392","7534","526","39948","2","legacy","1024","2","48000","-16","experiment","5","odd","absent","2449601","2449601","NA","2507023","1312","169234","2606837","2607353","1371","150289","161699","2607354","2607911","2409572","2606818","Fraction component detection task","1838","1023645","1863","yes","1280"
"98.6587982833","98.6587982833","549.435085837","549.435085837","#808080","no","legacy","legacy","legacy","0","uniform","1","undefined","undefined","undefined","1","a","8","8","0","1863","0","0","1863","1863","0","0","0","1863","1863","8","1863","Fri Apr 27 13:03:26 2018","#000000","high","3","The main experiment item","yes","","experiment.osexp","/Users/tom/github/sft-fraction/procedure","no","mono","no","24","no","white","no","yes","800","legacy","135","135","8","/Users/tom/github/sft-fraction/results/data/subject-5a.csv","legacy","#000000","high","2","Jazzy James","3.1.9","0","a","NA","space","space","space","a","return","502","NA","148901","11392","7534","502","39948","2","legacy","1024","2","48000","-16","experiment","5","odd","absent","2449601","2449601","NA","2507023","1312","169234","2607997","2608513","1371","150289","161699","2608513","2609040","2409572","2607977","Fraction component detection task","1839","1024147","1864","yes","1280"
"98.6595174263","98.6595174263","549.435924933","549.435924933","#808080","no","legacy","legacy","legacy","0","uniform","1","undefined","undefined","undefined","1","a","8","8","0","1864","0","0","1864","1864","0","0","0","1864","1864","8","1864","Fri Apr 27 13:03:26 2018","#757575","low","3","The main experiment item","yes","","experiment.osexp","/Users/tom/github/sft-fraction/procedure","no","mono","no","24","no","white","no","yes","800","legacy","136","136","8","/Users/tom/github/sft-fraction/results/data/subject-5a.csv","legacy","#757575","low","2","Jazzy James","3.1.9","0","a","NA","space","space","space","a","return","551","NA","148901","11392","7534","551","39948","2","legacy","1024","2","48000","-16","experiment","5","odd","absent","2449601","2449601","NA","2507023","1312","169234","2609128","2609648","1371","150289","161699","2609648","2610231","2409572","2609112","Fraction component detection task","1840","1024698","1865","yes","1280"
"98.6602357985","98.6602357985","549.445873526","549.445873526","#808080","no","legacy","legacy","legacy","0","uniform","1","undefined","undefined","undefined","1","a","8","8","0","1865","0","0","1865","1865","0","0","0","1865","1865","8","1865","Fri Apr 27 13:03:26 2018","#757575","low","2","The main experiment item","yes","","experiment.osexp","/Users/tom/github/sft-fraction/procedure","no","mono","no","24","no","white","no","yes","800","legacy","137","137","8","/Users/tom/github/sft-fraction/results/data/subject-5a.csv","legacy","#000000","high","3","Jazzy James","3.1.9","0","a","NA","space","space","space","a","return","568","NA","148901","11392","7534","568","39948","2","legacy","1024","2","48000","-16","experiment","5","odd","absent","2449601","2449601","NA","2507023","1312","169234","2610323","2610840","1371","150289","161699","2610840","2611437","2409572","2610306","Fraction component detection task","1841","1025266","1866","yes","1280"
"98.6609534012","98.6609534012","549.570433851","549.570433851","#808080","no","legacy","legacy","legacy","0","uniform","1","undefined","undefined","undefined","1","l","8","8","0","1866","0","0","1866","1866","0","0","0","1866","1866","8","1866","Fri Apr 27 13:03:26 2018","#757575","low","7","The main experiment item","yes","","experiment.osexp","/Users/tom/github/sft-fraction/procedure","no","mono","no","24","no","white","no","yes","800","legacy","138","138","8","/Users/tom/github/sft-fraction/results/data/subject-5a.csv","legacy","#757575","low","4","Jazzy James","3.1.9","0","l","NA","space","space","space","l","return","782","NA","148901","11392","7534","782","39948","2","legacy","1024","2","48000","-16","experiment","5","odd","present","2449601","2449601","NA","2507023","1312","169234","2611525","2612042","1371","150289","161699","2612042","2612854","2409572","2611505","Fraction component detection task","1842","1026048","1867","yes","1280"
"98.6616702355","98.6616702355","549.618843683","549.618843683","#808080","no","legacy","legacy","legacy","0","uniform","1","undefined","undefined","undefined","1","l","8","8","0","1867","0","0","1867","1867","0","0","0","1867","1867","8","1867","Fri Apr 27 13:03:26 2018","#757575","low","7","The main experiment item","yes","","experiment.osexp","/Users/tom/github/sft-fraction/procedure","no","mono","no","24","no","white","no","yes","800","legacy","139","139","8","/Users/tom/github/sft-fraction/results/data/subject-5a.csv","legacy","#757575","low","2","Jazzy James","3.1.9","0","l","NA","space","space","space","l","return","640","NA","148901","11392","7534","640","39948","2","legacy","1024","2","48000","-16","experiment","5","odd","present","2449601","2449601","NA","2507023","1312","169234","2612939","2613455","1371","150289","161699","2613455","2614120","2409572","2612923","Fraction component detection task","1843","1026688","1868","yes","1280"
"98.6623863028","98.6623863028","549.616372392","549.616372392","#808080","no","legacy","legacy","legacy","0","uniform","1","undefined","undefined","undefined","1","a","8","8","0","1868","0","0","1868","1868","0","0","0","1868","1868","8","1868","Fri Apr 27 13:03:26 2018","#000000","high","2","The main experiment item","yes","","experiment.osexp","/Users/tom/github/sft-fraction/procedure","no","mono","no","24","no","white","no","yes","800","legacy","140","140","8","/Users/tom/github/sft-fraction/results/data/subject-5a.csv","legacy","#757575","low","3","Jazzy James","3.1.9","0","a","NA","space","space","space","a","return","545","NA","148901","11392","7534","545","39948","2","legacy","1024","2","48000","-16","experiment","5","odd","absent","2449601","2449601","NA","2507023","1312","169234","2614208","2614726","1371","150289","161699","2614726","2615296","2409572","2614192","Fraction component detection task","1844","1027233","1869","yes","1280"
"98.6631016043","98.6631016043","549.584491979","549.584491979","#808080","no","legacy","legacy","legacy","0","uniform","1","undefined","undefined","undefined","1","a","8","8","0","1869","0","0","1869","1869","0","0","0","1869","1869","8","1869","Fri Apr 27 13:03:26 2018","#000000","high","2","The main experiment item","yes","","experiment.osexp","/Users/tom/github/sft-fraction/procedure","no","mono","no","24","no","white","no","yes","800","legacy","141","141","8","/Users/tom/github/sft-fraction/results/data/subject-5a.csv","legacy","#000000","high","4","Jazzy James","3.1.9","0","a","NA","space","space","space","a","return","490","NA","148901","11392","7534","490","39948","2","legacy","1024","2","48000","-16","experiment","5","odd","absent","2449601","2449601","NA","2507023","1312","169234","2615384","2615902","1371","150289","161699","2615902","2616422","2409572","2615368","Fraction component detection task","1845","1027723","1870","yes","1280"
"98.6638161411","98.6638161411","549.581507215","549.581507215","#808080","no","legacy","legacy","legacy","0","uniform","1","undefined","undefined","undefined","1","l","8","8","0","1870","0","0","1870","1870","0","0","0","1870","1870","8","1870","Fri Apr 27 13:03:26 2018","#757575","low","6","The main experiment item","yes","","experiment.osexp","/Users/tom/github/sft-fraction/procedure","no","mono","no","24","no","white","no","yes","800","legacy","142","142","8","/Users/tom/github/sft-fraction/results/data/subject-5a.csv","legacy","#757575","low","6","Jazzy James","3.1.9","0","l","NA","space","space","space","l","return","544","NA","148901","11392","7534","544","39948","2","legacy","1024","2","48000","-16","experiment","5","odd","present","2449601","2449601","NA","2507023","1312","169234","2616508","2617024","1371","150289","161699","2617024","2617597","2409572","2616489","Fraction component detection task","1846","1028267","1871","yes","1280"
"98.6645299145","98.6645299145","549.59775641","549.59775641","#808080","no","legacy","legacy","legacy","0","uniform","1","undefined","undefined","undefined","1","a","8","8","0","1871","0","0","1871","1871","0","0","0","1871","1871","8","1871","Fri Apr 27 13:03:26 2018","#757575","low","4","The main experiment item","yes","","experiment.osexp","/Users/tom/github/sft-fraction/procedure","no","mono","no","24","no","white","no","yes","800","legacy","143","143","8","/Users/tom/github/sft-fraction/results/data/subject-5a.csv","legacy","#000000","high","4","Jazzy James","3.1.9","0","a","NA","space","space","space","a","return","580","NA","148901","11392","7534","580","39948","2","legacy","1024","2","48000","-16","experiment","5","odd","absent","2449601","2449601","NA","2507023","1312","169234","2617686","2618203","1371","150289","161699","2618204","2618809","2409572","2617667","Fraction component detection task","1847","1028847","1872","yes","1280"
"98.6652429258","98.6652429258","549.553123332","549.553123332","#808080","no","legacy","legacy","legacy","0","uniform","1","undefined","undefined","undefined","1","l","8","8","0","1872","0","0","1872","1872","0","0","0","1872","1872","8","1872","Fri Apr 27 13:03:26 2018","#000000","high","6","The main experiment item","yes","","experiment.osexp","/Users/tom/github/sft-fraction/procedure","no","mono","no","24","no","white","no","yes","800","legacy","144","144","8","/Users/tom/github/sft-fraction/results/data/subject-5a.csv","legacy","#757575","low","7","Jazzy James","3.1.9","0","l","NA","space","space","space","l","return","466","NA","148901","11392","7534","466","39948","2","legacy","1024","2","48000","-16","experiment","5","odd","present","2449601","2449601","NA","2507023","1312","169234","2618895","2619414","1371","150289","161699","2619414","2619906","2409572","2618876","Fraction component detection task","1848","1029313","1873","yes","1280"
"98.6659551761","98.6659551761","549.478121665","549.478121665","#808080","no","legacy","legacy","legacy","0","uniform","1","undefined","undefined","undefined","1","l","8","8","0","1873","0","0","1873","1873","0","0","0","1873","1873","8","1873","Fri Apr 27 13:03:26 2018","#757575","low","7","The main experiment item","yes","","experiment.osexp","/Users/tom/github/sft-fraction/procedure","no","mono","no","24","no","white","no","yes","800","legacy","145","145","8","/Users/tom/github/sft-fraction/results/data/subject-5a.csv","legacy","#000000","high","8","Jazzy James","3.1.9","0","l","NA","space","space","space","l","return","409","NA","148901","11392","7534","409","39948","2","legacy","1024","2","48000","-16","experiment","5","odd","present","2449601","2449601","NA","2507023","1312","169234","2619997","2620519","1371","150289","161699","2620519","2620953","2409572","2619978","Fraction component detection task","1849","1029722","1874","yes","1280"
"98.6666666667","98.6666666667","549.433066667","549.433066667","#808080","no","legacy","legacy","legacy","0","uniform","1","undefined","undefined","undefined","1","a","8","8","0","1874","0","0","1874","1874","0","0","0","1874","1874","8","1874","Fri Apr 27 13:03:26 2018","#000000","high","2","The main experiment item","yes","","experiment.osexp","/Users/tom/github/sft-fraction/procedure","no","mono","no","24","no","white","no","yes","800","legacy","146","146","8","/Users/tom/github/sft-fraction/results/data/subject-5a.csv","legacy","#000000","high","2","Jazzy James","3.1.9","0","a","NA","space","space","space","a","return","465","NA","148901","11392","7534","465","39948","2","legacy","1024","2","48000","-16","experiment","5","odd","absent","2449601","2449601","NA","2507023","1312","169234","2621037","2621558","1371","150289","161699","2621558","2622048","2409572","2621022","Fraction component detection task","1850","1030187","1875","yes","1280"
"98.6673773987","98.6673773987","549.428571429","549.428571429","#808080","no","legacy","legacy","legacy","0","uniform","1","undefined","undefined","undefined","1","l","8","8","0","1875","0","0","1875","1875","0","0","0","1875","1875","8","1875","Fri Apr 27 13:03:26 2018","#000000","high","4","The main experiment item","yes","","experiment.osexp","/Users/tom/github/sft-fraction/procedure","no","mono","no","24","no","white","no","yes","800","legacy","147","147","8","/Users/tom/github/sft-fraction/results/data/subject-5a.csv","legacy","#757575","low","6","Jazzy James","3.1.9","0","l","NA","space","space","space","l","return","541","NA","148901","11392","7534","541","39948","2","legacy","1024","2","48000","-16","experiment","5","odd","present","2449601","2449601","NA","2507023","1312","169234","2622133","2622650","1371","150289","161699","2622650","2623217","2409572","2622117","Fraction component detection task","1851","1030728","1876","yes","1280"
"98.6680873735","98.6680873735","549.379328716","549.379328716","#808080","no","legacy","legacy","legacy","0","uniform","1","undefined","undefined","undefined","1","a","8","8","0","1876","0","0","1876","1876","0","0","0","1876","1876","8","1876","Fri Apr 27 13:03:26 2018","#757575","low","3","The main experiment item","yes","","experiment.osexp","/Users/tom/github/sft-fraction/procedure","no","mono","no","24","no","white","no","yes","800","legacy","148","148","8","/Users/tom/github/sft-fraction/results/data/subject-5a.csv","legacy","#000000","high","3","Jazzy James","3.1.9","0","a","NA","space","space","space","a","return","457","NA","148901","11392","7534","457","39948","2","legacy","1024","2","48000","-16","experiment","5","odd","absent","2449601","2449601","NA","2507023","1312","169234","2623299","2623815","1371","150289","161699","2623815","2624296","2409572","2623283","Fraction component detection task","1852","1031185","1877","yes","1280"
"98.6687965921","98.6687965921","549.305111821","549.305111821","#808080","no","legacy","legacy","legacy","0","uniform","1","undefined","undefined","undefined","1","a","8","8","0","1877","0","0","1877","1877","0","0","0","1877","1877","8","1877","Fri Apr 27 13:03:26 2018","#757575","low","4","The main experiment item","yes","","experiment.osexp","/Users/tom/github/sft-fraction/procedure","no","mono","no","24","no","white","no","yes","800","legacy","149","149","8","/Users/tom/github/sft-fraction/results/data/subject-5a.csv","legacy","#000000","high","3","Jazzy James","3.1.9","0","a","NA","space","space","space","a","return","410","NA","148901","11392","7534","410","39948","2","legacy","1024","2","48000","-16","experiment","5","odd","absent","2449601","2449601","NA","2507023","1312","169234","2624385","2624901","1371","150289","161699","2624902","2625337","2409572","2624365","Fraction component detection task","1853","1031595","1878","yes","1280"
"98.6695050559","98.6695050559","549.276742948","549.276742948","#808080","no","legacy","legacy","legacy","0","uniform","1","undefined","undefined","undefined","1","l","8","8","0","1878","0","0","1878","1878","0","0","0","1878","1878","8","1878","Fri Apr 27 13:03:26 2018","#757575","low","7","The main experiment item","yes","","experiment.osexp","/Users/tom/github/sft-fraction/procedure","no","mono","no","24","no","white","no","yes","800","legacy","150","150","8","/Users/tom/github/sft-fraction/results/data/subject-5a.csv","legacy","#757575","low","6","Jazzy James","3.1.9","0","l","NA","space","space","space","l","return","496","NA","148901","11392","7534","496","39948","2","legacy","1024","2","48000","-16","experiment","5","odd","present","2449601","2449601","NA","2507023","1312","169234","2625428","2625945","1371","150289","161699","2625945","2626470","2409572","2625412","Fraction component detection task","1854","1032091","1879","yes","1280"
"98.670212766","98.670212766","549.240957447","549.240957447","#808080","no","legacy","legacy","legacy","0","uniform","1","undefined","undefined","undefined","1","a","8","8","0","1879","0","0","1879","1879","0","0","0","1879","1879","8","1879","Fri Apr 27 13:03:26 2018","#757575","low","2","The main experiment item","yes","","experiment.osexp","/Users/tom/github/sft-fraction/procedure","no","mono","no","24","no","white","no","yes","800","legacy","151","151","8","/Users/tom/github/sft-fraction/results/data/subject-5a.csv","legacy","#757575","low","3","Jazzy James","3.1.9","0","a","NA","space","space","space","a","return","482","NA","148901","11392","7534","482","39948","2","legacy","1024","2","48000","-16","experiment","5","odd","absent","2449601","2449601","NA","2507023","1312","169234","2626554","2627071","1371","150289","161699","2627071","2627578","2409572","2626539","Fraction component detection task","1855","1032573","1880","yes","1280"
"98.6709197236","98.6709197236","549.236576289","549.236576289","#808080","no","legacy","legacy","legacy","0","uniform","1","undefined","undefined","undefined","1","l","8","8","0","1880","0","0","1880","1880","0","0","0","1880","1880","8","1880","Fri Apr 27 13:03:26 2018","#000000","high","7","The main experiment item","yes","","experiment.osexp","/Users/tom/github/sft-fraction/procedure","no","mono","no","24","no","white","no","yes","800","legacy","152","152","8","/Users/tom/github/sft-fraction/results/data/subject-5a.csv","legacy","#757575","low","6","Jazzy James","3.1.9","0","l","NA","space","space","space","l","return","541","NA","148901","11392","7534","541","39948","2","legacy","1024","2","48000","-16","experiment","5","odd","present","2449601","2449601","NA","2507023","1312","169234","2627662","2628180","1371","150289","161699","2628180","2628748","2409572","2627646","Fraction component detection task","1856","1033114","1881","yes","1280"
"98.6716259299","98.6716259299","549.174814028","549.174814028","#808080","no","legacy","legacy","legacy","0","uniform","1","undefined","undefined","undefined","1","a","8","8","0","1881","0","0","1881","1881","0","0","0","1881","1881","8","1881","Fri Apr 27 13:03:26 2018","#757575","low","3","The main experiment item","yes","","experiment.osexp","/Users/tom/github/sft-fraction/procedure","no","mono","no","24","no","white","no","yes","800","legacy","153","153","8","/Users/tom/github/sft-fraction/results/data/subject-5a.csv","legacy","#757575","low","4","Jazzy James","3.1.9","0","a","NA","space","space","space","a","return","433","NA","148901","11392","7534","433","39948","2","legacy","1024","2","48000","-16","experiment","5","odd","absent","2449601","2449601","NA","2507023","1312","169234","2628835","2629352","1371","150289","161699","2629352","2629811","2409572","2628816","Fraction component detection task","1857","1033547","1882","yes","1280"
"98.6723313861","98.6723313861","549.14763675","549.14763675","#808080","no","legacy","legacy","legacy","0","uniform","1","undefined","undefined","undefined","1","a","8","8","0","1882","0","0","1882","1882","0","0","0","1882","1882","8","1882","Fri Apr 27 13:03:26 2018","#757575","low","4","The main experiment item","yes","","experiment.osexp","/Users/tom/github/sft-fraction/procedure","no","mono","no","24","no","white","no","yes","800","legacy","154","154","8","/Users/tom/github/sft-fraction/results/data/subject-5a.csv","legacy","#000000","high","2","Jazzy James","3.1.9","0","a","NA","space","space","space","a","return","498","NA","148901","11392","7534","498","39948","2","legacy","1024","2","48000","-16","experiment","5","odd","absent","2449601","2449601","NA","2507023","1312","169234","2629896","2630415","1371","150289","161699","2630415","2630944","2409572","2629880","Fraction component detection task","1858","1034045","1883","yes","1280"
"98.6730360934","98.6730360934","549.107218684","549.107218684","#808080","no","legacy","legacy","legacy","0","uniform","1","undefined","undefined","undefined","1","a","8","8","0","1883","0","0","1883","1883","0","0","0","1883","1883","8","1883","Fri Apr 27 13:03:26 2018","#757575","low","3","The main experiment item","yes","","experiment.osexp","/Users/tom/github/sft-fraction/procedure","no","mono","no","24","no","white","no","yes","800","legacy","155","155","8","/Users/tom/github/sft-fraction/results/data/subject-5a.csv","legacy","#000000","high","4","Jazzy James","3.1.9","0","a","NA","space","space","space","a","return","473","NA","148901","11392","7534","473","39948","2","legacy","1024","2","48000","-16","experiment","5","odd","absent","2449601","2449601","NA","2507023","1312","169234","2631026","2631543","1371","150289","161699","2631543","2632043","2409572","2631011","Fraction component detection task","1859","1034518","1884","yes","1280"
"98.6737400531","98.6737400531","549.05994695","549.05994695","#808080","no","legacy","legacy","legacy","0","uniform","1","undefined","undefined","undefined","1","a","8","8","0","1884","0","0","1884","1884","0","0","0","1884","1884","8","1884","Fri Apr 27 13:03:26 2018","#000000","high","4","The main experiment item","yes","","experiment.osexp","/Users/tom/github/sft-fraction/procedure","no","mono","no","24","no","white","no","yes","800","legacy","156","156","8","/Users/tom/github/sft-fraction/results/data/subject-5a.csv","legacy","#757575","low","2","Jazzy James","3.1.9","0","a","NA","space","space","space","a","return","460","NA","148901","11392","7534","460","39948","2","legacy","1024","2","48000","-16","experiment","5","odd","absent","2449601","2449601","NA","2507023","1312","169234","2632127","2632644","1371","150289","161699","2632644","2633129","2409572","2632110","Fraction component detection task","1860","1034978","1885","yes","1280"
"98.6744432662","98.6744432662","549.036585366","549.036585366","#808080","no","legacy","legacy","legacy","0","uniform","1","undefined","undefined","undefined","1","l","8","8","0","1885","0","0","1885","1885","0","0","0","1885","1885","8","1885","Fri Apr 27 13:03:26 2018","#757575","low","8","The main experiment item","yes","","experiment.osexp","/Users/tom/github/sft-fraction/procedure","no","mono","no","24","no","white","no","yes","800","legacy","157","157","8","/Users/tom/github/sft-fraction/results/data/subject-5a.csv","legacy","#757575","low","8","Jazzy James","3.1.9","0","l","NA","space","space","space","l","return","505","NA","148901","11392","7534","505","39948","2","legacy","1024","2","48000","-16","experiment","5","odd","present","2449601","2449601","NA","2507023","1312","169234","2633217","2633735","1371","150289","161699","2633735","2634270","2409572","2633201","Fraction component detection task","1861","1035483","1886","yes","1280"
"98.675145734","98.675145734","548.983571807","548.983571807","#808080","no","legacy","legacy","legacy","0","uniform","1","undefined","undefined","undefined","1","a","8","8","0","1886","0","0","1886","1886","0","0","0","1886","1886","8","1886","Fri Apr 27 13:03:26 2018","#000000","high","2","The main experiment item","yes","","experiment.osexp","/Users/tom/github/sft-fraction/procedure","no","mono","no","24","no","white","no","yes","800","legacy","158","158","8","/Users/tom/github/sft-fraction/results/data/subject-5a.csv","legacy","#757575","low","4","Jazzy James","3.1.9","0","a","NA","space","space","space","a","return","449","NA","148901","11392","7534","449","39948","2","legacy","1024","2","48000","-16","experiment","5","odd","absent","2449601","2449601","NA","2507023","1312","169234","2634354","2634871","1371","150289","161699","2634872","2635352","2409572","2634338","Fraction component detection task","1862","1035932","1887","yes","1280"
"98.6758474576","98.6758474576","548.949682203","548.949682203","#808080","no","legacy","legacy","legacy","0","uniform","1","undefined","undefined","undefined","1","a","8","8","0","1887","0","0","1887","1887","0","0","0","1887","1887","8","1887","Fri Apr 27 13:03:26 2018","#000000","high","3","The main experiment item","yes","","experiment.osexp","/Users/tom/github/sft-fraction/procedure","no","mono","no","24","no","white","no","yes","800","legacy","159","159","8","/Users/tom/github/sft-fraction/results/data/subject-5a.csv","legacy","#757575","low","2","Jazzy James","3.1.9","0","a","NA","space","space","space","a","return","485","NA","148901","11392","7534","485","39948","2","legacy","1024","2","48000","-16","experiment","5","odd","absent","2449601","2449601","NA","2507023","1312","169234","2635447","2635964","1371","150289","161699","2635964","2636479","2409572","2635431","Fraction component detection task","1863","1036417","1888","yes","1280"
"98.6765484383","98.6765484383","548.887241927","548.887241927","#808080","no","legacy","legacy","legacy","0","uniform","1","undefined","undefined","undefined","1","l","8","8","0","1888","0","0","1888","1888","0","0","0","1888","1888","8","1888","Fri Apr 27 13:03:26 2018","#000000","high","8","The main experiment item","yes","","experiment.osexp","/Users/tom/github/sft-fraction/procedure","no","mono","no","24","no","white","no","yes","800","legacy","160","160","8","/Users/tom/github/sft-fraction/results/data/subject-5a.csv","legacy","#757575","low","4","Jazzy James","3.1.9","0","l","NA","space","space","space","l","return","431","NA","148901","11392","7534","431","39948","2","legacy","1024","2","48000","-16","experiment","5","odd","present","2449601","2449601","NA","2507023","1312","169234","2636562","2637082","1371","150289","161699","2637082","2637541","2409572","2636547","Fraction component detection task","1864","1036848","1889","yes","1280"
"98.6772486772","98.6772486772","548.884656085","548.884656085","#808080","no","legacy","legacy","legacy","0","uniform","1","undefined","undefined","undefined","1","l","8","8","0","1889","0","0","1889","1889","0","0","0","1889","1889","8","1889","Fri Apr 27 13:03:26 2018","#757575","low","8","The main experiment item","yes","","experiment.osexp","/Users/tom/github/sft-fraction/procedure","no","mono","no","24","no","white","no","yes","800","legacy","161","161","8","/Users/tom/github/sft-fraction/results/data/subject-5a.csv","legacy","#000000","high","4","Jazzy James","3.1.9","0","l","NA","space","space","space","l","return","544","NA","148901","11392","7534","544","39948","2","legacy","1024","2","48000","-16","experiment","5","odd","present","2449601","2449601","NA","2507023","1312","169234","2637627","2638144","1371","150289","161699","2638145","2638714","2409572","2637607","Fraction component detection task","1865","1037392","1890","yes","1280"
"98.6779481756","98.6779481756","548.837652036","548.837652036","#808080","no","legacy","legacy","legacy","0","uniform","1","undefined","undefined","undefined","1","l","8","8","0","1890","0","0","1890","1890","0","0","0","1890","1890","8","1890","Fri Apr 27 13:03:26 2018","#000000","high","2","The main experiment item","yes","","experiment.osexp","/Users/tom/github/sft-fraction/procedure","no","mono","no","24","no","white","no","yes","800","legacy","162","162","8","/Users/tom/github/sft-fraction/results/data/subject-5a.csv","legacy","#000000","high","7","Jazzy James","3.1.9","0","l","NA","space","space","space","l","return","460","NA","148901","11392","7534","460","39948","2","legacy","1024","2","48000","-16","experiment","5","odd","present","2449601","2449601","NA","2507023","1312","169234","2638804","2639325","1371","150289","161699","2639325","2639810","2409572","2638783","Fraction component detection task","1866","1037852","1891","yes","1280"
"98.6257928118","98.6257928118","548.808139535","548.808139535","#808080","no","legacy","legacy","legacy","0","uniform","0","undefined","undefined","undefined","0","l","8","8","0","1891","0","0","1891","1891","0","0","0","1891","1891","8","1891","Fri Apr 27 13:03:26 2018","#757575","low","8","The main experiment item","yes","","experiment.osexp","/Users/tom/github/sft-fraction/procedure","no","mono","no","24","no","white","no","yes","800","legacy","163","163","8","/Users/tom/github/sft-fraction/results/data/subject-5a.csv","legacy","#000000","high","3","Jazzy James","3.1.9","0","a","NA","space","space","space","a","return","493","NA","148901","11392","7534","493","39948","2","legacy","1024","2","48000","-16","experiment","5","odd","present","2449601","2449601","NA","2507023","1312","169234","2639895","2640412","1371","150289","161699","2640412","2640932","2409572","2639879","Fraction component detection task","1866","1038345","1892","yes","1280"
"98.6265187533","98.6265187533","548.865293185","548.865293185","#808080","no","legacy","legacy","legacy","0","uniform","1","undefined","undefined","undefined","1","l","8","8","0","1892","0","0","1892","1892","0","0","0","1892","1892","8","1892","Fri Apr 27 13:03:26 2018","#000000","high","2","The main experiment item","yes","","experiment.osexp","/Users/tom/github/sft-fraction/procedure","no","mono","no","24","no","white","no","yes","800","legacy","164","164","8","/Users/tom/github/sft-fraction/results/data/subject-5a.csv","legacy","#757575","low","6","Jazzy James","3.1.9","0","l","NA","space","space","space","l","return","657","NA","148901","11392","7534","657","39948","2","legacy","1024","2","48000","-16","experiment","5","odd","present","2449601","2449601","NA","2640956","1312","169234","2642035","2642551","1371","150289","161699","2642552","2643235","2409572","2642019","Fraction component detection task","1867","1039002","1893","yes","1280"
"98.6272439282","98.6272439282","548.79250264","548.79250264","#808080","no","legacy","legacy","legacy","0","uniform","1","undefined","undefined","undefined","1","l","8","8","0","1893","0","0","1893","1893","0","0","0","1893","1893","8","1893","Fri Apr 27 13:03:26 2018","#000000","high","7","The main experiment item","yes","","experiment.osexp","/Users/tom/github/sft-fraction/procedure","no","mono","no","24","no","white","no","yes","800","legacy","165","165","8","/Users/tom/github/sft-fraction/results/data/subject-5a.csv","legacy","#757575","low","7","Jazzy James","3.1.9","0","l","NA","space","space","space","l","return","411","NA","148901","11392","7534","411","39948","2","legacy","1024","2","48000","-16","experiment","5","odd","present","2449601","2449601","NA","2640956","1312","169234","2643321","2643838","1371","150289","161699","2643838","2644277","2409572","2643304","Fraction component detection task","1868","1039413","1894","yes","1280"
"98.6279683377","98.6279683377","548.86121372","548.86121372","#808080","no","legacy","legacy","legacy","0","uniform","1","undefined","undefined","undefined","1","a","8","8","0","1894","0","0","1894","1894","0","0","0","1894","1894","8","1894","Fri Apr 27 13:03:26 2018","#757575","low","4","The main experiment item","yes","","experiment.osexp","/Users/tom/github/sft-fraction/procedure","no","mono","no","24","no","white","no","yes","800","legacy","166","166","8","/Users/tom/github/sft-fraction/results/data/subject-5a.csv","legacy","#757575","low","3","Jazzy James","3.1.9","0","a","NA","space","space","space","a","return","679","NA","148901","11392","7534","679","39948","2","legacy","1024","2","48000","-16","experiment","5","odd","absent","2449601","2449601","NA","2640956","1312","169234","2644374","2644891","1371","150289","161699","2644891","2645595","2409572","2644353","Fraction component detection task","1869","1040092","1895","yes","1280"
"98.6286919831","98.6286919831","548.80221519","548.80221519","#808080","no","legacy","legacy","legacy","0","uniform","1","undefined","undefined","undefined","1","a","8","8","0","1895","0","0","1895","1895","0","0","0","1895","1895","8","1895","Fri Apr 27 13:03:26 2018","#000000","high","2","The main experiment item","yes","","experiment.osexp","/Users/tom/github/sft-fraction/procedure","no","mono","no","24","no","white","no","yes","800","legacy","167","167","8","/Users/tom/github/sft-fraction/results/data/subject-5a.csv","legacy","#000000","high","2","Jazzy James","3.1.9","0","a","NA","space","space","space","a","return","437","NA","148901","11392","7534","437","39948","2","legacy","1024","2","48000","-16","experiment","5","odd","absent","2449601","2449601","NA","2640956","1312","169234","2645689","2646205","1371","150289","161699","2646205","2646669","2409572","2645669","Fraction component detection task","1870","1040529","1896","yes","1280"
"98.6294148656","98.6294148656","548.749604639","548.749604639","#808080","no","legacy","legacy","legacy","0","uniform","1","undefined","undefined","undefined","1","a","8","8","0","1896","0","0","1896","1896","0","0","0","1896","1896","8","1896","Fri Apr 27 13:03:26 2018","#000000","high","4","The main experiment item","yes","","experiment.osexp","/Users/tom/github/sft-fraction/procedure","no","mono","no","24","no","white","no","yes","800","legacy","168","168","8","/Users/tom/github/sft-fraction/results/data/subject-5a.csv","legacy","#000000","high","3","Jazzy James","3.1.9","0","a","NA","space","space","space","a","return","449","NA","148901","11392","7534","449","39948","2","legacy","1024","2","48000","-16","experiment","5","odd","absent","2449601","2449601","NA","2640956","1312","169234","2646755","2647273","1371","150289","161699","2647273","2647747","2409572","2646738","Fraction component detection task","1871","1040978","1897","yes","1280"
"98.6301369863","98.6301369863","548.730769231","548.730769231","#808080","no","legacy","legacy","legacy","0","uniform","1","undefined","undefined","undefined","1","l","8","8","0","1897","0","0","1897","1897","0","0","0","1897","1897","8","1897","Fri Apr 27 13:03:26 2018","#757575","low","6","The main experiment item","yes","","experiment.osexp","/Users/tom/github/sft-fraction/procedure","no","mono","no","24","no","white","no","yes","800","legacy","169","169","8","/Users/tom/github/sft-fraction/results/data/subject-5a.csv","legacy","#000000","high","6","Jazzy James","3.1.9","0","l","NA","space","space","space","l","return","513","NA","148901","11392","7534","513","39948","2","legacy","1024","2","48000","-16","experiment","5","odd","present","2449601","2449601","NA","2640956","1312","169234","2647834","2648353","1371","150289","161699","2648353","2648897","2409572","2647816","Fraction component detection task","1872","1041491","1898","yes","1280"
"98.6308583465","98.6308583465","548.697209057","548.697209057","#808080","no","legacy","legacy","legacy","0","uniform","1","undefined","undefined","undefined","1","l","8","8","0","1898","0","0","1898","1898","0","0","0","1898","1898","8","1898","Fri Apr 27 13:03:26 2018","#000000","high","7","The main experiment item","yes","","experiment.osexp","/Users/tom/github/sft-fraction/procedure","no","mono","no","24","no","white","no","yes","800","legacy","170","170","8","/Users/tom/github/sft-fraction/results/data/subject-5a.csv","legacy","#000000","high","4","Jazzy James","3.1.9","0","l","NA","space","space","space","l","return","485","NA","148901","11392","7534","485","39948","2","legacy","1024","2","48000","-16","experiment","5","odd","present","2449601","2449601","NA","2640956","1312","169234","2648985","2649501","1371","150289","161699","2649501","2650011","2409572","2648969","Fraction component detection task","1873","1041976","1899","yes","1280"
"98.6315789474","98.6315789474","548.655789474","548.655789474","#808080","no","legacy","legacy","legacy","0","uniform","1","undefined","undefined","undefined","1","l","8","8","0","1899","0","0","1899","1899","0","0","0","1899","1899","8","1899","Fri Apr 27 13:03:26 2018","#000000","high","8","The main experiment item","yes","","experiment.osexp","/Users/tom/github/sft-fraction/procedure","no","mono","no","24","no","white","no","yes","800","legacy","171","171","8","/Users/tom/github/sft-fraction/results/data/subject-5a.csv","legacy","#757575","low","2","Jazzy James","3.1.9","0","l","NA","space","space","space","l","return","470","NA","148901","11392","7534","470","39948","2","legacy","1024","2","48000","-16","experiment","5","odd","present","2449601","2449601","NA","2640956","1312","169234","2650101","2650618","1371","150289","161699","2650619","2651114","2409572","2650080","Fraction component detection task","1874","1042446","1900","yes","1280"
"98.6322987901","98.6322987901","548.597054182","548.597054182","#808080","no","legacy","legacy","legacy","0","uniform","1","undefined","undefined","undefined","1","l","8","8","0","1900","0","0","1900","1900","0","0","0","1900","1900","8","1900","Fri Apr 27 13:03:26 2018","#000000","high","2","The main experiment item","yes","","experiment.osexp","/Users/tom/github/sft-fraction/procedure","no","mono","no","24","no","white","no","yes","800","legacy","172","172","8","/Users/tom/github/sft-fraction/results/data/subject-5a.csv","legacy","#000000","high","8","Jazzy James","3.1.9","0","l","NA","space","space","space","l","return","437","NA","148901","11392","7534","437","39948","2","legacy","1024","2","48000","-16","experiment","5","odd","present","2449601","2449601","NA","2640956","1312","169234","2651206","2651724","1371","150289","161699","2651724","2652187","2409572","2651187","Fraction component detection task","1875","1042883","1901","yes","1280"
"98.6330178759","98.6330178759","548.538906414","548.538906414","#808080","no","legacy","legacy","legacy","0","uniform","1","undefined","undefined","undefined","1","a","8","8","0","1901","0","0","1901","1901","0","0","0","1901","1901","8","1901","Fri Apr 27 13:03:26 2018","#757575","low","2","The main experiment item","yes","","experiment.osexp","/Users/tom/github/sft-fraction/procedure","no","mono","no","24","no","white","no","yes","800","legacy","173","173","8","/Users/tom/github/sft-fraction/results/data/subject-5a.csv","legacy","#000000","high","2","Jazzy James","3.1.9","0","a","NA","space","space","space","a","return","438","NA","148901","11392","7534","438","39948","2","legacy","1024","2","48000","-16","experiment","5","odd","absent","2449601","2449601","NA","2640956","1312","169234","2652278","2652795","1371","150289","161699","2652795","2653264","2409572","2652261","Fraction component detection task","1876","1043321","1902","yes","1280"
"98.633736206","98.633736206","548.539148713","548.539148713","#808080","no","legacy","legacy","legacy","0","uniform","1","undefined","undefined","undefined","1","l","8","8","0","1902","0","0","1902","1902","0","0","0","1902","1902","8","1902","Fri Apr 27 13:03:26 2018","#757575","low","6","The main experiment item","yes","","experiment.osexp","/Users/tom/github/sft-fraction/procedure","no","mono","no","24","no","white","no","yes","800","legacy","174","174","8","/Users/tom/github/sft-fraction/results/data/subject-5a.csv","legacy","#000000","high","2","Jazzy James","3.1.9","0","l","NA","space","space","space","l","return","549","NA","148901","11392","7534","549","39948","2","legacy","1024","2","48000","-16","experiment","5","odd","present","2449601","2449601","NA","2640956","1312","169234","2653352","2653868","1371","150289","161699","2653869","2654447","2409572","2653336","Fraction component detection task","1877","1043870","1903","yes","1280"
"98.6344537815","98.6344537815","548.526260504","548.526260504","#808080","no","legacy","legacy","legacy","0","uniform","1","undefined","undefined","undefined","1","a","8","8","0","1903","0","0","1903","1903","0","0","0","1903","1903","8","1903","Fri Apr 27 13:03:26 2018","#000000","high","2","The main experiment item","yes","","experiment.osexp","/Users/tom/github/sft-fraction/procedure","no","mono","no","24","no","white","no","yes","800","legacy","175","175","8","/Users/tom/github/sft-fraction/results/data/subject-5a.csv","legacy","#000000","high","3","Jazzy James","3.1.9","0","a","NA","space","space","space","a","return","524","NA","148901","11392","7534","524","39948","2","legacy","1024","2","48000","-16","experiment","5","odd","absent","2449601","2449601","NA","2640956","1312","169234","2654533","2655053","1371","150289","161699","2655054","2655609","2409572","2654517","Fraction component detection task","1878","1044394","1904","yes","1280"
"98.6351706037","98.6351706037","548.502887139","548.502887139","#808080","no","legacy","legacy","legacy","0","uniform","1","undefined","undefined","undefined","1","l","8","8","0","1904","0","0","1904","1904","0","0","0","1904","1904","8","1904","Fri Apr 27 13:03:26 2018","#757575","low","6","The main experiment item","yes","","experiment.osexp","/Users/tom/github/sft-fraction/procedure","no","mono","no","24","no","white","no","yes","800","legacy","176","176","8","/Users/tom/github/sft-fraction/results/data/subject-5a.csv","legacy","#000000","high","4","Jazzy James","3.1.9","0","l","NA","space","space","space","l","return","504","NA","148901","11392","7534","504","39948","2","legacy","1024","2","48000","-16","experiment","5","odd","present","2449601","2449601","NA","2640956","1312","169234","2655697","2656217","1371","150289","161699","2656218","2656750","2409572","2655678","Fraction component detection task","1879","1044898","1905","yes","1280"
"98.6358866737","98.6358866737","548.467995803","548.467995803","#808080","no","legacy","legacy","legacy","0","uniform","1","undefined","undefined","undefined","1","a","8","8","0","1905","0","0","1905","1905","0","0","0","1905","1905","8","1905","Fri Apr 27 13:03:26 2018","#000000","high","2","The main experiment item","yes","","experiment.osexp","/Users/tom/github/sft-fraction/procedure","no","mono","no","24","no","white","no","yes","800","legacy","177","177","8","/Users/tom/github/sft-fraction/results/data/subject-5a.csv","legacy","#000000","high","4","Jazzy James","3.1.9","0","a","NA","space","space","space","a","return","482","NA","148901","11392","7534","482","39948","2","legacy","1024","2","48000","-16","experiment","5","odd","absent","2449601","2449601","NA","2640956","1312","169234","2656835","2657352","1371","150289","161699","2657352","2657859","2409572","2656819","Fraction component detection task","1880","1045380","1906","yes","1280"
"98.6366019927","98.6366019927","548.45097011","548.45097011","#808080","no","legacy","legacy","legacy","0","uniform","1","undefined","undefined","undefined","1","l","8","8","0","1906","0","0","1906","1906","0","0","0","1906","1906","8","1906","Fri Apr 27 13:03:26 2018","#757575","low","6","The main experiment item","yes","","experiment.osexp","/Users/tom/github/sft-fraction/procedure","no","mono","no","24","no","white","no","yes","800","legacy","178","178","8","/Users/tom/github/sft-fraction/results/data/subject-5a.csv","legacy","#757575","low","3","Jazzy James","3.1.9","0","l","NA","space","space","space","l","return","516","NA","148901","11392","7534","516","39948","2","legacy","1024","2","48000","-16","experiment","5","odd","present","2449601","2449601","NA","2640956","1312","169234","2657944","2658462","1371","150289","161699","2658462","2659008","2409572","2657928","Fraction component detection task","1881","1045896","1907","yes","1280"
"98.6373165618","98.6373165618","548.463836478","548.463836478","#808080","no","legacy","legacy","legacy","0","uniform","1","undefined","undefined","undefined","1","a","8","8","0","1907","0","0","1907","1907","0","0","0","1907","1907","8","1907","Fri Apr 27 13:03:26 2018","#000000","high","3","The main experiment item","yes","","experiment.osexp","/Users/tom/github/sft-fraction/procedure","no","mono","no","24","no","white","no","yes","800","legacy","179","179","8","/Users/tom/github/sft-fraction/results/data/subject-5a.csv","legacy","#000000","high","4","Jazzy James","3.1.9","0","a","NA","space","space","space","a","return","573","NA","148901","11392","7534","573","39948","2","legacy","1024","2","48000","-16","experiment","5","odd","absent","2449601","2449601","NA","2640956","1312","169234","2659094","2659611","1371","150289","161699","2659612","2660216","2409572","2659077","Fraction component detection task","1882","1046469","1908","yes","1280"
"98.6380303824","98.6380303824","548.430068098","548.430068098","#808080","no","legacy","legacy","legacy","0","uniform","1","undefined","undefined","undefined","1","l","8","8","0","1908","0","0","1908","1908","0","0","0","1908","1908","8","1908","Fri Apr 27 13:03:26 2018","#000000","high","4","The main experiment item","yes","","experiment.osexp","/Users/tom/github/sft-fraction/procedure","no","mono","no","24","no","white","no","yes","800","legacy","180","180","8","/Users/tom/github/sft-fraction/results/data/subject-5a.csv","legacy","#000000","high","7","Jazzy James","3.1.9","0","l","NA","space","space","space","l","return","484","NA","148901","11392","7534","484","39948","2","legacy","1024","2","48000","-16","experiment","5","odd","present","2449601","2449601","NA","2640956","1312","169234","2660304","2660821","1371","150289","161699","2660821","2661332","2409572","2660285","Fraction component detection task","1883","1046953","1909","yes","1280"
"98.6387434555","98.6387434555","548.439790576","548.439790576","#808080","no","legacy","legacy","legacy","0","uniform","1","undefined","undefined","undefined","1","l","8","8","0","1909","0","0","1909","1909","0","0","0","1909","1909","8","1909","Fri Apr 27 13:03:26 2018","#757575","low","6","The main experiment item","yes","","experiment.osexp","/Users/tom/github/sft-fraction/procedure","no","mono","no","24","no","white","no","yes","800","legacy","181","181","8","/Users/tom/github/sft-fraction/results/data/subject-5a.csv","legacy","#757575","low","4","Jazzy James","3.1.9","0","l","NA","space","space","space","l","return","567","NA","148901","11392","7534","567","39948","2","legacy","1024","2","48000","-16","experiment","5","odd","present","2449601","2449601","NA","2640956","1312","169234","2661424","2661940","1371","150289","161699","2661940","2662533","2409572","2661403","Fraction component detection task","1884","1047520","1910","yes","1280"
"98.6394557823","98.6394557823","548.434850863","548.434850863","#808080","no","legacy","legacy","legacy","0","uniform","1","undefined","undefined","undefined","1","a","8","8","0","1910","0","0","1910","1910","0","0","0","1910","1910","8","1910","Fri Apr 27 13:03:26 2018","#757575","low","3","The main experiment item","yes","","experiment.osexp","/Users/tom/github/sft-fraction/procedure","no","mono","no","24","no","white","no","yes","800","legacy","182","182","8","/Users/tom/github/sft-fraction/results/data/subject-5a.csv","legacy","#000000","high","4","Jazzy James","3.1.9","0","a","NA","space","space","space","a","return","539","NA","148901","11392","7534","539","39948","2","legacy","1024","2","48000","-16","experiment","5","odd","absent","2449601","2449601","NA","2640956","1312","169234","2662619","2663135","1371","150289","161699","2663135","2663700","2409572","2662603","Fraction component detection task","1885","1048059","1911","yes","1280"
"98.640167364","98.640167364","548.425209205","548.425209205","#808080","no","legacy","legacy","legacy","0","uniform","1","undefined","undefined","undefined","1","l","8","8","0","1911","0","0","1911","1911","0","0","0","1911","1911","8","1911","Fri Apr 27 13:03:26 2018","#757575","low","8","The main experiment item","yes","","experiment.osexp","/Users/tom/github/sft-fraction/procedure","no","mono","no","24","no","white","no","yes","800","legacy","183","183","8","/Users/tom/github/sft-fraction/results/data/subject-5a.csv","legacy","#757575","low","4","Jazzy James","3.1.9","0","l","NA","space","space","space","l","return","530","NA","148901","11392","7534","530","39948","2","legacy","1024","2","48000","-16","experiment","5","odd","present","2449601","2449601","NA","2640956","1312","169234","2663787","2664304","1371","150289","161699","2664305","2664859","2409572","2663771","Fraction component detection task","1886","1048589","1912","yes","1280"
"98.6408782018","98.6408782018","548.502875065","548.502875065","#808080","no","legacy","legacy","legacy","0","uniform","1","undefined","undefined","undefined","1","a","8","8","0","1912","0","0","1912","1912","0","0","0","1912","1912","8","1912","Fri Apr 27 13:03:26 2018","#757575","low","2","The main experiment item","yes","","experiment.osexp","/Users/tom/github/sft-fraction/procedure","no","mono","no","24","no","white","no","yes","800","legacy","184","184","8","/Users/tom/github/sft-fraction/results/data/subject-5a.csv","legacy","#757575","low","3","Jazzy James","3.1.9","0","a","NA","space","space","space","a","return","697","NA","148901","11392","7534","697","39948","2","legacy","1024","2","48000","-16","experiment","5","odd","absent","2449601","2449601","NA","2640956","1312","169234","2664949","2665465","1371","150289","161699","2665465","2666188","2409572","2664933","Fraction component detection task","1887","1049286","1913","yes","1280"
"98.6415882968","98.6415882968","548.459247649","548.459247649","#808080","no","legacy","legacy","legacy","0","uniform","1","undefined","undefined","undefined","1","a","8","8","0","1913","0","0","1913","1913","0","0","0","1913","1913","8","1913","Fri Apr 27 13:03:26 2018","#000000","high","4","The main experiment item","yes","","experiment.osexp","/Users/tom/github/sft-fraction/procedure","no","mono","no","24","no","white","no","yes","800","legacy","185","185","8","/Users/tom/github/sft-fraction/results/data/subject-5a.csv","legacy","#757575","low","2","Jazzy James","3.1.9","0","a","NA","space","space","space","a","return","465","NA","148901","11392","7534","465","39948","2","legacy","1024","2","48000","-16","experiment","5","odd","absent","2449601","2449601","NA","2640956","1312","169234","2666281","2666800","1371","150289","161699","2666801","2667291","2409572","2666265","Fraction component detection task","1888","1049751","1914","yes","1280"
"98.6422976501","98.6422976501","548.444386423","548.444386423","#808080","no","legacy","legacy","legacy","0","uniform","1","undefined","undefined","undefined","1","l","8","8","0","1914","0","0","1914","1914","0","0","0","1914","1914","8","1914","Fri Apr 27 13:03:26 2018","#000000","high","8","The main experiment item","yes","","experiment.osexp","/Users/tom/github/sft-fraction/procedure","no","mono","no","24","no","white","no","yes","800","legacy","186","186","8","/Users/tom/github/sft-fraction/results/data/subject-5a.csv","legacy","#000000","high","6","Jazzy James","3.1.9","0","l","NA","space","space","space","l","return","520","NA","148901","11392","7534","520","39948","2","legacy","1024","2","48000","-16","experiment","5","odd","present","2449601","2449601","NA","2640956","1312","169234","2667381","2667898","1371","150289","161699","2667899","2668445","2409572","2667358","Fraction component detection task","1889","1050271","1915","yes","1280"
"98.643006263","98.643006263","548.592379958","548.592379958","#808080","no","legacy","legacy","legacy","0","uniform","1","undefined","undefined","undefined","1","a","8","8","0","1915","0","0","1915","1915","0","0","0","1915","1915","8","1915","Fri Apr 27 13:03:26 2018","#000000","high","3","The main experiment item","yes","","experiment.osexp","/Users/tom/github/sft-fraction/procedure","no","mono","no","24","no","white","no","yes","800","legacy","187","187","8","/Users/tom/github/sft-fraction/results/data/subject-5a.csv","legacy","#000000","high","3","Jazzy James","3.1.9","0","a","NA","space","space","space","a","return","832","NA","148901","11392","7534","832","39948","2","legacy","1024","2","48000","-16","experiment","5","odd","absent","2449601","2449601","NA","2640956","1312","169234","2668527","2669043","1371","150289","161699","2669043","2669900","2409572","2668512","Fraction component detection task","1890","1051103","1916","yes","1280"
"98.6437141367","98.6437141367","548.61971831","548.61971831","#808080","no","legacy","legacy","legacy","0","uniform","1","undefined","undefined","undefined","1","a","8","8","0","1916","0","0","1916","1916","0","0","0","1916","1916","8","1916","Fri Apr 27 13:03:26 2018","#757575","low","3","The main experiment item","yes","","experiment.osexp","/Users/tom/github/sft-fraction/procedure","no","mono","no","24","no","white","no","yes","800","legacy","188","188","8","/Users/tom/github/sft-fraction/results/data/subject-5a.csv","legacy","#000000","high","4","Jazzy James","3.1.9","0","a","NA","space","space","space","a","return","601","NA","148901","11392","7534","601","39948","2","legacy","1024","2","48000","-16","experiment","5","odd","absent","2449601","2449601","NA","2640956","1312","169234","2669992","2670513","1371","150289","161699","2670513","2671143","2409572","2669973","Fraction component detection task","1891","1051704","1917","yes","1280"
"98.6444212722","98.6444212722","548.556308655","548.556308655","#808080","no","legacy","legacy","legacy","0","uniform","1","undefined","undefined","undefined","1","a","8","8","0","1917","0","0","1917","1917","0","0","0","1917","1917","8","1917","Fri Apr 27 13:03:26 2018","#000000","high","4","The main experiment item","yes","","experiment.osexp","/Users/tom/github/sft-fraction/procedure","no","mono","no","24","no","white","no","yes","800","legacy","189","189","8","/Users/tom/github/sft-fraction/results/data/subject-5a.csv","legacy","#000000","high","2","Jazzy James","3.1.9","0","a","NA","space","space","space","a","return","427","NA","148901","11392","7534","427","39948","2","legacy","1024","2","48000","-16","experiment","5","odd","absent","2449601","2449601","NA","2640956","1312","169234","2671233","2671751","1371","150289","161699","2671751","2672215","2409572","2671217","Fraction component detection task","1892","1052131","1918","yes","1280"
"98.6451276707","98.6451276707","548.598228244","548.598228244","#808080","no","legacy","legacy","legacy","0","uniform","1","undefined","undefined","undefined","1","l","8","8","0","1918","0","0","1918","1918","0","0","0","1918","1918","8","1918","Fri Apr 27 13:03:26 2018","#000000","high","7","The main experiment item","yes","","experiment.osexp","/Users/tom/github/sft-fraction/procedure","no","mono","no","24","no","white","no","yes","800","legacy","190","190","8","/Users/tom/github/sft-fraction/results/data/subject-5a.csv","legacy","#757575","low","2","Jazzy James","3.1.9","0","l","NA","space","space","space","l","return","629","NA","148901","11392","7534","629","39948","2","legacy","1024","2","48000","-16","experiment","5","odd","present","2449601","2449601","NA","2640956","1312","169234","2672297","2672814","1371","150289","161699","2672814","2673477","2409572","2672279","Fraction component detection task","1893","1052760","1919","yes","1280"
"98.6458333333","98.6458333333","548.540104167","548.540104167","#808080","no","legacy","legacy","legacy","0","uniform","1","undefined","undefined","undefined","1","l","8","8","0","1919","0","0","1919","1919","0","0","0","1919","1919","8","1919","Fri Apr 27 13:03:26 2018","#000000","high","7","The main experiment item","yes","","experiment.osexp","/Users/tom/github/sft-fraction/procedure","no","mono","no","24","no","white","no","yes","800","legacy","191","191","8","/Users/tom/github/sft-fraction/results/data/subject-5a.csv","legacy","#757575","low","3","Jazzy James","3.1.9","0","l","NA","space","space","space","l","return","437","NA","148901","11392","7534","437","39948","2","legacy","1024","2","48000","-16","experiment","5","odd","present","2449601","2449601","NA","2640956","1312","169234","2673562","2674078","1371","150289","161699","2674078","2674540","2409572","2673543","Fraction component detection task","1894","1053197","1920","yes","1280"
"98.6465382613","98.6465382613","548.553878188","548.553878188","#808080","no","legacy","legacy","legacy","0","uniform","1","undefined","undefined","undefined","1","a","8","8","0","1920","0","0","1920","1920","0","0","0","1920","1920","8","1920","Fri Apr 27 13:03:26 2018","#000000","high","2","The main experiment item","yes","","experiment.osexp","/Users/tom/github/sft-fraction/procedure","no","mono","no","24","no","white","no","yes","800","legacy","192","192","8","/Users/tom/github/sft-fraction/results/data/subject-5a.csv","legacy","#757575","low","2","Jazzy James","3.1.9","0","a","NA","space","space","space","a","return","575","NA","148901","11392","7534","575","39948","2","legacy","1024","2","48000","-16","experiment","5","odd","absent","2449601","2449601","NA","2640956","1312","169234","2674624","2675140","1371","150289","161699","2675140","2675744","2409572","2674608","Fraction component detection task","1895","1053772","1921","yes","1280"
"98.6472424558","98.6472424558","548.52653486","548.52653486","#808080","no","legacy","legacy","legacy","0","uniform","1","undefined","undefined","undefined","1","l","8","8","0","1921","0","0","1921","1921","0","0","0","1921","1921","8","1921","Fri Apr 27 13:03:26 2018","#000000","high","3","The main experiment item","yes","","experiment.osexp","/Users/tom/github/sft-fraction/procedure","no","mono","no","24","no","white","no","yes","800","legacy","193","193","8","/Users/tom/github/sft-fraction/results/data/subject-5a.csv","legacy","#757575","low","8","Jazzy James","3.1.9","0","l","NA","space","space","space","l","return","496","NA","148901","11392","7534","496","39948","2","legacy","1024","2","48000","-16","experiment","5","odd","present","2449601","2449601","NA","2640956","1312","169234","2675833","2676355","1371","150289","161699","2676355","2676877","2409572","2675818","Fraction component detection task","1896","1054268","1922","yes","1280"
"98.6479459178","98.6479459178","548.471658866","548.471658866","#808080","no","legacy","legacy","legacy","0","uniform","1","undefined","undefined","undefined","1","l","8","8","0","1922","0","0","1922","1922","0","0","0","1922","1922","8","1922","Fri Apr 27 13:03:26 2018","#000000","high","3","The main experiment item","yes","","experiment.osexp","/Users/tom/github/sft-fraction/procedure","no","mono","no","24","no","white","no","yes","800","legacy","194","194","8","/Users/tom/github/sft-fraction/results/data/subject-5a.csv","legacy","#757575","low","7","Jazzy James","3.1.9","0","l","NA","space","space","space","l","return","443","NA","148901","11392","7534","443","39948","2","legacy","1024","2","48000","-16","experiment","5","odd","present","2449601","2449601","NA","2640956","1312","169234","2676958","2677480","1371","150289","161699","2677480","2677950","2409572","2676943","Fraction component detection task","1897","1054711","1923","yes","1280"
"98.6486486486","98.6486486486","548.426195426","548.426195426","#808080","no","legacy","legacy","legacy","0","uniform","1","undefined","undefined","undefined","1","a","8","8","0","1923","0","0","1923","1923","0","0","0","1923","1923","8","1923","Fri Apr 27 13:03:26 2018","#757575","low","2","The main experiment item","yes","","experiment.osexp","/Users/tom/github/sft-fraction/procedure","no","mono","no","24","no","white","no","yes","800","legacy","195","195","8","/Users/tom/github/sft-fraction/results/data/subject-5a.csv","legacy","#757575","low","3","Jazzy James","3.1.9","0","a","NA","space","space","space","a","return","461","NA","148901","11392","7534","461","39948","2","legacy","1024","2","48000","-16","experiment","5","odd","absent","2449601","2449601","NA","2640956","1312","169234","2678032","2678549","1371","150289","161699","2678549","2679041","2409572","2678016","Fraction component detection task","1898","1055172","1924","yes","1280"
"98.6493506494","98.6493506494","548.497142857","548.497142857","#808080","no","legacy","legacy","legacy","0","uniform","1","undefined","undefined","undefined","1","a","8","8","0","1924","0","0","1924","1924","0","0","0","1924","1924","8","1924","Fri Apr 27 13:03:26 2018","#000000","high","3","The main experiment item","yes","","experiment.osexp","/Users/tom/github/sft-fraction/procedure","no","mono","no","24","no","white","no","yes","800","legacy","196","196","8","/Users/tom/github/sft-fraction/results/data/subject-5a.csv","legacy","#757575","low","4","Jazzy James","3.1.9","0","a","NA","space","space","space","a","return","685","NA","148901","11392","7534","685","39948","2","legacy","1024","2","48000","-16","experiment","5","odd","absent","2449601","2449601","NA","2640956","1312","169234","2679128","2679646","1371","150289","161699","2679646","2680357","2409572","2679108","Fraction component detection task","1899","1055857","1925","yes","1280"
"98.6500519211","98.6500519211","548.440290758","548.440290758","#808080","no","legacy","legacy","legacy","0","uniform","1","undefined","undefined","undefined","1","l","8","8","0","1925","0","0","1925","1925","0","0","0","1925","1925","8","1925","Fri Apr 27 13:03:26 2018","#757575","low","3","The main experiment item","yes","","experiment.osexp","/Users/tom/github/sft-fraction/procedure","no","mono","no","24","no","white","no","yes","800","legacy","197","197","8","/Users/tom/github/sft-fraction/results/data/subject-5a.csv","legacy","#000000","high","6","Jazzy James","3.1.9","0","l","NA","space","space","space","l","return","439","NA","148901","11392","7534","439","39948","2","legacy","1024","2","48000","-16","experiment","5","odd","present","2449601","2449601","NA","2640956","1312","169234","2680445","2680963","1371","150289","161699","2680964","2681431","2409572","2680429","Fraction component detection task","1900","1056296","1926","yes","1280"
"98.650752465","98.650752465","548.381421899","548.381421899","#808080","no","legacy","legacy","legacy","0","uniform","1","undefined","undefined","undefined","1","l","8","8","0","1926","0","0","1926","1926","0","0","0","1926","1926","8","1926","Fri Apr 27 13:03:26 2018","#000000","high","4","The main experiment item","yes","","experiment.osexp","/Users/tom/github/sft-fraction/procedure","no","mono","no","24","no","white","no","yes","800","legacy","198","198","8","/Users/tom/github/sft-fraction/results/data/subject-5a.csv","legacy","#757575","low","8","Jazzy James","3.1.9","0","l","NA","space","space","space","l","return","435","NA","148901","11392","7534","435","39948","2","legacy","1024","2","48000","-16","experiment","5","odd","present","2449601","2449601","NA","2640956","1312","169234","2681514","2682031","1371","150289","161699","2682032","2682494","2409572","2681499","Fraction component detection task","1901","1056731","1927","yes","1280"
"98.6514522822","98.6514522822","548.451244813","548.451244813","#808080","no","legacy","legacy","legacy","0","uniform","1","undefined","undefined","undefined","1","a","8","8","0","1927","0","0","1927","1927","0","0","0","1927","1927","8","1927","Fri Apr 27 13:03:26 2018","#757575","low","3","The main experiment item","yes","","experiment.osexp","/Users/tom/github/sft-fraction/procedure","no","mono","no","24","no","white","no","yes","800","legacy","199","199","8","/Users/tom/github/sft-fraction/results/data/subject-5a.csv","legacy","#757575","low","4","Jazzy James","3.1.9","0","a","NA","space","space","space","a","return","683","NA","148901","11392","7534","683","39948","2","legacy","1024","2","48000","-16","experiment","5","odd","absent","2449601","2449601","NA","2640956","1312","169234","2682587","2683104","1371","150289","161699","2683104","2683813","2409572","2682570","Fraction component detection task","1902","1057414","1928","yes","1280"
"98.6521513738","98.6521513738","548.405909798","548.405909798","#808080","no","legacy","legacy","legacy","0","uniform","1","undefined","undefined","undefined","1","l","8","8","0","1928","0","0","1928","1928","0","0","0","1928","1928","8","1928","Fri Apr 27 13:03:26 2018","#000000","high","8","The main experiment item","yes","","experiment.osexp","/Users/tom/github/sft-fraction/procedure","no","mono","no","24","no","white","no","yes","800","legacy","200","200","8","/Users/tom/github/sft-fraction/results/data/subject-5a.csv","legacy","#000000","high","2","Jazzy James","3.1.9","0","l","NA","space","space","space","l","return","461","NA","148901","11392","7534","461","39948","2","legacy","1024","2","48000","-16","experiment","5","odd","present","2449601","2449601","NA","2640956","1312","169234","2683893","2684415","1371","150289","161699","2684415","2684901","2409572","2683877","Fraction component detection task","1903","1057875","1929","yes","1280"
"98.6528497409","98.6528497409","548.390673575","548.390673575","#808080","no","legacy","legacy","legacy","0","uniform","1","undefined","undefined","undefined","1","a","8","8","0","1929","0","0","1929","1929","0","0","0","1929","1929","8","1929","Fri Apr 27 13:03:26 2018","#757575","low","3","The main experiment item","yes","","experiment.osexp","/Users/tom/github/sft-fraction/procedure","no","mono","no","24","no","white","no","yes","800","legacy","201","201","8","/Users/tom/github/sft-fraction/results/data/subject-5a.csv","legacy","#757575","low","2","Jazzy James","3.1.9","0","a","NA","space","space","space","a","return","519","NA","148901","11392","7534","519","39948","2","legacy","1024","2","48000","-16","experiment","5","odd","absent","2449601","2449601","NA","2640956","1312","169234","2684990","2685508","1371","150289","161699","2685508","2686060","2409572","2684969","Fraction component detection task","1904","1058394","1930","yes","1280"
"98.6535473848","98.6535473848","548.388917659","548.388917659","#808080","no","legacy","legacy","legacy","0","uniform","1","undefined","undefined","undefined","1","a","8","8","0","1930","0","0","1930","1930","0","0","0","1930","1930","8","1930","Fri Apr 27 13:03:26 2018","#757575","low","2","The main experiment item","yes","","experiment.osexp","/Users/tom/github/sft-fraction/procedure","no","mono","no","24","no","white","no","yes","800","legacy","202","202","8","/Users/tom/github/sft-fraction/results/data/subject-5a.csv","legacy","#000000","high","3","Jazzy James","3.1.9","0","a","NA","space","space","space","a","return","545","NA","148901","11392","7534","545","39948","2","legacy","1024","2","48000","-16","experiment","5","odd","absent","2449601","2449601","NA","2640956","1312","169234","2686149","2686666","1371","150289","161699","2686666","2687238","2409572","2686133","Fraction component detection task","1905","1058939","1931","yes","1280"
"98.6542443064","98.6542443064","548.324534161","548.324534161","#808080","no","legacy","legacy","legacy","0","uniform","1","undefined","undefined","undefined","1","a","8","8","0","1931","0","0","1931","1931","0","0","0","1931","1931","8","1931","Fri Apr 27 13:03:26 2018","#757575","low","2","The main experiment item","yes","","experiment.osexp","/Users/tom/github/sft-fraction/procedure","no","mono","no","24","no","white","no","yes","800","legacy","203","203","8","/Users/tom/github/sft-fraction/results/data/subject-5a.csv","legacy","#757575","low","4","Jazzy James","3.1.9","0","a","NA","space","space","space","a","return","424","NA","148901","11392","7534","424","39948","2","legacy","1024","2","48000","-16","experiment","5","odd","absent","2449601","2449601","NA","2640956","1312","169234","2687326","2687843","1371","150289","161699","2687843","2688294","2409572","2687308","Fraction component detection task","1906","1059363","1932","yes","1280"
"98.654940507","98.654940507","548.272633213","548.272633213","#808080","no","legacy","legacy","legacy","0","uniform","1","undefined","undefined","undefined","1","a","8","8","0","1932","0","0","1932","1932","0","0","0","1932","1932","8","1932","Fri Apr 27 13:03:26 2018","#757575","low","2","The main experiment item","yes","","experiment.osexp","/Users/tom/github/sft-fraction/procedure","no","mono","no","24","no","white","no","yes","800","legacy","204","204","8","/Users/tom/github/sft-fraction/results/data/subject-5a.csv","legacy","#000000","high","2","Jazzy James","3.1.9","0","a","NA","space","space","space","a","return","448","NA","148901","11392","7534","448","39948","2","legacy","1024","2","48000","-16","experiment","5","odd","absent","2449601","2449601","NA","2640956","1312","169234","2688385","2688908","1371","150289","161699","2688908","2689384","2409572","2688365","Fraction component detection task","1907","1059811","1933","yes","1280"
"98.6556359876","98.6556359876","548.236814891","548.236814891","#808080","no","legacy","legacy","legacy","0","uniform","1","undefined","undefined","undefined","1","l","8","8","0","1933","0","0","1933","1933","0","0","0","1933","1933","8","1933","Fri Apr 27 13:03:26 2018","#000000","high","3","The main experiment item","yes","","experiment.osexp","/Users/tom/github/sft-fraction/procedure","no","mono","no","24","no","white","no","yes","800","legacy","205","205","8","/Users/tom/github/sft-fraction/results/data/subject-5a.csv","legacy","#000000","high","8","Jazzy James","3.1.9","0","l","NA","space","space","space","l","return","479","NA","148901","11392","7534","479","39948","2","legacy","1024","2","48000","-16","experiment","5","odd","present","2449601","2449601","NA","2640956","1312","169234","2689470","2689989","1371","150289","161699","2689989","2690493","2409572","2689454","Fraction component detection task","1908","1060290","1934","yes","1280"
"98.6563307494","98.6563307494","548.15503876","548.15503876","#808080","no","legacy","legacy","legacy","0","uniform","1","undefined","undefined","undefined","1","l","8","8","0","1934","0","0","1934","1934","0","0","0","1934","1934","8","1934","Fri Apr 27 13:03:26 2018","#757575","low","4","The main experiment item","yes","","experiment.osexp","/Users/tom/github/sft-fraction/procedure","no","mono","no","24","no","white","no","yes","800","legacy","206","206","8","/Users/tom/github/sft-fraction/results/data/subject-5a.csv","legacy","#000000","high","8","Jazzy James","3.1.9","0","l","NA","space","space","space","l","return","390","NA","148901","11392","7534","390","39948","2","legacy","1024","2","48000","-16","experiment","5","odd","present","2449601","2449601","NA","2640956","1312","169234","2690576","2691094","1371","150289","161699","2691094","2691511","2409572","2690560","Fraction component detection task","1909","1060680","1935","yes","1280"
"98.6570247934","98.6570247934","548.170971074","548.170971074","#808080","no","legacy","legacy","legacy","0","uniform","1","undefined","undefined","undefined","1","a","8","8","0","1935","0","0","1935","1935","0","0","0","1935","1935","8","1935","Fri Apr 27 13:03:26 2018","#757575","low","4","The main experiment item","yes","","experiment.osexp","/Users/tom/github/sft-fraction/procedure","no","mono","no","24","no","white","no","yes","800","legacy","207","207","8","/Users/tom/github/sft-fraction/results/data/subject-5a.csv","legacy","#000000","high","3","Jazzy James","3.1.9","0","a","NA","space","space","space","a","return","579","NA","148901","11392","7534","579","39948","2","legacy","1024","2","48000","-16","experiment","5","odd","absent","2449601","2449601","NA","2640956","1312","169234","2691604","2692121","1371","150289","161699","2692121","2692729","2409572","2691583","Fraction component detection task","1910","1061259","1936","yes","1280"
"98.6577181208","98.6577181208","548.153846154","548.153846154","#808080","no","legacy","legacy","legacy","0","uniform","1","undefined","undefined","undefined","1","a","8","8","0","1936","0","0","1936","1936","0","0","0","1936","1936","8","1936","Fri Apr 27 13:03:26 2018","#000000","high","3","The main experiment item","yes","","experiment.osexp","/Users/tom/github/sft-fraction/procedure","no","mono","no","24","no","white","no","yes","800","legacy","208","208","8","/Users/tom/github/sft-fraction/results/data/subject-5a.csv","legacy","#757575","low","2","Jazzy James","3.1.9","0","a","NA","space","space","space","a","return","515","NA","148901","11392","7534","515","39948","2","legacy","1024","2","48000","-16","experiment","5","odd","absent","2449601","2449601","NA","2640956","1312","169234","2692820","2693336","1371","150289","161699","2693337","2693884","2409572","2692799","Fraction component detection task","1911","1061774","1937","yes","1280"
"98.6584107327","98.6584107327","548.090299278","548.090299278","#808080","no","legacy","legacy","legacy","0","uniform","1","undefined","undefined","undefined","1","a","8","8","0","1937","0","0","1937","1937","0","0","0","1937","1937","8","1937","Fri Apr 27 13:03:26 2018","#000000","high","4","The main experiment item","yes","","experiment.osexp","/Users/tom/github/sft-fraction/procedure","no","mono","no","24","no","white","no","yes","800","legacy","209","209","8","/Users/tom/github/sft-fraction/results/data/subject-5a.csv","legacy","#757575","low","4","Jazzy James","3.1.9","0","a","NA","space","space","space","a","return","425","NA","148901","11392","7534","425","39948","2","legacy","1024","2","48000","-16","experiment","5","odd","absent","2449601","2449601","NA","2640956","1312","169234","2693966","2694483","1371","150289","161699","2694483","2694935","2409572","2693951","Fraction component detection task","1912","1062199","1938","yes","1280"
"98.6591026302","98.6591026302","548.035069624","548.035069624","#808080","no","legacy","legacy","legacy","0","uniform","1","undefined","undefined","undefined","1","a","8","8","0","1938","0","0","1938","1938","0","0","0","1938","1938","8","1938","Fri Apr 27 13:03:26 2018","#757575","low","2","The main experiment item","yes","","experiment.osexp","/Users/tom/github/sft-fraction/procedure","no","mono","no","24","no","white","no","yes","800","legacy","210","210","8","/Users/tom/github/sft-fraction/results/data/subject-5a.csv","legacy","#000000","high","4","Jazzy James","3.1.9","0","a","NA","space","space","space","a","return","441","NA","148901","11392","7534","441","39948","2","legacy","1024","2","48000","-16","experiment","5","odd","absent","2449601","2449601","NA","2640956","1312","169234","2695032","2695555","1371","150289","161699","2695555","2696025","2409572","2695011","Fraction component detection task","1913","1062640","1939","yes","1280"
"98.6597938144","98.6597938144","548.047938144","548.047938144","#808080","no","legacy","legacy","legacy","0","uniform","1","undefined","undefined","undefined","1","l","8","8","0","1939","0","0","1939","1939","0","0","0","1939","1939","8","1939","Fri Apr 27 13:03:26 2018","#757575","low","8","The main experiment item","yes","","experiment.osexp","/Users/tom/github/sft-fraction/procedure","no","mono","no","24","no","white","no","yes","800","legacy","211","211","8","/Users/tom/github/sft-fraction/results/data/subject-5a.csv","legacy","#757575","low","7","Jazzy James","3.1.9","0","l","NA","space","space","space","l","return","573","NA","148901","11392","7534","573","39948","2","legacy","1024","2","48000","-16","experiment","5","odd","present","2449601","2449601","NA","2640956","1312","169234","2696113","2696630","1371","150289","161699","2696630","2697231","2409572","2696097","Fraction component detection task","1914","1063213","1940","yes","1280"
"98.6604842865","98.6604842865","548.04997424","548.04997424","#808080","no","legacy","legacy","legacy","0","uniform","1","undefined","undefined","undefined","1","a","8","8","0","1940","0","0","1940","1940","0","0","0","1940","1940","8","1940","Fri Apr 27 13:03:26 2018","#757575","low","4","The main experiment item","yes","","experiment.osexp","/Users/tom/github/sft-fraction/procedure","no","mono","no","24","no","white","no","yes","800","legacy","212","212","8","/Users/tom/github/sft-fraction/results/data/subject-5a.csv","legacy","#000000","high","2","Jazzy James","3.1.9","0","a","NA","space","space","space","a","return","552","NA","148901","11392","7534","552","39948","2","legacy","1024","2","48000","-16","experiment","5","odd","absent","2449601","2449601","NA","2640956","1312","169234","2697319","2697835","1371","150289","161699","2697836","2698414","2409572","2697302","Fraction component detection task","1915","1063765","1941","yes","1280"
"98.6611740474","98.6611740474","547.979917611","547.979917611","#808080","no","legacy","legacy","legacy","0","uniform","1","undefined","undefined","undefined","1","a","8","8","0","1941","0","0","1941","1941","0","0","0","1941","1941","8","1941","Fri Apr 27 13:03:26 2018","#000000","high","3","The main experiment item","yes","","experiment.osexp","/Users/tom/github/sft-fraction/procedure","no","mono","no","24","no","white","no","yes","800","legacy","213","213","8","/Users/tom/github/sft-fraction/results/data/subject-5a.csv","legacy","#000000","high","2","Jazzy James","3.1.9","0","a","NA","space","space","space","a","return","412","NA","148901","11392","7534","412","39948","2","legacy","1024","2","48000","-16","experiment","5","odd","absent","2449601","2449601","NA","2640956","1312","169234","2698500","2699016","1371","150289","161699","2699016","2699454","2409572","2698484","Fraction component detection task","1916","1064177","1942","yes","1280"
"98.6618630983","98.6618630983","547.917653114","547.917653114","#808080","no","legacy","legacy","legacy","0","uniform","1","undefined","undefined","undefined","1","a","8","8","0","1942","0","0","1942","1942","0","0","0","1942","1942","8","1942","Fri Apr 27 13:03:26 2018","#000000","high","2","The main experiment item","yes","","experiment.osexp","/Users/tom/github/sft-fraction/procedure","no","mono","no","24","no","white","no","yes","800","legacy","214","214","8","/Users/tom/github/sft-fraction/results/data/subject-5a.csv","legacy","#757575","low","3","Jazzy James","3.1.9","0","a","NA","space","space","space","a","return","427","NA","148901","11392","7534","427","39948","2","legacy","1024","2","48000","-16","experiment","5","odd","absent","2449601","2449601","NA","2640956","1312","169234","2699541","2700057","1371","150289","161699","2700057","2700512","2409572","2699525","Fraction component detection task","1917","1064604","1943","yes","1280"
"98.6625514403","98.6625514403","547.846707819","547.846707819","#808080","no","legacy","legacy","legacy","0","uniform","1","undefined","undefined","undefined","1","a","8","8","0","1943","0","0","1943","1943","0","0","0","1943","1943","8","1943","Fri Apr 27 13:03:26 2018","#757575","low","3","The main experiment item","yes","","experiment.osexp","/Users/tom/github/sft-fraction/procedure","no","mono","no","24","no","white","no","yes","800","legacy","215","215","8","/Users/tom/github/sft-fraction/results/data/subject-5a.csv","legacy","#757575","low","4","Jazzy James","3.1.9","0","a","NA","space","space","space","a","return","410","NA","148901","11392","7534","410","39948","2","legacy","1024","2","48000","-16","experiment","5","odd","absent","2449601","2449601","NA","2640956","1312","169234","2700597","2701114","1371","150289","161699","2701114","2701556","2409572","2700582","Fraction component detection task","1918","1065014","1944","yes","1280"
"98.6632390746","98.6632390746","548.005141388","548.005141388","#808080","no","legacy","legacy","legacy","0","uniform","1","undefined","undefined","undefined","1","a","9","9","0","1944","0","0","1944","1944","0","0","0","1944","1944","9","1944","Fri Apr 27 13:03:26 2018","#000000","high","3","The main experiment item","yes","","experiment.osexp","/Users/tom/github/sft-fraction/procedure","no","mono","no","24","no","white","no","yes","800","legacy","0","0","9","/Users/tom/github/sft-fraction/results/data/subject-5a.csv","legacy","#757575","low","4","Jazzy James","3.1.9","0","a","NA","space","space","space","a","return","856","NA","148901","11392","7534","856","24015","2","legacy","1024","2","48000","-16","experiment","5","odd","absent","2725727","2725727","NA","2640956","1312","169234","2725769","2726285","1371","150289","161699","2726285","2727171","2701623","2725752","Fraction component detection task","1919","1065870","1945","yes","1280"
"98.6639260021","98.6639260021","547.960431655","547.960431655","#808080","no","legacy","legacy","legacy","0","uniform","1","undefined","undefined","undefined","1","a","9","9","0","1945","0","0","1945","1945","0","0","0","1945","1945","9","1945","Fri Apr 27 13:03:26 2018","#000000","high","2","The main experiment item","yes","","experiment.osexp","/Users/tom/github/sft-fraction/procedure","no","mono","no","24","no","white","no","yes","800","legacy","1","1","9","/Users/tom/github/sft-fraction/results/data/subject-5a.csv","legacy","#757575","low","3","Jazzy James","3.1.9","0","a","NA","space","space","space","a","return","461","NA","148901","11392","7534","461","24015","2","legacy","1024","2","48000","-16","experiment","5","odd","absent","2725727","2725727","NA","2640956","1312","169234","2727259","2727775","1371","150289","161699","2727776","2728262","2701623","2727243","Fraction component detection task","1920","1066331","1946","yes","1280"
"98.6646122239","98.6646122239","547.915767848","547.915767848","#808080","no","legacy","legacy","legacy","0","uniform","1","undefined","undefined","undefined","1","l","9","9","0","1946","0","0","1946","1946","0","0","0","1946","1946","9","1946","Fri Apr 27 13:03:26 2018","#757575","low","7","The main experiment item","yes","","experiment.osexp","/Users/tom/github/sft-fraction/procedure","no","mono","no","24","no","white","no","yes","800","legacy","2","2","9","/Users/tom/github/sft-fraction/results/data/subject-5a.csv","legacy","#757575","low","8","Jazzy James","3.1.9","0","l","NA","space","space","space","l","return","461","NA","148901","11392","7534","461","24015","2","legacy","1024","2","48000","-16","experiment","5","odd","present","2725727","2725727","NA","2640956","1312","169234","2728355","2728872","1371","150289","161699","2728873","2729364","2701623","2728334","Fraction component detection task","1921","1066792","1947","yes","1280"
"98.6652977413","98.6652977413","547.910677618","547.910677618","#808080","no","legacy","legacy","legacy","0","uniform","1","undefined","undefined","undefined","1","a","9","9","0","1947","0","0","1947","1947","0","0","0","1947","1947","9","1947","Fri Apr 27 13:03:26 2018","#757575","low","4","The main experiment item","yes","","experiment.osexp","/Users/tom/github/sft-fraction/procedure","no","mono","no","24","no","white","no","yes","800","legacy","3","3","9","/Users/tom/github/sft-fraction/results/data/subject-5a.csv","legacy","#000000","high","3","Jazzy James","3.1.9","0","a","NA","space","space","space","a","return","538","NA","148901","11392","7534","538","24015","2","legacy","1024","2","48000","-16","experiment","5","odd","absent","2725727","2725727","NA","2640956","1312","169234","2729447","2729964","1371","150289","161699","2729964","2730533","2701623","2729432","Fraction component detection task","1922","1067330","1948","yes","1280"
"98.6659825552","98.6659825552","547.828630067","547.828630067","#808080","no","legacy","legacy","legacy","0","uniform","1","undefined","undefined","undefined","1","l","9","9","0","1948","0","0","1948","1948","0","0","0","1948","1948","9","1948","Fri Apr 27 13:03:26 2018","#000000","high","4","The main experiment item","yes","","experiment.osexp","/Users/tom/github/sft-fraction/procedure","no","mono","no","24","no","white","no","yes","800","legacy","4","4","9","/Users/tom/github/sft-fraction/results/data/subject-5a.csv","legacy","#000000","high","8","Jazzy James","3.1.9","0","l","NA","space","space","space","l","return","388","NA","148901","11392","7534","388","24015","2","legacy","1024","2","48000","-16","experiment","5","odd","present","2725727","2725727","NA","2640956","1312","169234","2730629","2731145","1371","150289","161699","2731146","2731560","2701623","2730611","Fraction component detection task","1923","1067718","1949","yes","1280"
"98.6666666667","98.6666666667","547.76","547.76","#808080","no","legacy","legacy","legacy","0","uniform","1","undefined","undefined","undefined","1","l","9","9","0","1949","0","0","1949","1949","0","0","0","1949","1949","9","1949","Fri Apr 27 13:03:26 2018","#000000","high","7","The main experiment item","yes","","experiment.osexp","/Users/tom/github/sft-fraction/procedure","no","mono","no","24","no","white","no","yes","800","legacy","5","5","9","/Users/tom/github/sft-fraction/results/data/subject-5a.csv","legacy","#000000","high","7","Jazzy James","3.1.9","0","l","NA","space","space","space","l","return","414","NA","148901","11392","7534","414","24015","2","legacy","1024","2","48000","-16","experiment","5","odd","present","2725727","2725727","NA","2640956","1312","169234","2731644","2732160","1371","150289","161699","2732160","2732600","2701623","2731627","Fraction component detection task","1924","1068132","1950","yes","1280"
"98.6673500769","98.6673500769","547.700153767","547.700153767","#808080","no","legacy","legacy","legacy","0","uniform","1","undefined","undefined","undefined","1","a","9","9","0","1950","0","0","1950","1950","0","0","0","1950","1950","9","1950","Fri Apr 27 13:03:26 2018","#000000","high","4","The main experiment item","yes","","experiment.osexp","/Users/tom/github/sft-fraction/procedure","no","mono","no","24","no","white","no","yes","800","legacy","6","6","9","/Users/tom/github/sft-fraction/results/data/subject-5a.csv","legacy","#757575","low","2","Jazzy James","3.1.9","0","a","NA","space","space","space","a","return","431","NA","148901","11392","7534","431","24015","2","legacy","1024","2","48000","-16","experiment","5","odd","absent","2725727","2725727","NA","2640956","1312","169234","2732697","2733214","1371","150289","161699","2733215","2733671","2701623","2732673","Fraction component detection task","1925","1068563","1951","yes","1280"
"98.6680327869","98.6680327869","547.676229508","547.676229508","#808080","no","legacy","legacy","legacy","0","uniform","1","undefined","undefined","undefined","1","a","9","9","0","1951","0","0","1951","1951","0","0","0","1951","1951","9","1951","Fri Apr 27 13:03:26 2018","#757575","low","2","The main experiment item","yes","","experiment.osexp","/Users/tom/github/sft-fraction/procedure","no","mono","no","24","no","white","no","yes","800","legacy","7","7","9","/Users/tom/github/sft-fraction/results/data/subject-5a.csv","legacy","#000000","high","4","Jazzy James","3.1.9","0","a","NA","space","space","space","a","return","501","NA","148901","11392","7534","501","24015","2","legacy","1024","2","48000","-16","experiment","5","odd","absent","2725727","2725727","NA","2640956","1312","169234","2733754","2734273","1371","150289","161699","2734273","2734800","2701623","2733738","Fraction component detection task","1926","1069064","1952","yes","1280"
"98.6687147977","98.6687147977","547.611367127","547.611367127","#808080","no","legacy","legacy","legacy","0","uniform","1","undefined","undefined","undefined","1","a","9","9","0","1952","0","0","1952","1952","0","0","0","1952","1952","9","1952","Fri Apr 27 13:03:26 2018","#000000","high","4","The main experiment item","yes","","experiment.osexp","/Users/tom/github/sft-fraction/procedure","no","mono","no","24","no","white","no","yes","800","legacy","8","8","9","/Users/tom/github/sft-fraction/results/data/subject-5a.csv","legacy","#000000","high","4","Jazzy James","3.1.9","0","a","NA","space","space","space","a","return","421","NA","148901","11392","7534","421","24015","2","legacy","1024","2","48000","-16","experiment","5","odd","absent","2725727","2725727","NA","2640956","1312","169234","2734889","2735409","1371","150289","161699","2735409","2735865","2701623","2734868","Fraction component detection task","1927","1069485","1953","yes","1280"
"98.6693961105","98.6693961105","547.540941658","547.540941658","#808080","no","legacy","legacy","legacy","0","uniform","1","undefined","undefined","undefined","1","l","9","9","0","1953","0","0","1953","1953","0","0","0","1953","1953","9","1953","Fri Apr 27 13:03:26 2018","#000000","high","4","The main experiment item","yes","","experiment.osexp","/Users/tom/github/sft-fraction/procedure","no","mono","no","24","no","white","no","yes","800","legacy","9","9","9","/Users/tom/github/sft-fraction/results/data/subject-5a.csv","legacy","#000000","high","7","Jazzy James","3.1.9","0","l","NA","space","space","space","l","return","410","NA","148901","11392","7534","410","24015","2","legacy","1024","2","48000","-16","experiment","5","odd","present","2725727","2725727","NA","2640956","1312","169234","2735952","2736468","1371","150289","161699","2736468","2736907","2701623","2735935","Fraction component detection task","1928","1069895","1954","yes","1280"
"98.6700767263","98.6700767263","547.470588235","547.470588235","#808080","no","legacy","legacy","legacy","0","uniform","1","undefined","undefined","undefined","1","a","9","9","0","1954","0","0","1954","1954","0","0","0","1954","1954","9","1954","Fri Apr 27 13:03:26 2018","#000000","high","4","The main experiment item","yes","","experiment.osexp","/Users/tom/github/sft-fraction/procedure","no","mono","no","24","no","white","no","yes","800","legacy","10","10","9","/Users/tom/github/sft-fraction/results/data/subject-5a.csv","legacy","#000000","high","2","Jazzy James","3.1.9","0","a","NA","space","space","space","a","return","410","NA","148901","11392","7534","410","24015","2","legacy","1024","2","48000","-16","experiment","5","odd","absent","2725727","2725727","NA","2640956","1312","169234","2737000","2737516","1371","150289","161699","2737516","2737952","2701623","2736982","Fraction component detection task","1929","1070305","1955","yes","1280"
"98.6707566462","98.6707566462","547.402862986","547.402862986","#808080","no","legacy","legacy","legacy","0","uniform","1","undefined","undefined","undefined","1","a","9","9","0","1955","0","0","1955","1955","0","0","0","1955","1955","9","1955","Fri Apr 27 13:03:26 2018","#757575","low","2","The main experiment item","yes","","experiment.osexp","/Users/tom/github/sft-fraction/procedure","no","mono","no","24","no","white","no","yes","800","legacy","11","11","9","/Users/tom/github/sft-fraction/results/data/subject-5a.csv","legacy","#757575","low","2","Jazzy James","3.1.9","0","a","NA","space","space","space","a","return","415","NA","148901","11392","7534","415","24015","2","legacy","1024","2","48000","-16","experiment","5","odd","absent","2725727","2725727","NA","2640956","1312","169234","2738033","2738552","1371","150289","161699","2738552","2739000","2701623","2738018","Fraction component detection task","1930","1070720","1956","yes","1280"
"98.6714358712","98.6714358712","547.327542156","547.327542156","#808080","no","legacy","legacy","legacy","0","uniform","1","undefined","undefined","undefined","1","a","9","9","0","1956","0","0","1956","1956","0","0","0","1956","1956","9","1956","Fri Apr 27 13:03:26 2018","#757575","low","3","The main experiment item","yes","","experiment.osexp","/Users/tom/github/sft-fraction/procedure","no","mono","no","24","no","white","no","yes","800","legacy","12","12","9","/Users/tom/github/sft-fraction/results/data/subject-5a.csv","legacy","#757575","low","3","Jazzy James","3.1.9","0","a","NA","space","space","space","a","return","400","NA","148901","11392","7534","400","24015","2","legacy","1024","2","48000","-16","experiment","5","odd","absent","2725727","2725727","NA","2640956","1312","169234","2739087","2739605","1371","150289","161699","2739605","2740033","2701623","2739067","Fraction component detection task","1931","1071120","1957","yes","1280"
"98.6721144025","98.6721144025","547.260980592","547.260980592","#808080","no","legacy","legacy","legacy","0","uniform","1","undefined","undefined","undefined","1","l","9","9","0","1957","0","0","1957","1957","0","0","0","1957","1957","9","1957","Fri Apr 27 13:03:26 2018","#757575","low","3","The main experiment item","yes","","experiment.osexp","/Users/tom/github/sft-fraction/procedure","no","mono","no","24","no","white","no","yes","800","legacy","13","13","9","/Users/tom/github/sft-fraction/results/data/subject-5a.csv","legacy","#000000","high","8","Jazzy James","3.1.9","0","l","NA","space","space","space","l","return","417","NA","148901","11392","7534","417","24015","2","legacy","1024","2","48000","-16","experiment","5","odd","present","2725727","2725727","NA","2640956","1312","169234","2740119","2740636","1371","150289","161699","2740636","2741082","2701623","2740103","Fraction component detection task","1932","1071537","1958","yes","1280"
"98.6727922409","98.6727922409","547.297090352","547.297090352","#808080","no","legacy","legacy","legacy","0","uniform","1","undefined","undefined","undefined","1","a","9","9","0","1958","0","0","1958","1958","0","0","0","1958","1958","9","1958","Fri Apr 27 13:03:26 2018","#000000","high","3","The main experiment item","yes","","experiment.osexp","/Users/tom/github/sft-fraction/procedure","no","mono","no","24","no","white","no","yes","800","legacy","14","14","9","/Users/tom/github/sft-fraction/results/data/subject-5a.csv","legacy","#000000","high","2","Jazzy James","3.1.9","0","a","NA","space","space","space","a","return","618","NA","148901","11392","7534","618","24015","2","legacy","1024","2","48000","-16","experiment","5","odd","absent","2725727","2725727","NA","2640956","1312","169234","2741166","2741683","1371","150289","161699","2741683","2742334","2701623","2741150","Fraction component detection task","1933","1072155","1959","yes","1280"
"98.6734693878","98.6734693878","547.248469388","547.248469388","#808080","no","legacy","legacy","legacy","0","uniform","1","undefined","undefined","undefined","1","a","9","9","0","1959","0","0","1959","1959","0","0","0","1959","1959","9","1959","Fri Apr 27 13:03:26 2018","#757575","low","2","The main experiment item","yes","","experiment.osexp","/Users/tom/github/sft-fraction/procedure","no","mono","no","24","no","white","no","yes","800","legacy","15","15","9","/Users/tom/github/sft-fraction/results/data/subject-5a.csv","legacy","#000000","high","2","Jazzy James","3.1.9","0","a","NA","space","space","space","a","return","452","NA","148901","11392","7534","452","24015","2","legacy","1024","2","48000","-16","experiment","5","odd","absent","2725727","2725727","NA","2640956","1312","169234","2742421","2742938","1371","150289","161699","2742938","2743418","2701623","2742405","Fraction component detection task","1934","1072607","1960","yes","1280"
"98.674145844","98.674145844","547.253952065","547.253952065","#808080","no","legacy","legacy","legacy","0","uniform","1","undefined","undefined","undefined","1","a","9","9","0","1960","0","0","1960","1960","0","0","0","1960","1960","9","1960","Fri Apr 27 13:03:26 2018","#757575","low","3","The main experiment item","yes","","experiment.osexp","/Users/tom/github/sft-fraction/procedure","no","mono","no","24","no","white","no","yes","800","legacy","16","16","9","/Users/tom/github/sft-fraction/results/data/subject-5a.csv","legacy","#000000","high","3","Jazzy James","3.1.9","0","a","NA","space","space","space","a","return","558","NA","148901","11392","7534","558","24015","2","legacy","1024","2","48000","-16","experiment","5","odd","absent","2725727","2725727","NA","2640956","1312","169234","2743508","2744024","1371","150289","161699","2744025","2744608","2701623","2743493","Fraction component detection task","1935","1073165","1961","yes","1280"
"98.6748216106","98.6748216106","547.206422018","547.206422018","#808080","no","legacy","legacy","legacy","0","uniform","1","undefined","undefined","undefined","1","l","9","9","0","1961","0","0","1961","1961","0","0","0","1961","1961","9","1961","Fri Apr 27 13:03:26 2018","#000000","high","8","The main experiment item","yes","","experiment.osexp","/Users/tom/github/sft-fraction/procedure","no","mono","no","24","no","white","no","yes","800","legacy","17","17","9","/Users/tom/github/sft-fraction/results/data/subject-5a.csv","legacy","#757575","low","7","Jazzy James","3.1.9","0","l","NA","space","space","space","l","return","454","NA","148901","11392","7534","454","24015","2","legacy","1024","2","48000","-16","experiment","5","odd","present","2725727","2725727","NA","2640956","1312","169234","2744691","2745207","1371","150289","161699","2745208","2745689","2701623","2744674","Fraction component detection task","1936","1073619","1962","yes","1280"
"98.6754966887","98.6754966887","547.152827305","547.152827305","#808080","no","legacy","legacy","legacy","0","uniform","1","undefined","undefined","undefined","1","a","9","9","0","1962","0","0","1962","1962","0","0","0","1962","1962","9","1962","Fri Apr 27 13:03:26 2018","#000000","high","2","The main experiment item","yes","","experiment.osexp","/Users/tom/github/sft-fraction/procedure","no","mono","no","24","no","white","no","yes","800","legacy","18","18","9","/Users/tom/github/sft-fraction/results/data/subject-5a.csv","legacy","#757575","low","2","Jazzy James","3.1.9","0","a","NA","space","space","space","a","return","442","NA","148901","11392","7534","442","24015","2","legacy","1024","2","48000","-16","experiment","5","odd","absent","2725727","2725727","NA","2640956","1312","169234","2745776","2746293","1371","150289","161699","2746293","2746761","2701623","2745758","Fraction component detection task","1937","1074061","1963","yes","1280"
"98.6761710794","98.6761710794","547.091649695","547.091649695","#808080","no","legacy","legacy","legacy","0","uniform","1","undefined","undefined","undefined","1","a","9","9","0","1963","0","0","1963","1963","0","0","0","1963","1963","9","1963","Fri Apr 27 13:03:26 2018","#757575","low","3","The main experiment item","yes","","experiment.osexp","/Users/tom/github/sft-fraction/procedure","no","mono","no","24","no","white","no","yes","800","legacy","19","19","9","/Users/tom/github/sft-fraction/results/data/subject-5a.csv","legacy","#757575","low","3","Jazzy James","3.1.9","0","a","NA","space","space","space","a","return","427","NA","148901","11392","7534","427","24015","2","legacy","1024","2","48000","-16","experiment","5","odd","absent","2725727","2725727","NA","2640956","1312","169234","2746845","2747363","1371","150289","161699","2747364","2747819","2701623","2746828","Fraction component detection task","1938","1074488","1964","yes","1280"
"98.6768447837","98.6768447837","547.067684478","547.067684478","#808080","no","legacy","legacy","legacy","0","uniform","1","undefined","undefined","undefined","1","a","9","9","0","1964","0","0","1964","1964","0","0","0","1964","1964","9","1964","Fri Apr 27 13:03:26 2018","#757575","low","4","The main experiment item","yes","","experiment.osexp","/Users/tom/github/sft-fraction/procedure","no","mono","no","24","no","white","no","yes","800","legacy","20","20","9","/Users/tom/github/sft-fraction/results/data/subject-5a.csv","legacy","#757575","low","4","Jazzy James","3.1.9","0","a","NA","space","space","space","a","return","500","NA","148901","11392","7534","500","24015","2","legacy","1024","2","48000","-16","experiment","5","odd","absent","2725727","2725727","NA","2640956","1312","169234","2747913","2748435","1371","150289","161699","2748435","2748969","2701623","2747891","Fraction component detection task","1939","1074988","1965","yes","1280"
"98.6775178026","98.6775178026","546.968972533","546.968972533","#808080","no","legacy","legacy","legacy","0","uniform","1","undefined","undefined","undefined","1","l","9","9","0","1965","0","0","1965","1965","0","0","0","1965","1965","9","1965","Fri Apr 27 13:03:26 2018","#757575","low","8","The main experiment item","yes","","experiment.osexp","/Users/tom/github/sft-fraction/procedure","no","mono","no","24","no","white","no","yes","800","legacy","21","21","9","/Users/tom/github/sft-fraction/results/data/subject-5a.csv","legacy","#000000","high","8","Jazzy James","3.1.9","0","l","NA","space","space","space","l","return","353","NA","148901","11392","7534","353","24015","2","legacy","1024","2","48000","-16","experiment","5","odd","present","2725727","2725727","NA","2640956","1312","169234","2749056","2749574","1371","150289","161699","2749574","2749953","2701623","2749035","Fraction component detection task","1940","1075341","1966","yes","1280"
"98.6781901373","98.6781901373","546.905948144","546.905948144","#808080","no","legacy","legacy","legacy","0","uniform","1","undefined","undefined","undefined","1","l","9","9","0","1966","0","0","1966","1966","0","0","0","1966","1966","9","1966","Fri Apr 27 13:03:26 2018","#000000","high","6","The main experiment item","yes","","experiment.osexp","/Users/tom/github/sft-fraction/procedure","no","mono","no","24","no","white","no","yes","800","legacy","22","22","9","/Users/tom/github/sft-fraction/results/data/subject-5a.csv","legacy","#757575","low","2","Jazzy James","3.1.9","0","l","NA","space","space","space","l","return","423","NA","148901","11392","7534","423","24015","2","legacy","1024","2","48000","-16","experiment","5","odd","present","2725727","2725727","NA","2640956","1312","169234","2750035","2750551","1371","150289","161699","2750552","2751007","2701623","2750019","Fraction component detection task","1941","1075764","1967","yes","1280"
"98.6788617886","98.6788617886","546.858739837","546.858739837","#808080","no","legacy","legacy","legacy","0","uniform","1","undefined","undefined","undefined","1","a","9","9","0","1967","0","0","1967","1967","0","0","0","1967","1967","9","1967","Fri Apr 27 13:03:26 2018","#000000","high","2","The main experiment item","yes","","experiment.osexp","/Users/tom/github/sft-fraction/procedure","no","mono","no","24","no","white","no","yes","800","legacy","23","23","9","/Users/tom/github/sft-fraction/results/data/subject-5a.csv","legacy","#000000","high","3","Jazzy James","3.1.9","0","a","NA","space","space","space","a","return","454","NA","148901","11392","7534","454","24015","2","legacy","1024","2","48000","-16","experiment","5","odd","absent","2725727","2725727","NA","2640956","1312","169234","2751091","2751608","1371","150289","161699","2751608","2752097","2701623","2751075","Fraction component detection task","1942","1076218","1968","yes","1280"
"98.6795327577","98.6795327577","546.801422042","546.801422042","#808080","no","legacy","legacy","legacy","0","uniform","1","undefined","undefined","undefined","1","l","9","9","0","1968","0","0","1968","1968","0","0","0","1968","1968","9","1968","Fri Apr 27 13:03:26 2018","#000000","high","6","The main experiment item","yes","","experiment.osexp","/Users/tom/github/sft-fraction/procedure","no","mono","no","24","no","white","no","yes","800","legacy","24","24","9","/Users/tom/github/sft-fraction/results/data/subject-5a.csv","legacy","#000000","high","6","Jazzy James","3.1.9","0","l","NA","space","space","space","l","return","434","NA","148901","11392","7534","434","24015","2","legacy","1024","2","48000","-16","experiment","5","odd","present","2725727","2725727","NA","2640956","1312","169234","2752183","2752700","1371","150289","161699","2752700","2753164","2701623","2752167","Fraction component detection task","1943","1076652","1969","yes","1280"
"98.6802030457","98.6802030457","546.719796954","546.719796954","#808080","no","legacy","legacy","legacy","0","uniform","1","undefined","undefined","undefined","1","a","9","9","0","1969","0","0","1969","1969","0","0","0","1969","1969","9","1969","Fri Apr 27 13:03:26 2018","#000000","high","3","The main experiment item","yes","","experiment.osexp","/Users/tom/github/sft-fraction/procedure","no","mono","no","24","no","white","no","yes","800","legacy","25","25","9","/Users/tom/github/sft-fraction/results/data/subject-5a.csv","legacy","#757575","low","3","Jazzy James","3.1.9","0","a","NA","space","space","space","a","return","386","NA","148901","11392","7534","386","24015","2","legacy","1024","2","48000","-16","experiment","5","odd","absent","2725727","2725727","NA","2640956","1312","169234","2753254","2753771","1371","150289","161699","2753772","2754188","2701623","2753238","Fraction component detection task","1944","1077038","1970","yes","1280"
"98.6808726535","98.6808726535","546.648401826","546.648401826","#808080","no","legacy","legacy","legacy","0","uniform","1","undefined","undefined","undefined","1","a","9","9","0","1970","0","0","1970","1970","0","0","0","1970","1970","9","1970","Fri Apr 27 13:03:26 2018","#000000","high","2","The main experiment item","yes","","experiment.osexp","/Users/tom/github/sft-fraction/procedure","no","mono","no","24","no","white","no","yes","800","legacy","26","26","9","/Users/tom/github/sft-fraction/results/data/subject-5a.csv","legacy","#757575","low","2","Jazzy James","3.1.9","0","a","NA","space","space","space","a","return","406","NA","148901","11392","7534","406","24015","2","legacy","1024","2","48000","-16","experiment","5","odd","absent","2725727","2725727","NA","2640956","1312","169234","2754274","2754791","1371","150289","161699","2754792","2755226","2701623","2754257","Fraction component detection task","1945","1077444","1971","yes","1280"
"98.630831643","98.630831643","546.603448276","546.603448276","#808080","no","legacy","legacy","legacy","0","uniform","0","undefined","undefined","undefined","0","l","9","9","0","1971","0","0","1971","1971","0","0","0","1971","1971","9","1971","Fri Apr 27 13:03:26 2018","#757575","low","8","The main experiment item","yes","","experiment.osexp","/Users/tom/github/sft-fraction/procedure","no","mono","no","24","no","white","no","yes","800","legacy","27","27","9","/Users/tom/github/sft-fraction/results/data/subject-5a.csv","legacy","#000000","high","3","Jazzy James","3.1.9","0","a","NA","space","space","space","a","return","458","NA","148901","11392","7534","458","24015","2","legacy","1024","2","48000","-16","experiment","5","odd","present","2725727","2725727","NA","2640956","1312","169234","2755310","2755828","1371","150289","161699","2755828","2756315","2701623","2755295","Fraction component detection task","1945","1077902","1972","yes","1280"
"98.6315255955","98.6315255955","546.628991384","546.628991384","#808080","no","legacy","legacy","legacy","0","uniform","1","undefined","undefined","undefined","1","l","9","9","0","1972","0","0","1972","1972","0","0","0","1972","1972","9","1972","Fri Apr 27 13:03:26 2018","#000000","high","4","The main experiment item","yes","","experiment.osexp","/Users/tom/github/sft-fraction/procedure","no","mono","no","24","no","white","no","yes","800","legacy","28","28","9","/Users/tom/github/sft-fraction/results/data/subject-5a.csv","legacy","#757575","low","8","Jazzy James","3.1.9","0","l","NA","space","space","space","l","return","597","NA","148901","11392","7534","597","24015","2","legacy","1024","2","48000","-16","experiment","5","odd","present","2725727","2725727","NA","2756340","1312","169234","2757421","2757938","1371","150289","161699","2757938","2758561","2701623","2757405","Fraction component detection task","1946","1078499","1973","yes","1280"
"98.5815602837","98.5815602837","546.573454914","546.573454914","#808080","no","legacy","legacy","legacy","0","uniform","0","undefined","undefined","undefined","0","l","9","9","0","1973","0","0","1973","1973","0","0","0","1973","1973","9","1973","Fri Apr 27 13:03:26 2018","#757575","low","7","The main experiment item","yes","","experiment.osexp","/Users/tom/github/sft-fraction/procedure","no","mono","no","24","no","white","no","yes","800","legacy","29","29","9","/Users/tom/github/sft-fraction/results/data/subject-5a.csv","legacy","#757575","low","3","Jazzy James","3.1.9","0","a","NA","space","space","space","a","return","437","NA","148901","11392","7534","437","24015","2","legacy","1024","2","48000","-16","experiment","5","odd","present","2725727","2725727","NA","2756340","1312","169234","2758644","2759161","1371","150289","161699","2759162","2759628","2701623","2758628","Fraction component detection task","1946","1078936","1974","yes","1280"
"98.582278481","98.582278481","546.641012658","546.641012658","#808080","no","legacy","legacy","legacy","0","uniform","1","undefined","undefined","undefined","1","a","9","9","0","1974","0","0","1974","1974","0","0","0","1974","1974","9","1974","Fri Apr 27 13:03:26 2018","#757575","low","2","The main experiment item","yes","","experiment.osexp","/Users/tom/github/sft-fraction/procedure","no","mono","no","24","no","white","no","yes","800","legacy","30","30","9","/Users/tom/github/sft-fraction/results/data/subject-5a.csv","legacy","#000000","high","3","Jazzy James","3.1.9","0","a","NA","space","space","space","a","return","680","NA","148901","11392","7534","680","24015","2","legacy","1024","2","48000","-16","experiment","5","odd","absent","2725727","2725727","NA","2759650","1312","169234","2760729","2761247","1371","150289","161699","2761247","2761956","2701623","2760714","Fraction component detection task","1947","1079616","1975","yes","1280"
"98.5829959514","98.5829959514","546.590587045","546.590587045","#808080","no","legacy","legacy","legacy","0","uniform","1","undefined","undefined","undefined","1","l","9","9","0","1975","0","0","1975","1975","0","0","0","1975","1975","9","1975","Fri Apr 27 13:03:26 2018","#000000","high","3","The main experiment item","yes","","experiment.osexp","/Users/tom/github/sft-fraction/procedure","no","mono","no","24","no","white","no","yes","800","legacy","31","31","9","/Users/tom/github/sft-fraction/results/data/subject-5a.csv","legacy","#757575","low","7","Jazzy James","3.1.9","0","l","NA","space","space","space","l","return","447","NA","148901","11392","7534","447","24015","2","legacy","1024","2","48000","-16","experiment","5","odd","present","2725727","2725727","NA","2759650","1312","169234","2762042","2762559","1371","150289","161699","2762559","2763038","2701623","2762025","Fraction component detection task","1948","1080063","1976","yes","1280"
"98.583712696","98.583712696","546.550834598","546.550834598","#808080","no","legacy","legacy","legacy","0","uniform","1","undefined","undefined","undefined","1","l","9","9","0","1976","0","0","1976","1976","0","0","0","1976","1976","9","1976","Fri Apr 27 13:03:26 2018","#000000","high","7","The main experiment item","yes","","experiment.osexp","/Users/tom/github/sft-fraction/procedure","no","mono","no","24","no","white","no","yes","800","legacy","32","32","9","/Users/tom/github/sft-fraction/results/data/subject-5a.csv","legacy","#000000","high","3","Jazzy James","3.1.9","0","l","NA","space","space","space","l","return","468","NA","148901","11392","7534","468","24015","2","legacy","1024","2","48000","-16","experiment","5","odd","present","2725727","2725727","NA","2759650","1312","169234","2763124","2763642","1371","150289","161699","2763642","2764137","2701623","2763108","Fraction component detection task","1949","1080531","1977","yes","1280"
"98.5844287159","98.5844287159","546.495955511","546.495955511","#808080","no","legacy","legacy","legacy","0","uniform","1","undefined","undefined","undefined","1","l","9","9","0","1977","0","0","1977","1977","0","0","0","1977","1977","9","1977","Fri Apr 27 13:03:26 2018","#000000","high","3","The main experiment item","yes","","experiment.osexp","/Users/tom/github/sft-fraction/procedure","no","mono","no","24","no","white","no","yes","800","legacy","33","33","9","/Users/tom/github/sft-fraction/results/data/subject-5a.csv","legacy","#000000","high","7","Jazzy James","3.1.9","0","l","NA","space","space","space","l","return","438","NA","148901","11392","7534","438","24015","2","legacy","1024","2","48000","-16","experiment","5","odd","present","2725727","2725727","NA","2759650","1312","169234","2764232","2764751","1371","150289","161699","2764752","2765221","2701623","2764210","Fraction component detection task","1950","1080969","1978","yes","1280"
"98.5346134411","98.5346134411","546.464881253","546.464881253","#808080","no","legacy","legacy","legacy","0","uniform","0","undefined","undefined","undefined","0","l","9","9","0","1978","0","0","1978","1978","0","0","0","1978","1978","9","1978","Fri Apr 27 13:03:26 2018","#000000","high","8","The main experiment item","yes","","experiment.osexp","/Users/tom/github/sft-fraction/procedure","no","mono","no","24","no","white","no","yes","800","legacy","34","34","9","/Users/tom/github/sft-fraction/results/data/subject-5a.csv","legacy","#000000","high","4","Jazzy James","3.1.9","0","a","NA","space","space","space","a","return","485","NA","148901","11392","7534","485","24015","2","legacy","1024","2","48000","-16","experiment","5","odd","present","2725727","2725727","NA","2759650","1312","169234","2765309","2765826","1371","150289","161699","2765826","2766340","2701623","2765294","Fraction component detection task","1950","1081454","1979","yes","1280"
"98.5353535354","98.5353535354","546.464141414","546.464141414","#808080","no","legacy","legacy","legacy","0","uniform","1","undefined","undefined","undefined","1","l","9","9","0","1979","0","0","1979","1979","0","0","0","1979","1979","9","1979","Fri Apr 27 13:03:26 2018","#757575","low","2","The main experiment item","yes","","experiment.osexp","/Users/tom/github/sft-fraction/procedure","no","mono","no","24","no","white","no","yes","800","legacy","35","35","9","/Users/tom/github/sft-fraction/results/data/subject-5a.csv","legacy","#757575","low","8","Jazzy James","3.1.9","0","l","NA","space","space","space","l","return","545","NA","148901","11392","7534","545","24015","2","legacy","1024","2","48000","-16","experiment","5","odd","present","2725727","2725727","NA","2766359","1312","169234","2767442","2767958","1371","150289","161699","2767959","2768538","2701623","2767426","Fraction component detection task","1951","1081999","1980","yes","1280"
"98.5360928824","98.5360928824","546.400807673","546.400807673","#808080","no","legacy","legacy","legacy","0","uniform","1","undefined","undefined","undefined","1","l","9","9","0","1980","0","0","1980","1980","0","0","0","1980","1980","9","1980","Fri Apr 27 13:03:26 2018","#757575","low","3","The main experiment item","yes","","experiment.osexp","/Users/tom/github/sft-fraction/procedure","no","mono","no","24","no","white","no","yes","800","legacy","36","36","9","/Users/tom/github/sft-fraction/results/data/subject-5a.csv","legacy","#757575","low","7","Jazzy James","3.1.9","0","l","NA","space","space","space","l","return","421","NA","148901","11392","7534","421","24015","2","legacy","1024","2","48000","-16","experiment","5","odd","present","2725727","2725727","NA","2766359","1312","169234","2768622","2769138","1371","150289","161699","2769139","2769588","2701623","2768606","Fraction component detection task","1952","1082420","1981","yes","1280"
"98.5368314834","98.5368314834","546.351664985","546.351664985","#808080","no","legacy","legacy","legacy","0","uniform","1","undefined","undefined","undefined","1","l","9","9","0","1981","0","0","1981","1981","0","0","0","1981","1981","9","1981","Fri Apr 27 13:03:26 2018","#000000","high","6","The main experiment item","yes","","experiment.osexp","/Users/tom/github/sft-fraction/procedure","no","mono","no","24","no","white","no","yes","800","legacy","37","37","9","/Users/tom/github/sft-fraction/results/data/subject-5a.csv","legacy","#757575","low","7","Jazzy James","3.1.9","0","l","NA","space","space","space","l","return","449","NA","148901","11392","7534","449","24015","2","legacy","1024","2","48000","-16","experiment","5","odd","present","2725727","2725727","NA","2766359","1312","169234","2769675","2770191","1371","150289","161699","2770191","2770667","2701623","2769658","Fraction component detection task","1953","1082869","1982","yes","1280"
"98.5375693394","98.5375693394","546.360060514","546.360060514","#808080","no","legacy","legacy","legacy","0","uniform","1","undefined","undefined","undefined","1","l","9","9","0","1982","0","0","1982","1982","0","0","0","1982","1982","9","1982","Fri Apr 27 13:03:26 2018","#757575","low","8","The main experiment item","yes","","experiment.osexp","/Users/tom/github/sft-fraction/procedure","no","mono","no","24","no","white","no","yes","800","legacy","38","38","9","/Users/tom/github/sft-fraction/results/data/subject-5a.csv","legacy","#000000","high","2","Jazzy James","3.1.9","0","l","NA","space","space","space","l","return","563","NA","148901","11392","7534","563","24015","2","legacy","1024","2","48000","-16","experiment","5","odd","present","2725727","2725727","NA","2766359","1312","169234","2770753","2771269","1371","150289","161699","2771269","2771862","2701623","2770737","Fraction component detection task","1954","1083432","1983","yes","1280"
"98.5383064516","98.5383064516","546.313508065","546.313508065","#808080","no","legacy","legacy","legacy","0","uniform","1","undefined","undefined","undefined","1","l","9","9","0","1983","0","0","1983","1983","0","0","0","1983","1983","9","1983","Fri Apr 27 13:03:26 2018","#757575","low","7","The main experiment item","yes","","experiment.osexp","/Users/tom/github/sft-fraction/procedure","no","mono","no","24","no","white","no","yes","800","legacy","39","39","9","/Users/tom/github/sft-fraction/results/data/subject-5a.csv","legacy","#000000","high","4","Jazzy James","3.1.9","0","l","NA","space","space","space","l","return","454","NA","148901","11392","7534","454","24015","2","legacy","1024","2","48000","-16","experiment","5","odd","present","2725727","2725727","NA","2766359","1312","169234","2771946","2772466","1371","150289","161699","2772466","2772946","2701623","2771930","Fraction component detection task","1955","1083886","1984","yes","1280"
"98.5390428212","98.5390428212","546.324433249","546.324433249","#808080","no","legacy","legacy","legacy","0","uniform","1","undefined","undefined","undefined","1","a","9","9","0","1984","0","0","1984","1984","0","0","0","1984","1984","9","1984","Fri Apr 27 13:03:26 2018","#000000","high","2","The main experiment item","yes","","experiment.osexp","/Users/tom/github/sft-fraction/procedure","no","mono","no","24","no","white","no","yes","800","legacy","40","40","9","/Users/tom/github/sft-fraction/results/data/subject-5a.csv","legacy","#000000","high","3","Jazzy James","3.1.9","0","a","NA","space","space","space","a","return","568","NA","148901","11392","7534","568","24015","2","legacy","1024","2","48000","-16","experiment","5","odd","absent","2725727","2725727","NA","2766359","1312","169234","2773034","2773551","1371","150289","161699","2773551","2774147","2701623","2773013","Fraction component detection task","1956","1084454","1985","yes","1280"
"98.5397784491","98.5397784491","546.302114804","546.302114804","#808080","no","legacy","legacy","legacy","0","uniform","1","undefined","undefined","undefined","1","l","9","9","0","1985","0","0","1985","1985","0","0","0","1985","1985","9","1985","Fri Apr 27 13:03:26 2018","#000000","high","4","The main experiment item","yes","","experiment.osexp","/Users/tom/github/sft-fraction/procedure","no","mono","no","24","no","white","no","yes","800","legacy","41","41","9","/Users/tom/github/sft-fraction/results/data/subject-5a.csv","legacy","#000000","high","6","Jazzy James","3.1.9","0","l","NA","space","space","space","l","return","502","NA","148901","11392","7534","502","24015","2","legacy","1024","2","48000","-16","experiment","5","odd","present","2725727","2725727","NA","2766359","1312","169234","2774236","2774753","1371","150289","161699","2774753","2775284","2701623","2774215","Fraction component detection task","1957","1084956","1986","yes","1280"
"98.5405133367","98.5405133367","546.349773528","546.349773528","#808080","no","legacy","legacy","legacy","0","uniform","1","undefined","undefined","undefined","1","l","9","9","0","1986","0","0","1986","1986","0","0","0","1986","1986","9","1986","Fri Apr 27 13:03:26 2018","#757575","low","8","The main experiment item","yes","","experiment.osexp","/Users/tom/github/sft-fraction/procedure","no","mono","no","24","no","white","no","yes","800","legacy","42","42","9","/Users/tom/github/sft-fraction/results/data/subject-5a.csv","legacy","#757575","low","2","Jazzy James","3.1.9","0","l","NA","space","space","space","l","return","641","NA","148901","11392","7534","641","24015","2","legacy","1024","2","48000","-16","experiment","5","odd","present","2725727","2725727","NA","2766359","1312","169234","2775370","2775887","1371","150289","161699","2775887","2776558","2701623","2775354","Fraction component detection task","1958","1085597","1987","yes","1280"
"98.5412474849","98.5412474849","546.401408451","546.401408451","#808080","no","legacy","legacy","legacy","0","uniform","1","undefined","undefined","undefined","1","l","9","9","0","1987","0","0","1987","1987","0","0","0","1987","1987","9","1987","Fri Apr 27 13:03:26 2018","#757575","low","8","The main experiment item","yes","","experiment.osexp","/Users/tom/github/sft-fraction/procedure","no","mono","no","24","no","white","no","yes","800","legacy","43","43","9","/Users/tom/github/sft-fraction/results/data/subject-5a.csv","legacy","#000000","high","6","Jazzy James","3.1.9","0","l","NA","space","space","space","l","return","649","NA","148901","11392","7534","649","24015","2","legacy","1024","2","48000","-16","experiment","5","odd","present","2725727","2725727","NA","2766359","1312","169234","2776650","2777166","1371","150289","161699","2777167","2777842","2701623","2776634","Fraction component detection task","1959","1086246","1988","yes","1280"
"98.5419808949","98.5419808949","546.424836601","546.424836601","#808080","no","legacy","legacy","legacy","0","uniform","1","undefined","undefined","undefined","1","a","9","9","0","1988","0","0","1988","1988","0","0","0","1988","1988","9","1988","Fri Apr 27 13:03:26 2018","#000000","high","4","The main experiment item","yes","","experiment.osexp","/Users/tom/github/sft-fraction/procedure","no","mono","no","24","no","white","no","yes","800","legacy","44","44","9","/Users/tom/github/sft-fraction/results/data/subject-5a.csv","legacy","#757575","low","2","Jazzy James","3.1.9","0","a","NA","space","space","space","a","return","593","NA","148901","11392","7534","593","24015","2","legacy","1024","2","48000","-16","experiment","5","odd","absent","2725727","2725727","NA","2766359","1312","169234","2777929","2778445","1371","150289","161699","2778446","2779066","2701623","2777908","Fraction component detection task","1960","1086839","1989","yes","1280"
"98.5427135678","98.5427135678","546.430653266","546.430653266","#808080","no","legacy","legacy","legacy","0","uniform","1","undefined","undefined","undefined","1","l","9","9","0","1989","0","0","1989","1989","0","0","0","1989","1989","9","1989","Fri Apr 27 13:03:26 2018","#757575","low","7","The main experiment item","yes","","experiment.osexp","/Users/tom/github/sft-fraction/procedure","no","mono","no","24","no","white","no","yes","800","legacy","45","45","9","/Users/tom/github/sft-fraction/results/data/subject-5a.csv","legacy","#757575","low","7","Jazzy James","3.1.9","0","l","NA","space","space","space","l","return","558","NA","148901","11392","7534","558","24015","2","legacy","1024","2","48000","-16","experiment","5","odd","present","2725727","2725727","NA","2766359","1312","169234","2779152","2779672","1371","150289","161699","2779673","2780258","2701623","2779136","Fraction component detection task","1961","1087397","1990","yes","1280"
"98.5434455048","98.5434455048","546.377197388","546.377197388","#808080","no","legacy","legacy","legacy","0","uniform","1","undefined","undefined","undefined","1","l","9","9","0","1990","0","0","1990","1990","0","0","0","1990","1990","9","1990","Fri Apr 27 13:03:26 2018","#000000","high","2","The main experiment item","yes","","experiment.osexp","/Users/tom/github/sft-fraction/procedure","no","mono","no","24","no","white","no","yes","800","legacy","46","46","9","/Users/tom/github/sft-fraction/results/data/subject-5a.csv","legacy","#000000","high","7","Jazzy James","3.1.9","0","l","NA","space","space","space","l","return","440","NA","148901","11392","7534","440","24015","2","legacy","1024","2","48000","-16","experiment","5","odd","present","2725727","2725727","NA","2766359","1312","169234","2780346","2780863","1371","150289","161699","2780863","2781338","2701623","2780330","Fraction component detection task","1962","1087837","1991","yes","1280"
"98.5441767068","98.5441767068","546.341365462","546.341365462","#808080","no","legacy","legacy","legacy","0","uniform","1","undefined","undefined","undefined","1","l","9","9","0","1991","0","0","1991","1991","0","0","0","1991","1991","9","1991","Fri Apr 27 13:03:26 2018","#000000","high","7","The main experiment item","yes","","experiment.osexp","/Users/tom/github/sft-fraction/procedure","no","mono","no","24","no","white","no","yes","800","legacy","47","47","9","/Users/tom/github/sft-fraction/results/data/subject-5a.csv","legacy","#000000","high","2","Jazzy James","3.1.9","0","l","NA","space","space","space","l","return","475","NA","148901","11392","7534","475","24015","2","legacy","1024","2","48000","-16","experiment","5","odd","present","2725727","2725727","NA","2766359","1312","169234","2781422","2781941","1371","150289","161699","2781941","2782443","2701623","2781406","Fraction component detection task","1963","1088312","1992","yes","1280"
"98.5449071751","98.5449071751","546.317109885","546.317109885","#808080","no","legacy","legacy","legacy","0","uniform","1","undefined","undefined","undefined","1","l","9","9","0","1992","0","0","1992","1992","0","0","0","1992","1992","9","1992","Fri Apr 27 13:03:26 2018","#757575","low","2","The main experiment item","yes","","experiment.osexp","/Users/tom/github/sft-fraction/procedure","no","mono","no","24","no","white","no","yes","800","legacy","48","48","9","/Users/tom/github/sft-fraction/results/data/subject-5a.csv","legacy","#000000","high","8","Jazzy James","3.1.9","0","l","NA","space","space","space","l","return","498","NA","148901","11392","7534","498","24015","2","legacy","1024","2","48000","-16","experiment","5","odd","present","2725727","2725727","NA","2766359","1312","169234","2782529","2783045","1371","150289","161699","2783046","2783573","2701623","2782514","Fraction component detection task","1964","1088810","1993","yes","1280"
"98.5456369107","98.5456369107","546.281845537","546.281845537","#808080","no","legacy","legacy","legacy","0","uniform","1","undefined","undefined","undefined","1","l","9","9","0","1993","0","0","1993","1993","0","0","0","1993","1993","9","1993","Fri Apr 27 13:03:26 2018","#000000","high","6","The main experiment item","yes","","experiment.osexp","/Users/tom/github/sft-fraction/procedure","no","mono","no","24","no","white","no","yes","800","legacy","49","49","9","/Users/tom/github/sft-fraction/results/data/subject-5a.csv","legacy","#000000","high","2","Jazzy James","3.1.9","0","l","NA","space","space","space","l","return","476","NA","148901","11392","7534","476","24015","2","legacy","1024","2","48000","-16","experiment","5","odd","present","2725727","2725727","NA","2766359","1312","169234","2783665","2784181","1371","150289","161699","2784181","2784682","2701623","2783644","Fraction component detection task","1965","1089286","1994","yes","1280"
"98.5463659148","98.5463659148","546.274185464","546.274185464","#808080","no","legacy","legacy","legacy","0","uniform","1","undefined","undefined","undefined","1","a","9","9","0","1994","0","0","1994","1994","0","0","0","1994","1994","9","1994","Fri Apr 27 13:03:26 2018","#000000","high","4","The main experiment item","yes","","experiment.osexp","/Users/tom/github/sft-fraction/procedure","no","mono","no","24","no","white","no","yes","800","legacy","50","50","9","/Users/tom/github/sft-fraction/results/data/subject-5a.csv","legacy","#000000","high","4","Jazzy James","3.1.9","0","a","NA","space","space","space","a","return","531","NA","148901","11392","7534","531","24015","2","legacy","1024","2","48000","-16","experiment","5","odd","absent","2725727","2725727","NA","2766359","1312","169234","2784767","2785285","1371","150289","161699","2785286","2785846","2701623","2784752","Fraction component detection task","1966","1089817","1995","yes","1280"
"98.5470941884","98.5470941884","546.263026052","546.263026052","#808080","no","legacy","legacy","legacy","0","uniform","1","undefined","undefined","undefined","1","l","9","9","0","1995","0","0","1995","1995","0","0","0","1995","1995","9","1995","Fri Apr 27 13:03:26 2018","#000000","high","8","The main experiment item","yes","","experiment.osexp","/Users/tom/github/sft-fraction/procedure","no","mono","no","24","no","white","no","yes","800","legacy","51","51","9","/Users/tom/github/sft-fraction/results/data/subject-5a.csv","legacy","#757575","low","6","Jazzy James","3.1.9","0","l","NA","space","space","space","l","return","524","NA","148901","11392","7534","524","24015","2","legacy","1024","2","48000","-16","experiment","5","odd","present","2725727","2725727","NA","2766359","1312","169234","2785929","2786445","1371","150289","161699","2786445","2786995","2701623","2785913","Fraction component detection task","1967","1090341","1996","yes","1280"
"98.5478217326","98.5478217326","546.256384577","546.256384577","#808080","no","legacy","legacy","legacy","0","uniform","1","undefined","undefined","undefined","1","a","9","9","0","1996","0","0","1996","1996","0","0","0","1996","1996","9","1996","Fri Apr 27 13:03:26 2018","#757575","low","4","The main experiment item","yes","","experiment.osexp","/Users/tom/github/sft-fraction/procedure","no","mono","no","24","no","white","no","yes","800","legacy","52","52","9","/Users/tom/github/sft-fraction/results/data/subject-5a.csv","legacy","#757575","low","3","Jazzy James","3.1.9","0","a","NA","space","space","space","a","return","533","NA","148901","11392","7534","533","24015","2","legacy","1024","2","48000","-16","experiment","5","odd","absent","2725727","2725727","NA","2766359","1312","169234","2787083","2787603","1371","150289","161699","2787603","2788170","2701623","2787066","Fraction component detection task","1968","1090874","1997","yes","1280"
"98.5485485485","98.5485485485","546.305805806","546.305805806","#808080","no","legacy","legacy","legacy","0","uniform","1","undefined","undefined","undefined","1","a","9","9","0","1997","0","0","1997","1997","0","0","0","1997","1997","9","1997","Fri Apr 27 13:03:26 2018","#000000","high","3","The main experiment item","yes","","experiment.osexp","/Users/tom/github/sft-fraction/procedure","no","mono","no","24","no","white","no","yes","800","legacy","53","53","9","/Users/tom/github/sft-fraction/results/data/subject-5a.csv","legacy","#000000","high","3","Jazzy James","3.1.9","0","a","NA","space","space","space","a","return","645","NA","148901","11392","7534","645","24015","2","legacy","1024","2","48000","-16","experiment","5","odd","absent","2725727","2725727","NA","2766359","1312","169234","2788255","2788772","1371","150289","161699","2788772","2789445","2701623","2788239","Fraction component detection task","1969","1091519","1998","yes","1280"
"98.5492746373","98.5492746373","546.256128064","546.256128064","#808080","no","legacy","legacy","legacy","0","uniform","1","undefined","undefined","undefined","1","a","9","9","0","1998","0","0","1998","1998","0","0","0","1998","1998","9","1998","Fri Apr 27 13:03:26 2018","#000000","high","3","The main experiment item","yes","","experiment.osexp","/Users/tom/github/sft-fraction/procedure","no","mono","no","24","no","white","no","yes","800","legacy","54","54","9","/Users/tom/github/sft-fraction/results/data/subject-5a.csv","legacy","#000000","high","3","Jazzy James","3.1.9","0","a","NA","space","space","space","a","return","447","NA","148901","11392","7534","447","24015","2","legacy","1024","2","48000","-16","experiment","5","odd","absent","2725727","2725727","NA","2766359","1312","169234","2789533","2790050","1371","150289","161699","2790050","2790523","2701623","2789513","Fraction component detection task","1970","1091966","1999","yes","1280"
"98.55","98.55","546.259","546.259","#808080","no","legacy","legacy","legacy","0","uniform","1","undefined","undefined","undefined","1","a","9","9","0","1999","0","0","1999","1999","0","0","0","1999","1999","9","1999","Fri Apr 27 13:03:26 2018","#000000","high","4","The main experiment item","yes","","experiment.osexp","/Users/tom/github/sft-fraction/procedure","no","mono","no","24","no","white","no","yes","800","legacy","55","55","9","/Users/tom/github/sft-fraction/results/data/subject-5a.csv","legacy","#757575","low","2","Jazzy James","3.1.9","0","a","NA","space","space","space","a","return","552","NA","148901","11392","7534","552","24015","2","legacy","1024","2","48000","-16","experiment","5","odd","absent","2725727","2725727","NA","2766359","1312","169234","2790612","2791129","1371","150289","161699","2791129","2791714","2701623","2790594","Fraction component detection task","1971","1092518","2000","yes","1280"
"98.5507246377","98.5507246377","546.235382309","546.235382309","#808080","no","legacy","legacy","legacy","0","uniform","1","undefined","undefined","undefined","1","a","9","9","0","2000","0","0","2000","2000","0","0","0","2000","2000","9","2000","Fri Apr 27 13:03:26 2018","#757575","low","4","The main experiment item","yes","","experiment.osexp","/Users/tom/github/sft-fraction/procedure","no","mono","no","24","no","white","no","yes","800","legacy","56","56","9","/Users/tom/github/sft-fraction/results/data/subject-5a.csv","legacy","#000000","high","4","Jazzy James","3.1.9","0","a","NA","space","space","space","a","return","499","NA","148901","11392","7534","499","24015","2","legacy","1024","2","48000","-16","experiment","5","odd","absent","2725727","2725727","NA","2766359","1312","169234","2791800","2792318","1371","150289","161699","2792318","2792846","2701623","2791784","Fraction component detection task","1972","1093017","2001","yes","1280"
"98.5514485514","98.5514485514","546.196803197","546.196803197","#808080","no","legacy","legacy","legacy","0","uniform","1","undefined","undefined","undefined","1","l","9","9","0","2001","0","0","2001","2001","0","0","0","2001","2001","9","2001","Fri Apr 27 13:03:26 2018","#757575","low","3","The main experiment item","yes","","experiment.osexp","/Users/tom/github/sft-fraction/procedure","no","mono","no","24","no","white","no","yes","800","legacy","57","57","9","/Users/tom/github/sft-fraction/results/data/subject-5a.csv","legacy","#757575","low","6","Jazzy James","3.1.9","0","l","NA","space","space","space","l","return","469","NA","148901","11392","7534","469","24015","2","legacy","1024","2","48000","-16","experiment","5","odd","present","2725727","2725727","NA","2766359","1312","169234","2792936","2793452","1371","150289","161699","2793452","2793947","2701623","2792918","Fraction component detection task","1973","1093486","2002","yes","1280"
"98.5521717424","98.5521717424","546.154767848","546.154767848","#808080","no","legacy","legacy","legacy","0","uniform","1","undefined","undefined","undefined","1","l","9","9","0","2002","0","0","2002","2002","0","0","0","2002","2002","9","2002","Fri Apr 27 13:03:26 2018","#000000","high","8","The main experiment item","yes","","experiment.osexp","/Users/tom/github/sft-fraction/procedure","no","mono","no","24","no","white","no","yes","800","legacy","58","58","9","/Users/tom/github/sft-fraction/results/data/subject-5a.csv","legacy","#757575","low","4","Jazzy James","3.1.9","0","l","NA","space","space","space","l","return","462","NA","148901","11392","7534","462","24015","2","legacy","1024","2","48000","-16","experiment","5","odd","present","2725727","2725727","NA","2766359","1312","169234","2794028","2794546","1371","150289","161699","2794546","2795040","2701623","2794012","Fraction component detection task","1974","1093948","2003","yes","1280"
"98.5528942116","98.5528942116","546.141217565","546.141217565","#808080","no","legacy","legacy","legacy","0","uniform","1","undefined","undefined","undefined","1","a","9","9","0","2003","0","0","2003","2003","0","0","0","2003","2003","9","2003","Fri Apr 27 13:03:26 2018","#000000","high","3","The main experiment item","yes","","experiment.osexp","/Users/tom/github/sft-fraction/procedure","no","mono","no","24","no","white","no","yes","800","legacy","59","59","9","/Users/tom/github/sft-fraction/results/data/subject-5a.csv","legacy","#000000","high","4","Jazzy James","3.1.9","0","a","NA","space","space","space","a","return","519","NA","148901","11392","7534","519","24015","2","legacy","1024","2","48000","-16","experiment","5","odd","absent","2725727","2725727","NA","2766359","1312","169234","2795131","2795649","1371","150289","161699","2795649","2796199","2701623","2795108","Fraction component detection task","1975","1094467","2004","yes","1280"
"98.5536159601","98.5536159601","546.120199501","546.120199501","#808080","no","legacy","legacy","legacy","0","uniform","1","undefined","undefined","undefined","1","a","9","9","0","2004","0","0","2004","2004","0","0","0","2004","2004","9","2004","Fri Apr 27 13:03:26 2018","#757575","low","3","The main experiment item","yes","","experiment.osexp","/Users/tom/github/sft-fraction/procedure","no","mono","no","24","no","white","no","yes","800","legacy","60","60","9","/Users/tom/github/sft-fraction/results/data/subject-5a.csv","legacy","#757575","low","2","Jazzy James","3.1.9","0","a","NA","space","space","space","a","return","504","NA","148901","11392","7534","504","24015","2","legacy","1024","2","48000","-16","experiment","5","odd","absent","2725727","2725727","NA","2766359","1312","169234","2796291","2796808","1371","150289","161699","2796808","2797340","2701623","2796269","Fraction component detection task","1976","1094971","2005","yes","1280"
"98.554336989","98.554336989","546.081754736","546.081754736","#808080","no","legacy","legacy","legacy","0","uniform","1","undefined","undefined","undefined","1","a","9","9","0","2005","0","0","2005","2005","0","0","0","2005","2005","9","2005","Fri Apr 27 13:03:26 2018","#000000","high","3","The main experiment item","yes","","experiment.osexp","/Users/tom/github/sft-fraction/procedure","no","mono","no","24","no","white","no","yes","800","legacy","61","61","9","/Users/tom/github/sft-fraction/results/data/subject-5a.csv","legacy","#757575","low","4","Jazzy James","3.1.9","0","a","NA","space","space","space","a","return","469","NA","148901","11392","7534","469","24015","2","legacy","1024","2","48000","-16","experiment","5","odd","absent","2725727","2725727","NA","2766359","1312","169234","2797429","2797948","1371","150289","161699","2797948","2798446","2701623","2797411","Fraction component detection task","1977","1095440","2006","yes","1280"
"98.5550572995","98.5550572995","546.081714001","546.081714001","#808080","no","legacy","legacy","legacy","0","uniform","1","undefined","undefined","undefined","1","a","9","9","0","2006","0","0","2006","2006","0","0","0","2006","2006","9","2006","Fri Apr 27 13:03:26 2018","#000000","high","4","The main experiment item","yes","","experiment.osexp","/Users/tom/github/sft-fraction/procedure","no","mono","no","24","no","white","no","yes","800","legacy","62","62","9","/Users/tom/github/sft-fraction/results/data/subject-5a.csv","legacy","#000000","high","2","Jazzy James","3.1.9","0","a","NA","space","space","space","a","return","546","NA","148901","11392","7534","546","24015","2","legacy","1024","2","48000","-16","experiment","5","odd","absent","2725727","2725727","NA","2766359","1312","169234","2798535","2799055","1371","150289","161699","2799055","2799628","2701623","2798517","Fraction component detection task","1978","1095986","2007","yes","1280"
"98.5557768924","98.5557768924","546.0687251","546.0687251","#808080","no","legacy","legacy","legacy","0","uniform","1","undefined","undefined","undefined","1","l","9","9","0","2007","0","0","2007","2007","0","0","0","2007","2007","9","2007","Fri Apr 27 13:03:26 2018","#000000","high","6","The main experiment item","yes","","experiment.osexp","/Users/tom/github/sft-fraction/procedure","no","mono","no","24","no","white","no","yes","800","legacy","63","63","9","/Users/tom/github/sft-fraction/results/data/subject-5a.csv","legacy","#757575","low","6","Jazzy James","3.1.9","0","l","NA","space","space","space","l","return","520","NA","148901","11392","7534","520","24015","2","legacy","1024","2","48000","-16","experiment","5","odd","present","2725727","2725727","NA","2766359","1312","169234","2799717","2800233","1371","150289","161699","2800233","2800781","2701623","2799696","Fraction component detection task","1979","1096506","2008","yes","1280"
"98.556495769","98.556495769","546.068690891","546.068690891","#808080","no","legacy","legacy","legacy","0","uniform","1","undefined","undefined","undefined","1","a","9","9","0","2008","0","0","2008","2008","0","0","0","2008","2008","9","2008","Fri Apr 27 13:03:26 2018","#000000","high","4","The main experiment item","yes","","experiment.osexp","/Users/tom/github/sft-fraction/procedure","no","mono","no","24","no","white","no","yes","800","legacy","64","64","9","/Users/tom/github/sft-fraction/results/data/subject-5a.csv","legacy","#757575","low","3","Jazzy James","3.1.9","0","a","NA","space","space","space","a","return","546","NA","148901","11392","7534","546","24015","2","legacy","1024","2","48000","-16","experiment","5","odd","absent","2725727","2725727","NA","2766359","1312","169234","2800865","2801383","1371","150289","161699","2801383","2801956","2701623","2800850","Fraction component detection task","1980","1097052","2009","yes","1280"
"98.5572139303","98.5572139303","546.005970149","546.005970149","#808080","no","legacy","legacy","legacy","0","uniform","1","undefined","undefined","undefined","1","l","9","9","0","2009","0","0","2009","2009","0","0","0","2009","2009","9","2009","Fri Apr 27 13:03:26 2018","#000000","high","7","The main experiment item","yes","","experiment.osexp","/Users/tom/github/sft-fraction/procedure","no","mono","no","24","no","white","no","yes","800","legacy","65","65","9","/Users/tom/github/sft-fraction/results/data/subject-5a.csv","legacy","#000000","high","8","Jazzy James","3.1.9","0","l","NA","space","space","space","l","return","420","NA","148901","11392","7534","420","24015","2","legacy","1024","2","48000","-16","experiment","5","odd","present","2725727","2725727","NA","2766359","1312","169234","2802039","2802557","1371","150289","161699","2802557","2803004","2701623","2802021","Fraction component detection task","1981","1097472","2010","yes","1280"
"98.5579313774","98.5579313774","545.971655893","545.971655893","#808080","no","legacy","legacy","legacy","0","uniform","1","undefined","undefined","undefined","1","a","9","9","0","2010","0","0","2010","2010","0","0","0","2010","2010","9","2010","Fri Apr 27 13:03:26 2018","#000000","high","3","The main experiment item","yes","","experiment.osexp","/Users/tom/github/sft-fraction/procedure","no","mono","no","24","no","white","no","yes","800","legacy","66","66","9","/Users/tom/github/sft-fraction/results/data/subject-5a.csv","legacy","#757575","low","3","Jazzy James","3.1.9","0","a","NA","space","space","space","a","return","477","NA","148901","11392","7534","477","24015","2","legacy","1024","2","48000","-16","experiment","5","odd","absent","2725727","2725727","NA","2766359","1312","169234","2803086","2803604","1371","150289","161699","2803604","2804114","2701623","2803070","Fraction component detection task","1982","1097949","2011","yes","1280"
"98.5586481113","98.5586481113","545.94582505","545.94582505","#808080","no","legacy","legacy","legacy","0","uniform","1","undefined","undefined","undefined","1","a","9","9","0","2011","0","0","2011","2011","0","0","0","2011","2011","9","2011","Fri Apr 27 13:03:26 2018","#757575","low","3","The main experiment item","yes","","experiment.osexp","/Users/tom/github/sft-fraction/procedure","no","mono","no","24","no","white","no","yes","800","legacy","67","67","9","/Users/tom/github/sft-fraction/results/data/subject-5a.csv","legacy","#757575","low","4","Jazzy James","3.1.9","0","a","NA","space","space","space","a","return","494","NA","148901","11392","7534","494","24015","2","legacy","1024","2","48000","-16","experiment","5","odd","absent","2725727","2725727","NA","2766359","1312","169234","2804198","2804715","1371","150289","161699","2804715","2805242","2701623","2804182","Fraction component detection task","1983","1098443","2012","yes","1280"
"98.5593641331","98.5593641331","545.902632886","545.902632886","#808080","no","legacy","legacy","legacy","0","uniform","1","undefined","undefined","undefined","1","l","9","9","0","2012","0","0","2012","2012","0","0","0","2012","2012","9","2012","Fri Apr 27 13:03:26 2018","#757575","low","7","The main experiment item","yes","","experiment.osexp","/Users/tom/github/sft-fraction/procedure","no","mono","no","24","no","white","no","yes","800","legacy","68","68","9","/Users/tom/github/sft-fraction/results/data/subject-5a.csv","legacy","#000000","high","6","Jazzy James","3.1.9","0","l","NA","space","space","space","l","return","459","NA","148901","11392","7534","459","24015","2","legacy","1024","2","48000","-16","experiment","5","odd","present","2725727","2725727","NA","2766359","1312","169234","2805327","2805846","1371","150289","161699","2805846","2806335","2701623","2805310","Fraction component detection task","1984","1098902","2013","yes","1280"
"98.5600794439","98.5600794439","545.867924528","545.867924528","#808080","no","legacy","legacy","legacy","0","uniform","1","undefined","undefined","undefined","1","a","9","9","0","2013","0","0","2013","2013","0","0","0","2013","2013","9","2013","Fri Apr 27 13:03:26 2018","#000000","high","3","The main experiment item","yes","","experiment.osexp","/Users/tom/github/sft-fraction/procedure","no","mono","no","24","no","white","no","yes","800","legacy","69","69","9","/Users/tom/github/sft-fraction/results/data/subject-5a.csv","legacy","#000000","high","2","Jazzy James","3.1.9","0","a","NA","space","space","space","a","return","476","NA","148901","11392","7534","476","24015","2","legacy","1024","2","48000","-16","experiment","5","odd","absent","2725727","2725727","NA","2766359","1312","169234","2806417","2806934","1371","150289","161699","2806934","2807442","2701623","2806401","Fraction component detection task","1985","1099378","2014","yes","1280"
"98.5607940447","98.5607940447","545.829776675","545.829776675","#808080","no","legacy","legacy","legacy","0","uniform","1","undefined","undefined","undefined","1","l","9","9","0","2014","0","0","2014","2014","0","0","0","2014","2014","9","2014","Fri Apr 27 13:03:26 2018","#757575","low","6","The main experiment item","yes","","experiment.osexp","/Users/tom/github/sft-fraction/procedure","no","mono","no","24","no","white","no","yes","800","legacy","70","70","9","/Users/tom/github/sft-fraction/results/data/subject-5a.csv","legacy","#000000","high","7","Jazzy James","3.1.9","0","l","NA","space","space","space","l","return","469","NA","148901","11392","7534","469","24015","2","legacy","1024","2","48000","-16","experiment","5","odd","present","2725727","2725727","NA","2766359","1312","169234","2807524","2808045","1371","150289","161699","2808045","2808546","2701623","2807508","Fraction component detection task","1986","1099847","2015","yes","1280"
"98.5615079365","98.5615079365","545.814484127","545.814484127","#808080","no","legacy","legacy","legacy","0","uniform","1","undefined","undefined","undefined","1","a","9","9","0","2015","0","0","2015","2015","0","0","0","2015","2015","9","2015","Fri Apr 27 13:03:26 2018","#757575","low","4","The main experiment item","yes","","experiment.osexp","/Users/tom/github/sft-fraction/procedure","no","mono","no","24","no","white","no","yes","800","legacy","71","71","9","/Users/tom/github/sft-fraction/results/data/subject-5a.csv","legacy","#757575","low","2","Jazzy James","3.1.9","0","a","NA","space","space","space","a","return","515","NA","148901","11392","7534","515","24015","2","legacy","1024","2","48000","-16","experiment","5","odd","absent","2725727","2725727","NA","2766359","1312","169234","2808632","2809151","1371","150289","161699","2809151","2809692","2701623","2808615","Fraction component detection task","1987","1100362","2016","yes","1280"
"98.5622211205","98.5622211205","545.784333168","545.784333168","#808080","no","legacy","legacy","legacy","0","uniform","1","undefined","undefined","undefined","1","a","9","9","0","2016","0","0","2016","2016","0","0","0","2016","2016","9","2016","Fri Apr 27 13:03:26 2018","#757575","low","3","The main experiment item","yes","","experiment.osexp","/Users/tom/github/sft-fraction/procedure","no","mono","no","24","no","white","no","yes","800","legacy","72","72","9","/Users/tom/github/sft-fraction/results/data/subject-5a.csv","legacy","#000000","high","2","Jazzy James","3.1.9","0","a","NA","space","space","space","a","return","485","NA","148901","11392","7534","485","24015","2","legacy","1024","2","48000","-16","experiment","5","odd","absent","2725727","2725727","NA","2766359","1312","169234","2809777","2810293","1371","150289","161699","2810293","2810807","2701623","2809761","Fraction component detection task","1988","1100847","2017","yes","1280"
"98.5629335976","98.5629335976","545.734886026","545.734886026","#808080","no","legacy","legacy","legacy","0","uniform","1","undefined","undefined","undefined","1","a","9","9","0","2017","0","0","2017","2017","0","0","0","2017","2017","9","2017","Fri Apr 27 13:03:26 2018","#757575","low","2","The main experiment item","yes","","experiment.osexp","/Users/tom/github/sft-fraction/procedure","no","mono","no","24","no","white","no","yes","800","legacy","73","73","9","/Users/tom/github/sft-fraction/results/data/subject-5a.csv","legacy","#757575","low","4","Jazzy James","3.1.9","0","a","NA","space","space","space","a","return","446","NA","148901","11392","7534","446","24015","2","legacy","1024","2","48000","-16","experiment","5","odd","absent","2725727","2725727","NA","2766359","1312","169234","2810887","2811404","1371","150289","161699","2811404","2811880","2701623","2810871","Fraction component detection task","1989","1101293","2018","yes","1280"
"98.563645369","98.563645369","545.679049034","545.679049034","#808080","no","legacy","legacy","legacy","0","uniform","1","undefined","undefined","undefined","1","a","9","9","0","2018","0","0","2018","2018","0","0","0","2018","2018","9","2018","Fri Apr 27 13:03:26 2018","#000000","high","2","The main experiment item","yes","","experiment.osexp","/Users/tom/github/sft-fraction/procedure","no","mono","no","24","no","white","no","yes","800","legacy","74","74","9","/Users/tom/github/sft-fraction/results/data/subject-5a.csv","legacy","#000000","high","2","Jazzy James","3.1.9","0","a","NA","space","space","space","a","return","433","NA","148901","11392","7534","433","24015","2","legacy","1024","2","48000","-16","experiment","5","odd","absent","2725727","2725727","NA","2766359","1312","169234","2811964","2812481","1371","150289","161699","2812481","2812944","2701623","2811948","Fraction component detection task","1990","1101726","2019","yes","1280"
"98.5643564356","98.5643564356","545.745049505","545.745049505","#808080","no","legacy","legacy","legacy","0","uniform","1","undefined","undefined","undefined","1","l","9","9","0","2019","0","0","2019","2019","0","0","0","2019","2019","9","2019","Fri Apr 27 13:03:26 2018","#757575","low","6","The main experiment item","yes","","experiment.osexp","/Users/tom/github/sft-fraction/procedure","no","mono","no","24","no","white","no","yes","800","legacy","75","75","9","/Users/tom/github/sft-fraction/results/data/subject-5a.csv","legacy","#757575","low","4","Jazzy James","3.1.9","0","l","NA","space","space","space","l","return","679","NA","148901","11392","7534","679","24015","2","legacy","1024","2","48000","-16","experiment","5","odd","present","2725727","2725727","NA","2766359","1312","169234","2813034","2813554","1371","150289","161699","2813554","2814260","2701623","2813017","Fraction component detection task","1991","1102405","2020","yes","1280"
"98.5650667986","98.5650667986","545.692726373","545.692726373","#808080","no","legacy","legacy","legacy","0","uniform","1","undefined","undefined","undefined","1","a","9","9","0","2020","0","0","2020","2020","0","0","0","2020","2020","9","2020","Fri Apr 27 13:03:26 2018","#000000","high","3","The main experiment item","yes","","experiment.osexp","/Users/tom/github/sft-fraction/procedure","no","mono","no","24","no","white","no","yes","800","legacy","76","76","9","/Users/tom/github/sft-fraction/results/data/subject-5a.csv","legacy","#000000","high","3","Jazzy James","3.1.9","0","a","NA","space","space","space","a","return","440","NA","148901","11392","7534","440","24015","2","legacy","1024","2","48000","-16","experiment","5","odd","absent","2725727","2725727","NA","2766359","1312","169234","2814356","2814874","1371","150289","161699","2814874","2815344","2701623","2814336","Fraction component detection task","1992","1102845","2021","yes","1280"
"98.565776459","98.565776459","545.683976261","545.683976261","#808080","no","legacy","legacy","legacy","0","uniform","1","undefined","undefined","undefined","1","a","9","9","0","2021","0","0","2021","2021","0","0","0","2021","2021","9","2021","Fri Apr 27 13:03:26 2018","#757575","low","4","The main experiment item","yes","","experiment.osexp","/Users/tom/github/sft-fraction/procedure","no","mono","no","24","no","white","no","yes","800","legacy","77","77","9","/Users/tom/github/sft-fraction/results/data/subject-5a.csv","legacy","#757575","low","2","Jazzy James","3.1.9","0","a","NA","space","space","space","a","return","528","NA","148901","11392","7534","528","24015","2","legacy","1024","2","48000","-16","experiment","5","odd","absent","2725727","2725727","NA","2766359","1312","169234","2815437","2815954","1371","150289","161699","2815954","2816511","2701623","2815418","Fraction component detection task","1993","1103373","2022","yes","1280"
"98.5664854177","98.5664854177","545.718734553","545.718734553","#808080","no","legacy","legacy","legacy","0","uniform","1","undefined","undefined","undefined","1","l","9","9","0","2022","0","0","2022","2022","0","0","0","2022","2022","9","2022","Fri Apr 27 13:03:26 2018","#757575","low","6","The main experiment item","yes","","experiment.osexp","/Users/tom/github/sft-fraction/procedure","no","mono","no","24","no","white","no","yes","800","legacy","78","78","9","/Users/tom/github/sft-fraction/results/data/subject-5a.csv","legacy","#757575","low","2","Jazzy James","3.1.9","0","l","NA","space","space","space","l","return","616","NA","148901","11392","7534","616","24015","2","legacy","1024","2","48000","-16","experiment","5","odd","present","2725727","2725727","NA","2766359","1312","169234","2816602","2817122","1371","150289","161699","2817122","2817765","2701623","2816585","Fraction component detection task","1994","1103989","2023","yes","1280"
"98.5671936759","98.5671936759","545.723814229","545.723814229","#808080","no","legacy","legacy","legacy","0","uniform","1","undefined","undefined","undefined","1","l","9","9","0","2023","0","0","2023","2023","0","0","0","2023","2023","9","2023","Fri Apr 27 13:03:26 2018","#000000","high","6","The main experiment item","yes","","experiment.osexp","/Users/tom/github/sft-fraction/procedure","no","mono","no","24","no","white","no","yes","800","legacy","79","79","9","/Users/tom/github/sft-fraction/results/data/subject-5a.csv","legacy","#757575","low","8","Jazzy James","3.1.9","0","l","NA","space","space","space","l","return","556","NA","148901","11392","7534","556","24015","2","legacy","1024","2","48000","-16","experiment","5","odd","present","2725727","2725727","NA","2766359","1312","169234","2817849","2818366","1371","150289","161699","2818366","2818954","2701623","2817834","Fraction component detection task","1995","1104545","2024","yes","1280"
"98.5679012346","98.5679012346","545.671604938","545.671604938","#808080","no","legacy","legacy","legacy","0","uniform","1","undefined","undefined","undefined","1","a","9","9","0","2024","0","0","2024","2024","0","0","0","2024","2024","9","2024","Fri Apr 27 13:03:26 2018","#757575","low","3","The main experiment item","yes","","experiment.osexp","/Users/tom/github/sft-fraction/procedure","no","mono","no","24","no","white","no","yes","800","legacy","80","80","9","/Users/tom/github/sft-fraction/results/data/subject-5a.csv","legacy","#000000","high","4","Jazzy James","3.1.9","0","a","NA","space","space","space","a","return","440","NA","148901","11392","7534","440","24015","2","legacy","1024","2","48000","-16","experiment","5","odd","absent","2725727","2725727","NA","2766359","1312","169234","2819037","2819554","1371","150289","161699","2819554","2820020","2701623","2819021","Fraction component detection task","1996","1104985","2025","yes","1280"
"98.5686080948","98.5686080948","545.695459033","545.695459033","#808080","no","legacy","legacy","legacy","0","uniform","1","undefined","undefined","undefined","1","l","9","9","0","2025","0","0","2025","2025","0","0","0","2025","2025","9","2025","Fri Apr 27 13:03:26 2018","#000000","high","3","The main experiment item","yes","","experiment.osexp","/Users/tom/github/sft-fraction/procedure","no","mono","no","24","no","white","no","yes","800","legacy","81","81","9","/Users/tom/github/sft-fraction/results/data/subject-5a.csv","legacy","#757575","low","8","Jazzy James","3.1.9","0","l","NA","space","space","space","l","return","594","NA","148901","11392","7534","594","24015","2","legacy","1024","2","48000","-16","experiment","5","odd","present","2725727","2725727","NA","2766359","1312","169234","2820104","2820623","1371","150289","161699","2820623","2821244","2701623","2820088","Fraction component detection task","1997","1105579","2026","yes","1280"
"98.5693142575","98.5693142575","545.675875678","545.675875678","#808080","no","legacy","legacy","legacy","0","uniform","1","undefined","undefined","undefined","1","a","9","9","0","2026","0","0","2026","2026","0","0","0","2026","2026","9","2026","Fri Apr 27 13:03:26 2018","#000000","high","2","The main experiment item","yes","","experiment.osexp","/Users/tom/github/sft-fraction/procedure","no","mono","no","24","no","white","no","yes","800","legacy","82","82","9","/Users/tom/github/sft-fraction/results/data/subject-5a.csv","legacy","#000000","high","4","Jazzy James","3.1.9","0","a","NA","space","space","space","a","return","506","NA","148901","11392","7534","506","24015","2","legacy","1024","2","48000","-16","experiment","5","odd","absent","2725727","2725727","NA","2766359","1312","169234","2821337","2821856","1371","150289","161699","2821856","2822399","2701623","2821317","Fraction component detection task","1998","1106085","2027","yes","1280"
"98.5700197239","98.5700197239","545.674556213","545.674556213","#808080","no","legacy","legacy","legacy","0","uniform","1","undefined","undefined","undefined","1","l","9","9","0","2027","0","0","2027","2027","0","0","0","2027","2027","9","2027","Fri Apr 27 13:03:26 2018","#757575","low","3","The main experiment item","yes","","experiment.osexp","/Users/tom/github/sft-fraction/procedure","no","mono","no","24","no","white","no","yes","800","legacy","83","83","9","/Users/tom/github/sft-fraction/results/data/subject-5a.csv","legacy","#757575","low","8","Jazzy James","3.1.9","0","l","NA","space","space","space","l","return","543","NA","148901","11392","7534","543","24015","2","legacy","1024","2","48000","-16","experiment","5","odd","present","2725727","2725727","NA","2766359","1312","169234","2822489","2823004","1371","150289","161699","2823004","2823575","2701623","2822470","Fraction component detection task","1999","1106628","2028","yes","1280"
"98.5707244948","98.5707244948","545.734844751","545.734844751","#808080","no","legacy","legacy","legacy","0","uniform","1","undefined","undefined","undefined","1","a","9","9","0","2028","0","0","2028","2028","0","0","0","2028","2028","9","2028","Fri Apr 27 13:03:26 2018","#000000","high","2","The main experiment item","yes","","experiment.osexp","/Users/tom/github/sft-fraction/procedure","no","mono","no","24","no","white","no","yes","800","legacy","84","84","9","/Users/tom/github/sft-fraction/results/data/subject-5a.csv","legacy","#000000","high","4","Jazzy James","3.1.9","0","a","NA","space","space","space","a","return","668","NA","148901","11392","7534","668","24015","2","legacy","1024","2","48000","-16","experiment","5","odd","absent","2725727","2725727","NA","2766359","1312","169234","2823664","2824182","1371","150289","161699","2824182","2824880","2701623","2823649","Fraction component detection task","2000","1107296","2029","yes","1280"
"98.5714285714","98.5714285714","545.686699507","545.686699507","#808080","no","legacy","legacy","legacy","0","uniform","1","undefined","undefined","undefined","1","a","9","9","0","2029","0","0","2029","2029","0","0","0","2029","2029","9","2029","Fri Apr 27 13:03:26 2018","#757575","low","4","The main experiment item","yes","","experiment.osexp","/Users/tom/github/sft-fraction/procedure","no","mono","no","24","no","white","no","yes","800","legacy","85","85","9","/Users/tom/github/sft-fraction/results/data/subject-5a.csv","legacy","#000000","high","3","Jazzy James","3.1.9","0","a","NA","space","space","space","a","return","448","NA","148901","11392","7534","448","24015","2","legacy","1024","2","48000","-16","experiment","5","odd","absent","2725727","2725727","NA","2766359","1312","169234","2824966","2825482","1371","150289","161699","2825482","2825960","2701623","2824949","Fraction component detection task","2001","1107744","2030","yes","1280"
"98.5721319547","98.5721319547","545.722796652","545.722796652","#808080","no","legacy","legacy","legacy","0","uniform","1","undefined","undefined","undefined","1","l","9","9","0","2030","0","0","2030","2030","0","0","0","2030","2030","9","2030","Fri Apr 27 13:03:26 2018","#757575","low","8","The main experiment item","yes","","experiment.osexp","/Users/tom/github/sft-fraction/procedure","no","mono","no","24","no","white","no","yes","800","legacy","86","86","9","/Users/tom/github/sft-fraction/results/data/subject-5a.csv","legacy","#757575","low","6","Jazzy James","3.1.9","0","l","NA","space","space","space","l","return","619","NA","148901","11392","7534","619","24015","2","legacy","1024","2","48000","-16","experiment","5","odd","present","2725727","2725727","NA","2766359","1312","169234","2826055","2826575","1371","150289","161699","2826575","2827223","2701623","2826034","Fraction component detection task","2002","1108363","2031","yes","1280"
"98.5728346457","98.5728346457","545.686515748","545.686515748","#808080","no","legacy","legacy","legacy","0","uniform","1","undefined","undefined","undefined","1","a","9","9","0","2031","0","0","2031","2031","0","0","0","2031","2031","9","2031","Fri Apr 27 13:03:26 2018","#000000","high","4","The main experiment item","yes","","experiment.osexp","/Users/tom/github/sft-fraction/procedure","no","mono","no","24","no","white","no","yes","800","legacy","87","87","9","/Users/tom/github/sft-fraction/results/data/subject-5a.csv","legacy","#757575","low","3","Jazzy James","3.1.9","0","a","NA","space","space","space","a","return","472","NA","148901","11392","7534","472","24015","2","legacy","1024","2","48000","-16","experiment","5","odd","absent","2725727","2725727","NA","2766359","1312","169234","2827312","2827834","1371","150289","161699","2827834","2828337","2701623","2827294","Fraction component detection task","2003","1108835","2032","yes","1280"
"98.5735366454","98.5735366454","545.692080669","545.692080669","#808080","no","legacy","legacy","legacy","0","uniform","1","undefined","undefined","undefined","1","l","9","9","0","2032","0","0","2032","2032","0","0","0","2032","2032","9","2032","Fri Apr 27 13:03:26 2018","#000000","high","6","The main experiment item","yes","","experiment.osexp","/Users/tom/github/sft-fraction/procedure","no","mono","no","24","no","white","no","yes","800","legacy","88","88","9","/Users/tom/github/sft-fraction/results/data/subject-5a.csv","legacy","#757575","low","4","Jazzy James","3.1.9","0","l","NA","space","space","space","l","return","557","NA","148901","11392","7534","557","24015","2","legacy","1024","2","48000","-16","experiment","5","odd","present","2725727","2725727","NA","2766359","1312","169234","2828424","2828942","1371","150289","161699","2828942","2829525","2701623","2828406","Fraction component detection task","2004","1109392","2033","yes","1280"
"98.5742379548","98.5742379548","545.771878073","545.771878073","#808080","no","legacy","legacy","legacy","0","uniform","1","undefined","undefined","undefined","1","l","9","9","0","2033","0","0","2033","2033","0","0","0","2033","2033","9","2033","Fri Apr 27 13:03:26 2018","#757575","low","8","The main experiment item","yes","","experiment.osexp","/Users/tom/github/sft-fraction/procedure","no","mono","no","24","no","white","no","yes","800","legacy","89","89","9","/Users/tom/github/sft-fraction/results/data/subject-5a.csv","legacy","#757575","low","3","Jazzy James","3.1.9","0","l","NA","space","space","space","l","return","708","NA","148901","11392","7534","708","24015","2","legacy","1024","2","48000","-16","experiment","5","odd","present","2725727","2725727","NA","2766359","1312","169234","2829616","2830135","1371","150289","161699","2830135","2830871","2701623","2829600","Fraction component detection task","2005","1110100","2034","yes","1280"
"98.5749385749","98.5749385749","545.770515971","545.770515971","#808080","no","legacy","legacy","legacy","0","uniform","1","undefined","undefined","undefined","1","a","9","9","0","2034","0","0","2034","2034","0","0","0","2034","2034","9","2034","Fri Apr 27 13:03:26 2018","#757575","low","4","The main experiment item","yes","","experiment.osexp","/Users/tom/github/sft-fraction/procedure","no","mono","no","24","no","white","no","yes","800","legacy","90","90","9","/Users/tom/github/sft-fraction/results/data/subject-5a.csv","legacy","#000000","high","3","Jazzy James","3.1.9","0","a","NA","space","space","space","a","return","543","NA","148901","11392","7534","543","24015","2","legacy","1024","2","48000","-16","experiment","5","odd","absent","2725727","2725727","NA","2766359","1312","169234","2830957","2831475","1371","150289","161699","2831475","2832054","2701623","2830936","Fraction component detection task","2006","1110643","2035","yes","1280"
"98.5756385069","98.5756385069","545.830058939","545.830058939","#808080","no","legacy","legacy","legacy","0","uniform","1","undefined","undefined","undefined","1","a","9","9","0","2035","0","0","2035","2035","0","0","0","2035","2035","9","2035","Fri Apr 27 13:03:26 2018","#757575","low","4","The main experiment item","yes","","experiment.osexp","/Users/tom/github/sft-fraction/procedure","no","mono","no","24","no","white","no","yes","800","legacy","91","91","9","/Users/tom/github/sft-fraction/results/data/subject-5a.csv","legacy","#757575","low","2","Jazzy James","3.1.9","0","a","NA","space","space","space","a","return","667","NA","148901","11392","7534","667","24015","2","legacy","1024","2","48000","-16","experiment","5","odd","absent","2725727","2725727","NA","2766359","1312","169234","2832147","2832664","1371","150289","161699","2832664","2833363","2701623","2832125","Fraction component detection task","2007","1111310","2036","yes","1280"
"98.5763377516","98.5763377516","545.810014728","545.810014728","#808080","no","legacy","legacy","legacy","0","uniform","1","undefined","undefined","undefined","1","l","9","9","0","2036","0","0","2036","2036","0","0","0","2036","2036","9","2036","Fri Apr 27 13:03:26 2018","#000000","high","3","The main experiment item","yes","","experiment.osexp","/Users/tom/github/sft-fraction/procedure","no","mono","no","24","no","white","no","yes","800","legacy","92","92","9","/Users/tom/github/sft-fraction/results/data/subject-5a.csv","legacy","#000000","high","8","Jazzy James","3.1.9","0","l","NA","space","space","space","l","return","505","NA","148901","11392","7534","505","24015","2","legacy","1024","2","48000","-16","experiment","5","odd","present","2725727","2725727","NA","2766359","1312","169234","2833453","2833970","1371","150289","161699","2833970","2834504","2701623","2833436","Fraction component detection task","2008","1111815","2037","yes","1280"
"98.5770363101","98.5770363101","545.816977429","545.816977429","#808080","no","legacy","legacy","legacy","0","uniform","1","undefined","undefined","undefined","1","a","9","9","0","2037","0","0","2037","2037","0","0","0","2037","2037","9","2037","Fri Apr 27 13:03:26 2018","#757575","low","4","The main experiment item","yes","","experiment.osexp","/Users/tom/github/sft-fraction/procedure","no","mono","no","24","no","white","no","yes","800","legacy","93","93","9","/Users/tom/github/sft-fraction/results/data/subject-5a.csv","legacy","#000000","high","2","Jazzy James","3.1.9","0","a","NA","space","space","space","a","return","560","NA","148901","11392","7534","560","24015","2","legacy","1024","2","48000","-16","experiment","5","odd","absent","2725727","2725727","NA","2766359","1312","169234","2834587","2835107","1371","150289","161699","2835107","2835697","2701623","2834571","Fraction component detection task","2009","1112375","2038","yes","1280"
"98.5777341834","98.5777341834","545.831780284","545.831780284","#808080","no","legacy","legacy","legacy","0","uniform","1","undefined","undefined","undefined","1","a","9","9","0","2038","0","0","2038","2038","0","0","0","2038","2038","9","2038","Fri Apr 27 13:03:26 2018","#000000","high","4","The main experiment item","yes","","experiment.osexp","/Users/tom/github/sft-fraction/procedure","no","mono","no","24","no","white","no","yes","800","legacy","94","94","9","/Users/tom/github/sft-fraction/results/data/subject-5a.csv","legacy","#757575","low","4","Jazzy James","3.1.9","0","a","NA","space","space","space","a","return","576","NA","148901","11392","7534","576","24015","2","legacy","1024","2","48000","-16","experiment","5","odd","absent","2725727","2725727","NA","2766359","1312","169234","2835786","2836307","1371","150289","161699","2836307","2836917","2701623","2835770","Fraction component detection task","2010","1112951","2039","yes","1280"
"98.5784313725","98.5784313725","545.780392157","545.780392157","#808080","no","legacy","legacy","legacy","0","uniform","1","undefined","undefined","undefined","1","a","9","9","0","2039","0","0","2039","2039","0","0","0","2039","2039","9","2039","Fri Apr 27 13:03:26 2018","#000000","high","3","The main experiment item","yes","","experiment.osexp","/Users/tom/github/sft-fraction/procedure","no","mono","no","24","no","white","no","yes","800","legacy","95","95","9","/Users/tom/github/sft-fraction/results/data/subject-5a.csv","legacy","#000000","high","2","Jazzy James","3.1.9","0","a","NA","space","space","space","a","return","441","NA","148901","11392","7534","441","24015","2","legacy","1024","2","48000","-16","experiment","5","odd","absent","2725727","2725727","NA","2766359","1312","169234","2837004","2837522","1371","150289","161699","2837522","2837994","2701623","2836988","Fraction component detection task","2011","1113392","2040","yes","1280"
"98.5791278785","98.5791278785","545.76433121","545.76433121","#808080","no","legacy","legacy","legacy","0","uniform","1","undefined","undefined","undefined","1","l","9","9","0","2040","0","0","2040","2040","0","0","0","2040","2040","9","2040","Fri Apr 27 13:03:26 2018","#757575","low","6","The main experiment item","yes","","experiment.osexp","/Users/tom/github/sft-fraction/procedure","no","mono","no","24","no","white","no","yes","800","legacy","96","96","9","/Users/tom/github/sft-fraction/results/data/subject-5a.csv","legacy","#000000","high","6","Jazzy James","3.1.9","0","l","NA","space","space","space","l","return","513","NA","148901","11392","7534","513","24015","2","legacy","1024","2","48000","-16","experiment","5","odd","present","2725727","2725727","NA","2766359","1312","169234","2838081","2838600","1371","150289","161699","2838601","2839148","2701623","2838063","Fraction component detection task","2012","1113905","2041","yes","1280"
"98.5798237023","98.5798237023","545.736532811","545.736532811","#808080","no","legacy","legacy","legacy","0","uniform","1","undefined","undefined","undefined","1","a","9","9","0","2041","0","0","2041","2041","0","0","0","2041","2041","9","2041","Fri Apr 27 13:03:26 2018","#757575","low","4","The main experiment item","yes","","experiment.osexp","/Users/tom/github/sft-fraction/procedure","no","mono","no","24","no","white","no","yes","800","legacy","97","97","9","/Users/tom/github/sft-fraction/results/data/subject-5a.csv","legacy","#757575","low","4","Jazzy James","3.1.9","0","a","NA","space","space","space","a","return","489","NA","148901","11392","7534","489","24015","2","legacy","1024","2","48000","-16","experiment","5","odd","absent","2725727","2725727","NA","2766359","1312","169234","2839240","2839761","1371","150289","161699","2839761","2840277","2701623","2839219","Fraction component detection task","2013","1114394","2042","yes","1280"
"98.5805188448","98.5805188448","545.727851199","545.727851199","#808080","no","legacy","legacy","legacy","0","uniform","1","undefined","undefined","undefined","1","a","9","9","0","2042","0","0","2042","2042","0","0","0","2042","2042","9","2042","Fri Apr 27 13:03:26 2018","#757575","low","2","The main experiment item","yes","","experiment.osexp","/Users/tom/github/sft-fraction/procedure","no","mono","no","24","no","white","no","yes","800","legacy","98","98","9","/Users/tom/github/sft-fraction/results/data/subject-5a.csv","legacy","#757575","low","2","Jazzy James","3.1.9","0","a","NA","space","space","space","a","return","528","NA","148901","11392","7534","528","24015","2","legacy","1024","2","48000","-16","experiment","5","odd","absent","2725727","2725727","NA","2766359","1312","169234","2840367","2840884","1371","150289","161699","2840884","2841448","2701623","2840351","Fraction component detection task","2014","1114922","2043","yes","1280"
"98.5812133072","98.5812133072","545.688356164","545.688356164","#808080","no","legacy","legacy","legacy","0","uniform","1","undefined","undefined","undefined","1","l","9","9","0","2043","0","0","2043","2043","0","0","0","2043","2043","9","2043","Fri Apr 27 13:03:26 2018","#757575","low","6","The main experiment item","yes","","experiment.osexp","/Users/tom/github/sft-fraction/procedure","no","mono","no","24","no","white","no","yes","800","legacy","99","99","9","/Users/tom/github/sft-fraction/results/data/subject-5a.csv","legacy","#000000","high","8","Jazzy James","3.1.9","0","l","NA","space","space","space","l","return","465","NA","148901","11392","7534","465","24015","2","legacy","1024","2","48000","-16","experiment","5","odd","present","2725727","2725727","NA","2766359","1312","169234","2841540","2842057","1371","150289","161699","2842058","2842550","2701623","2841519","Fraction component detection task","2015","1115387","2044","yes","1280"
"98.5819070905","98.5819070905","545.660146699","545.660146699","#808080","no","legacy","legacy","legacy","0","uniform","1","undefined","undefined","undefined","1","a","9","9","0","2044","0","0","2044","2044","0","0","0","2044","2044","9","2044","Fri Apr 27 13:03:26 2018","#757575","low","3","The main experiment item","yes","","experiment.osexp","/Users/tom/github/sft-fraction/procedure","no","mono","no","24","no","white","no","yes","800","legacy","100","100","9","/Users/tom/github/sft-fraction/results/data/subject-5a.csv","legacy","#757575","low","4","Jazzy James","3.1.9","0","a","NA","space","space","space","a","return","488","NA","148901","11392","7534","488","24015","2","legacy","1024","2","48000","-16","experiment","5","odd","absent","2725727","2725727","NA","2766359","1312","169234","2842639","2843155","1371","150289","161699","2843155","2843674","2701623","2842622","Fraction component detection task","2016","1115875","2045","yes","1280"
"98.5826001955","98.5826001955","545.641251222","545.641251222","#808080","no","legacy","legacy","legacy","0","uniform","1","undefined","undefined","undefined","1","a","9","9","0","2045","0","0","2045","2045","0","0","0","2045","2045","9","2045","Fri Apr 27 13:03:26 2018","#757575","low","4","The main experiment item","yes","","experiment.osexp","/Users/tom/github/sft-fraction/procedure","no","mono","no","24","no","white","no","yes","800","legacy","101","101","9","/Users/tom/github/sft-fraction/results/data/subject-5a.csv","legacy","#757575","low","3","Jazzy James","3.1.9","0","a","NA","space","space","space","a","return","507","NA","148901","11392","7534","507","24015","2","legacy","1024","2","48000","-16","experiment","5","odd","absent","2725727","2725727","NA","2766359","1312","169234","2843762","2844280","1371","150289","161699","2844280","2844823","2701623","2843743","Fraction component detection task","2017","1116382","2046","yes","1280"
"98.5832926234","98.5832926234","545.63605276","545.63605276","#808080","no","legacy","legacy","legacy","0","uniform","1","undefined","undefined","undefined","1","a","9","9","0","2046","0","0","2046","2046","0","0","0","2046","2046","9","2046","Fri Apr 27 13:03:26 2018","#000000","high","2","The main experiment item","yes","","experiment.osexp","/Users/tom/github/sft-fraction/procedure","no","mono","no","24","no","white","no","yes","800","legacy","102","102","9","/Users/tom/github/sft-fraction/results/data/subject-5a.csv","legacy","#000000","high","2","Jazzy James","3.1.9","0","a","NA","space","space","space","a","return","535","NA","148901","11392","7534","535","24015","2","legacy","1024","2","48000","-16","experiment","5","odd","absent","2725727","2725727","NA","2766359","1312","169234","2844908","2845428","1371","150289","161699","2845428","2845991","2701623","2844892","Fraction component detection task","2018","1116917","2047","yes","1280"
"98.583984375","98.583984375","545.725097656","545.725097656","#808080","no","legacy","legacy","legacy","0","uniform","1","undefined","undefined","undefined","1","l","9","9","0","2047","0","0","2047","2047","0","0","0","2047","2047","9","2047","Fri Apr 27 13:03:26 2018","#757575","low","6","The main experiment item","yes","","experiment.osexp","/Users/tom/github/sft-fraction/procedure","no","mono","no","24","no","white","no","yes","800","legacy","103","103","9","/Users/tom/github/sft-fraction/results/data/subject-5a.csv","legacy","#000000","high","2","Jazzy James","3.1.9","0","l","NA","space","space","space","l","return","728","NA","148901","11392","7534","728","24015","2","legacy","1024","2","48000","-16","experiment","5","odd","present","2725727","2725727","NA","2766359","1312","169234","2846079","2846596","1371","150289","161699","2846596","2847350","2701623","2846059","Fraction component detection task","2019","1117645","2048","yes","1280"
"98.5846754514","98.5846754514","545.719863348","545.719863348","#808080","no","legacy","legacy","legacy","0","uniform","1","undefined","undefined","undefined","1","l","9","9","0","2048","0","0","2048","2048","0","0","0","2048","2048","9","2048","Fri Apr 27 13:03:26 2018","#000000","high","3","The main experiment item","yes","","experiment.osexp","/Users/tom/github/sft-fraction/procedure","no","mono","no","24","no","white","no","yes","800","legacy","104","104","9","/Users/tom/github/sft-fraction/results/data/subject-5a.csv","legacy","#757575","low","6","Jazzy James","3.1.9","0","l","NA","space","space","space","l","return","535","NA","148901","11392","7534","535","24015","2","legacy","1024","2","48000","-16","experiment","5","odd","present","2725727","2725727","NA","2766359","1312","169234","2847433","2847949","1371","150289","161699","2847949","2848512","2701623","2847417","Fraction component detection task","2020","1118180","2049","yes","1280"
"98.5853658537","98.5853658537","545.701463415","545.701463415","#808080","no","legacy","legacy","legacy","0","uniform","1","undefined","undefined","undefined","1","l","9","9","0","2049","0","0","2049","2049","0","0","0","2049","2049","9","2049","Fri Apr 27 13:03:26 2018","#000000","high","7","The main experiment item","yes","","experiment.osexp","/Users/tom/github/sft-fraction/procedure","no","mono","no","24","no","white","no","yes","800","legacy","105","105","9","/Users/tom/github/sft-fraction/results/data/subject-5a.csv","legacy","#757575","low","8","Jazzy James","3.1.9","0","l","NA","space","space","space","l","return","508","NA","148901","11392","7534","508","24015","2","legacy","1024","2","48000","-16","experiment","5","odd","present","2725727","2725727","NA","2766359","1312","169234","2848594","2849111","1371","150289","161699","2849112","2849652","2701623","2848578","Fraction component detection task","2021","1118688","2050","yes","1280"
"98.5860555826","98.5860555826","545.689907362","545.689907362","#808080","no","legacy","legacy","legacy","0","uniform","1","undefined","undefined","undefined","1","a","9","9","0","2050","0","0","2050","2050","0","0","0","2050","2050","9","2050","Fri Apr 27 13:03:26 2018","#757575","low","4","The main experiment item","yes","","experiment.osexp","/Users/tom/github/sft-fraction/procedure","no","mono","no","24","no","white","no","yes","800","legacy","106","106","9","/Users/tom/github/sft-fraction/results/data/subject-5a.csv","legacy","#757575","low","3","Jazzy James","3.1.9","0","a","NA","space","space","space","a","return","522","NA","148901","11392","7534","522","24015","2","legacy","1024","2","48000","-16","experiment","5","odd","absent","2725727","2725727","NA","2766359","1312","169234","2849740","2850258","1371","150289","161699","2850258","2850808","2701623","2849725","Fraction component detection task","2022","1119210","2051","yes","1280"
"98.5867446394","98.5867446394","545.670077973","545.670077973","#808080","no","legacy","legacy","legacy","0","uniform","1","undefined","undefined","undefined","1","l","9","9","0","2051","0","0","2051","2051","0","0","0","2051","2051","9","2051","Fri Apr 27 13:03:26 2018","#000000","high","8","The main experiment item","yes","","experiment.osexp","/Users/tom/github/sft-fraction/procedure","no","mono","no","24","no","white","no","yes","800","legacy","107","107","9","/Users/tom/github/sft-fraction/results/data/subject-5a.csv","legacy","#000000","high","3","Jazzy James","3.1.9","0","l","NA","space","space","space","l","return","505","NA","148901","11392","7534","505","24015","2","legacy","1024","2","48000","-16","experiment","5","odd","present","2725727","2725727","NA","2766359","1312","169234","2850893","2851411","1371","150289","161699","2851411","2851944","2701623","2850877","Fraction component detection task","2023","1119715","2052","yes","1280"
"98.5874330248","98.5874330248","545.650267901","545.650267901","#808080","no","legacy","legacy","legacy","0","uniform","1","undefined","undefined","undefined","1","a","9","9","0","2052","0","0","2052","2052","0","0","0","2052","2052","9","2052","Fri Apr 27 13:03:26 2018","#000000","high","4","The main experiment item","yes","","experiment.osexp","/Users/tom/github/sft-fraction/procedure","no","mono","no","24","no","white","no","yes","800","legacy","108","108","9","/Users/tom/github/sft-fraction/results/data/subject-5a.csv","legacy","#000000","high","4","Jazzy James","3.1.9","0","a","NA","space","space","space","a","return","505","NA","148901","11392","7534","505","24015","2","legacy","1024","2","48000","-16","experiment","5","odd","absent","2725727","2725727","NA","2766359","1312","169234","2852029","2852546","1371","150289","161699","2852546","2853082","2701623","2852013","Fraction component detection task","2024","1120220","2053","yes","1280"
"98.58812074","98.58812074","545.641674781","545.641674781","#808080","no","legacy","legacy","legacy","0","uniform","1","undefined","undefined","undefined","1","l","9","9","0","2053","0","0","2053","2053","0","0","0","2053","2053","9","2053","Fri Apr 27 13:03:26 2018","#757575","low","4","The main experiment item","yes","","experiment.osexp","/Users/tom/github/sft-fraction/procedure","no","mono","no","24","no","white","no","yes","800","legacy","109","109","9","/Users/tom/github/sft-fraction/results/data/subject-5a.csv","legacy","#000000","high","6","Jazzy James","3.1.9","0","l","NA","space","space","space","l","return","528","NA","148901","11392","7534","528","24015","2","legacy","1024","2","48000","-16","experiment","5","odd","present","2725727","2725727","NA","2766359","1312","169234","2853168","2853691","1371","150289","161699","2853691","2854246","2701623","2853149","Fraction component detection task","2025","1120748","2054","yes","1280"
"98.5888077859","98.5888077859","545.622871046","545.622871046","#808080","no","legacy","legacy","legacy","0","uniform","1","undefined","undefined","undefined","1","l","9","9","0","2054","0","0","2054","2054","0","0","0","2054","2054","9","2054","Fri Apr 27 13:03:26 2018","#757575","low","7","The main experiment item","yes","","experiment.osexp","/Users/tom/github/sft-fraction/procedure","no","mono","no","24","no","white","no","yes","800","legacy","110","110","9","/Users/tom/github/sft-fraction/results/data/subject-5a.csv","legacy","#000000","high","3","Jazzy James","3.1.9","0","l","NA","space","space","space","l","return","507","NA","148901","11392","7534","507","24015","2","legacy","1024","2","48000","-16","experiment","5","odd","present","2725727","2725727","NA","2766359","1312","169234","2854332","2854848","1371","150289","161699","2854849","2855386","2701623","2854316","Fraction component detection task","2026","1121255","2055","yes","1280"
"98.5894941634","98.5894941634","545.627431907","545.627431907","#808080","no","legacy","legacy","legacy","0","uniform","1","undefined","undefined","undefined","1","a","9","9","0","2055","0","0","2055","2055","0","0","0","2055","2055","9","2055","Fri Apr 27 13:03:26 2018","#757575","low","2","The main experiment item","yes","","experiment.osexp","/Users/tom/github/sft-fraction/procedure","no","mono","no","24","no","white","no","yes","800","legacy","111","111","9","/Users/tom/github/sft-fraction/results/data/subject-5a.csv","legacy","#757575","low","4","Jazzy James","3.1.9","0","a","NA","space","space","space","a","return","555","NA","148901","11392","7534","555","24015","2","legacy","1024","2","48000","-16","experiment","5","odd","absent","2725727","2725727","NA","2766359","1312","169234","2855473","2855992","1371","150289","161699","2855993","2856578","2701623","2855453","Fraction component detection task","2027","1121810","2056","yes","1280"
"98.5901798736","98.5901798736","545.609139524","545.609139524","#808080","no","legacy","legacy","legacy","0","uniform","1","undefined","undefined","undefined","1","l","9","9","0","2056","0","0","2056","2056","0","0","0","2056","2056","9","2056","Fri Apr 27 13:03:26 2018","#757575","low","2","The main experiment item","yes","","experiment.osexp","/Users/tom/github/sft-fraction/procedure","no","mono","no","24","no","white","no","yes","800","legacy","112","112","9","/Users/tom/github/sft-fraction/results/data/subject-5a.csv","legacy","#757575","low","6","Jazzy James","3.1.9","0","l","NA","space","space","space","l","return","508","NA","148901","11392","7534","508","24015","2","legacy","1024","2","48000","-16","experiment","5","odd","present","2725727","2725727","NA","2766359","1312","169234","2856668","2857184","1371","150289","161699","2857184","2857728","2701623","2856647","Fraction component detection task","2028","1122318","2057","yes","1280"
"98.5908649174","98.5908649174","545.585034014","545.585034014","#808080","no","legacy","legacy","legacy","0","uniform","1","undefined","undefined","undefined","1","a","9","9","0","2057","0","0","2057","2057","0","0","0","2057","2057","9","2057","Fri Apr 27 13:03:26 2018","#757575","low","2","The main experiment item","yes","","experiment.osexp","/Users/tom/github/sft-fraction/procedure","no","mono","no","24","no","white","no","yes","800","legacy","113","113","9","/Users/tom/github/sft-fraction/results/data/subject-5a.csv","legacy","#757575","low","4","Jazzy James","3.1.9","0","a","NA","space","space","space","a","return","496","NA","148901","11392","7534","496","24015","2","legacy","1024","2","48000","-16","experiment","5","odd","absent","2725727","2725727","NA","2766359","1312","169234","2857815","2858332","1371","150289","161699","2858332","2858858","2701623","2857799","Fraction component detection task","2029","1122814","2058","yes","1280"
"98.5915492958","98.5915492958","545.588149587","545.588149587","#808080","no","legacy","legacy","legacy","0","uniform","1","undefined","undefined","undefined","1","l","9","9","0","2058","0","0","2058","2058","0","0","0","2058","2058","9","2058","Fri Apr 27 13:03:26 2018","#757575","low","7","The main experiment item","yes","","experiment.osexp","/Users/tom/github/sft-fraction/procedure","no","mono","no","24","no","white","no","yes","800","legacy","114","114","9","/Users/tom/github/sft-fraction/results/data/subject-5a.csv","legacy","#000000","high","2","Jazzy James","3.1.9","0","l","NA","space","space","space","l","return","552","NA","148901","11392","7534","552","24015","2","legacy","1024","2","48000","-16","experiment","5","odd","present","2725727","2725727","NA","2766359","1312","169234","2858941","2859458","1371","150289","161699","2859459","2860041","2701623","2858925","Fraction component detection task","2030","1123366","2059","yes","1280"
"98.5922330097","98.5922330097","545.595631068","545.595631068","#808080","no","legacy","legacy","legacy","0","uniform","1","undefined","undefined","undefined","1","a","9","9","0","2059","0","0","2059","2059","0","0","0","2059","2059","9","2059","Fri Apr 27 13:03:26 2018","#000000","high","3","The main experiment item","yes","","experiment.osexp","/Users/tom/github/sft-fraction/procedure","no","mono","no","24","no","white","no","yes","800","legacy","115","115","9","/Users/tom/github/sft-fraction/results/data/subject-5a.csv","legacy","#000000","high","4","Jazzy James","3.1.9","0","a","NA","space","space","space","a","return","561","NA","148901","11392","7534","561","24015","2","legacy","1024","2","48000","-16","experiment","5","odd","absent","2725727","2725727","NA","2766359","1312","169234","2860130","2860650","1371","150289","161699","2860650","2861238","2701623","2860114","Fraction component detection task","2031","1123927","2060","yes","1280"
"98.5929160602","98.5929160602","545.592430859","545.592430859","#808080","no","legacy","legacy","legacy","0","uniform","1","undefined","undefined","undefined","1","a","9","9","0","2060","0","0","2060","2060","0","0","0","2060","2060","9","2060","Fri Apr 27 13:03:26 2018","#757575","low","4","The main experiment item","yes","","experiment.osexp","/Users/tom/github/sft-fraction/procedure","no","mono","no","24","no","white","no","yes","800","legacy","116","116","9","/Users/tom/github/sft-fraction/results/data/subject-5a.csv","legacy","#000000","high","2","Jazzy James","3.1.9","0","a","NA","space","space","space","a","return","539","NA","148901","11392","7534","539","24015","2","legacy","1024","2","48000","-16","experiment","5","odd","absent","2725727","2725727","NA","2766359","1312","169234","2861332","2861848","1371","150289","161699","2861849","2862421","2701623","2861309","Fraction component detection task","2032","1124466","2061","yes","1280"
"98.5935984481","98.5935984481","545.565470417","545.565470417","#808080","no","legacy","legacy","legacy","0","uniform","1","undefined","undefined","undefined","1","l","9","9","0","2061","0","0","2061","2061","0","0","0","2061","2061","9","2061","Fri Apr 27 13:03:26 2018","#757575","low","2","The main experiment item","yes","","experiment.osexp","/Users/tom/github/sft-fraction/procedure","no","mono","no","24","no","white","no","yes","800","legacy","117","117","9","/Users/tom/github/sft-fraction/results/data/subject-5a.csv","legacy","#757575","low","7","Jazzy James","3.1.9","0","l","NA","space","space","space","l","return","490","NA","148901","11392","7534","490","24015","2","legacy","1024","2","48000","-16","experiment","5","odd","present","2725727","2725727","NA","2766359","1312","169234","2862510","2863026","1371","150289","161699","2863026","2863550","2701623","2862494","Fraction component detection task","2033","1124956","2062","yes","1280"
"98.5942801745","98.5942801745","545.517692681","545.517692681","#808080","no","legacy","legacy","legacy","0","uniform","1","undefined","undefined","undefined","1","l","9","9","0","2062","0","0","2062","2062","0","0","0","2062","2062","9","2062","Fri Apr 27 13:03:26 2018","#757575","low","3","The main experiment item","yes","","experiment.osexp","/Users/tom/github/sft-fraction/procedure","no","mono","no","24","no","white","no","yes","800","legacy","118","118","9","/Users/tom/github/sft-fraction/results/data/subject-5a.csv","legacy","#000000","high","6","Jazzy James","3.1.9","0","l","NA","space","space","space","l","return","447","NA","148901","11392","7534","447","24015","2","legacy","1024","2","48000","-16","experiment","5","odd","present","2725727","2725727","NA","2766359","1312","169234","2863633","2864150","1371","150289","161699","2864150","2864624","2701623","2863617","Fraction component detection task","2034","1125403","2063","yes","1280"
"98.5949612403","98.5949612403","545.484011628","545.484011628","#808080","no","legacy","legacy","legacy","0","uniform","1","undefined","undefined","undefined","1","l","9","9","0","2063","0","0","2063","2063","0","0","0","2063","2063","9","2063","Fri Apr 27 13:03:26 2018","#000000","high","4","The main experiment item","yes","","experiment.osexp","/Users/tom/github/sft-fraction/procedure","no","mono","no","24","no","white","no","yes","800","legacy","119","119","9","/Users/tom/github/sft-fraction/results/data/subject-5a.csv","legacy","#757575","low","7","Jazzy James","3.1.9","0","l","NA","space","space","space","l","return","476","NA","148901","11392","7534","476","24015","2","legacy","1024","2","48000","-16","experiment","5","odd","present","2725727","2725727","NA","2766359","1312","169234","2864708","2865224","1371","150289","161699","2865225","2865730","2701623","2864692","Fraction component detection task","2035","1125879","2064","yes","1280"
"98.5956416465","98.5956416465","545.430508475","545.430508475","#808080","no","legacy","legacy","legacy","0","uniform","1","undefined","undefined","undefined","1","l","9","9","0","2064","0","0","2064","2064","0","0","0","2064","2064","9","2064","Fri Apr 27 13:03:26 2018","#000000","high","2","The main experiment item","yes","","experiment.osexp","/Users/tom/github/sft-fraction/procedure","no","mono","no","24","no","white","no","yes","800","legacy","120","120","9","/Users/tom/github/sft-fraction/results/data/subject-5a.csv","legacy","#757575","low","7","Jazzy James","3.1.9","0","l","NA","space","space","space","l","return","435","NA","148901","11392","7534","435","24015","2","legacy","1024","2","48000","-16","experiment","5","odd","present","2725727","2725727","NA","2766359","1312","169234","2865819","2866337","1371","150289","161699","2866337","2866800","2701623","2865800","Fraction component detection task","2036","1126314","2065","yes","1280"
"98.596321394","98.596321394","545.427395934","545.427395934","#808080","no","legacy","legacy","legacy","0","uniform","1","undefined","undefined","undefined","1","l","9","9","0","2065","0","0","2065","2065","0","0","0","2065","2065","9","2065","Fri Apr 27 13:03:26 2018","#757575","low","6","The main experiment item","yes","","experiment.osexp","/Users/tom/github/sft-fraction/procedure","no","mono","no","24","no","white","no","yes","800","legacy","121","121","9","/Users/tom/github/sft-fraction/results/data/subject-5a.csv","legacy","#000000","high","3","Jazzy James","3.1.9","0","l","NA","space","space","space","l","return","539","NA","148901","11392","7534","539","24015","2","legacy","1024","2","48000","-16","experiment","5","odd","present","2725727","2725727","NA","2766359","1312","169234","2866884","2867402","1371","150289","161699","2867402","2867971","2701623","2866868","Fraction component detection task","2037","1126853","2066","yes","1280"
"98.5970004838","98.5970004838","545.369617804","545.369617804","#808080","no","legacy","legacy","legacy","0","uniform","1","undefined","undefined","undefined","1","l","9","9","0","2066","0","0","2066","2066","0","0","0","2066","2066","9","2066","Fri Apr 27 13:03:26 2018","#757575","low","7","The main experiment item","yes","","experiment.osexp","/Users/tom/github/sft-fraction/procedure","no","mono","no","24","no","white","no","yes","800","legacy","122","122","9","/Users/tom/github/sft-fraction/results/data/subject-5a.csv","legacy","#000000","high","8","Jazzy James","3.1.9","0","l","NA","space","space","space","l","return","426","NA","148901","11392","7534","426","24015","2","legacy","1024","2","48000","-16","experiment","5","odd","present","2725727","2725727","NA","2766359","1312","169234","2868058","2868577","1371","150289","161699","2868578","2869032","2701623","2868039","Fraction component detection task","2038","1127279","2067","yes","1280"
"98.5976789168","98.5976789168","545.361702128","545.361702128","#808080","no","legacy","legacy","legacy","0","uniform","1","undefined","undefined","undefined","1","l","9","9","0","2067","0","0","2067","2067","0","0","0","2067","2067","9","2067","Fri Apr 27 13:03:26 2018","#757575","low","8","The main experiment item","yes","","experiment.osexp","/Users/tom/github/sft-fraction/procedure","no","mono","no","24","no","white","no","yes","800","legacy","123","123","9","/Users/tom/github/sft-fraction/results/data/subject-5a.csv","legacy","#757575","low","4","Jazzy James","3.1.9","0","l","NA","space","space","space","l","return","529","NA","148901","11392","7534","529","24015","2","legacy","1024","2","48000","-16","experiment","5","odd","present","2725727","2725727","NA","2766359","1312","169234","2869125","2869643","1371","150289","161699","2869643","2870199","2701623","2869104","Fraction component detection task","2039","1127808","2068","yes","1280"
"98.5983566941","98.5983566941","545.354277429","545.354277429","#808080","no","legacy","legacy","legacy","0","uniform","1","undefined","undefined","undefined","1","a","9","9","0","2068","0","0","2068","2068","0","0","0","2068","2068","9","2068","Fri Apr 27 13:03:26 2018","#757575","low","4","The main experiment item","yes","","experiment.osexp","/Users/tom/github/sft-fraction/procedure","no","mono","no","24","no","white","no","yes","800","legacy","124","124","9","/Users/tom/github/sft-fraction/results/data/subject-5a.csv","legacy","#000000","high","4","Jazzy James","3.1.9","0","a","NA","space","space","space","a","return","530","NA","148901","11392","7534","530","24015","2","legacy","1024","2","48000","-16","experiment","5","odd","absent","2725727","2725727","NA","2766359","1312","169234","2870293","2870811","1371","150289","161699","2870811","2871368","2701623","2870273","Fraction component detection task","2040","1128338","2069","yes","1280"
"98.5990338164","98.5990338164","545.32705314","545.32705314","#808080","no","legacy","legacy","legacy","0","uniform","1","undefined","undefined","undefined","1","a","9","9","0","2069","0","0","2069","2069","0","0","0","2069","2069","9","2069","Fri Apr 27 13:03:26 2018","#000000","high","4","The main experiment item","yes","","experiment.osexp","/Users/tom/github/sft-fraction/procedure","no","mono","no","24","no","white","no","yes","800","legacy","125","125","9","/Users/tom/github/sft-fraction/results/data/subject-5a.csv","legacy","#000000","high","2","Jazzy James","3.1.9","0","a","NA","space","space","space","a","return","489","NA","148901","11392","7534","489","24015","2","legacy","1024","2","48000","-16","experiment","5","odd","absent","2725727","2725727","NA","2766359","1312","169234","2871453","2871971","1371","150289","161699","2871972","2872495","2701623","2871437","Fraction component detection task","2041","1128827","2070","yes","1280"
"98.5997102849","98.5997102849","545.322549493","545.322549493","#808080","no","legacy","legacy","legacy","0","uniform","1","undefined","undefined","undefined","1","l","9","9","0","2070","0","0","2070","2070","0","0","0","2070","2070","9","2070","Fri Apr 27 13:03:26 2018","#000000","high","8","The main experiment item","yes","","experiment.osexp","/Users/tom/github/sft-fraction/procedure","no","mono","no","24","no","white","no","yes","800","legacy","126","126","9","/Users/tom/github/sft-fraction/results/data/subject-5a.csv","legacy","#000000","high","2","Jazzy James","3.1.9","0","l","NA","space","space","space","l","return","536","NA","148901","11392","7534","536","24015","2","legacy","1024","2","48000","-16","experiment","5","odd","present","2725727","2725727","NA","2766359","1312","169234","2872585","2873101","1371","150289","161699","2873101","2873665","2701623","2872562","Fraction component detection task","2042","1129363","2071","yes","1280"
"98.6003861004","98.6003861004","545.273648649","545.273648649","#808080","no","legacy","legacy","legacy","0","uniform","1","undefined","undefined","undefined","1","l","9","9","0","2071","0","0","2071","2071","0","0","0","2071","2071","9","2071","Fri Apr 27 13:03:26 2018","#757575","low","4","The main experiment item","yes","","experiment.osexp","/Users/tom/github/sft-fraction/procedure","no","mono","no","24","no","white","no","yes","800","legacy","127","127","9","/Users/tom/github/sft-fraction/results/data/subject-5a.csv","legacy","#000000","high","7","Jazzy James","3.1.9","0","l","NA","space","space","space","l","return","444","NA","148901","11392","7534","444","24015","2","legacy","1024","2","48000","-16","experiment","5","odd","present","2725727","2725727","NA","2766359","1312","169234","2873749","2874265","1371","150289","161699","2874265","2874740","2701623","2873733","Fraction component detection task","2043","1129807","2072","yes","1280"
"98.6010612639","98.6010612639","545.239266763","545.239266763","#808080","no","legacy","legacy","legacy","0","uniform","1","undefined","undefined","undefined","1","a","9","9","0","2072","0","0","2072","2072","0","0","0","2072","2072","9","2072","Fri Apr 27 13:03:26 2018","#000000","high","2","The main experiment item","yes","","experiment.osexp","/Users/tom/github/sft-fraction/procedure","no","mono","no","24","no","white","no","yes","800","legacy","128","128","9","/Users/tom/github/sft-fraction/results/data/subject-5a.csv","legacy","#000000","high","3","Jazzy James","3.1.9","0","a","NA","space","space","space","a","return","474","NA","148901","11392","7534","474","24015","2","legacy","1024","2","48000","-16","experiment","5","odd","absent","2725727","2725727","NA","2766359","1312","169234","2874830","2875347","1371","150289","161699","2875347","2875850","2701623","2874811","Fraction component detection task","2044","1130281","2073","yes","1280"
"98.6017357763","98.6017357763","545.238669238","545.238669238","#808080","no","legacy","legacy","legacy","0","uniform","1","undefined","undefined","undefined","1","a","9","9","0","2073","0","0","2073","2073","0","0","0","2073","2073","9","2073","Fri Apr 27 13:03:26 2018","#000000","high","2","The main experiment item","yes","","experiment.osexp","/Users/tom/github/sft-fraction/procedure","no","mono","no","24","no","white","no","yes","800","legacy","129","129","9","/Users/tom/github/sft-fraction/results/data/subject-5a.csv","legacy","#757575","low","3","Jazzy James","3.1.9","0","a","NA","space","space","space","a","return","544","NA","148901","11392","7534","544","24015","2","legacy","1024","2","48000","-16","experiment","5","odd","absent","2725727","2725727","NA","2766359","1312","169234","2875943","2876460","1371","150289","161699","2876460","2877037","2701623","2875923","Fraction component detection task","2045","1130825","2074","yes","1280"
"98.6024096386","98.6024096386","545.22313253","545.22313253","#808080","no","legacy","legacy","legacy","0","uniform","1","undefined","undefined","undefined","1","l","9","9","0","2074","0","0","2074","2074","0","0","0","2074","2074","9","2074","Fri Apr 27 13:03:26 2018","#000000","high","7","The main experiment item","yes","","experiment.osexp","/Users/tom/github/sft-fraction/procedure","no","mono","no","24","no","white","no","yes","800","legacy","130","130","9","/Users/tom/github/sft-fraction/results/data/subject-5a.csv","legacy","#757575","low","4","Jazzy James","3.1.9","0","l","NA","space","space","space","l","return","513","NA","148901","11392","7534","513","24015","2","legacy","1024","2","48000","-16","experiment","5","odd","present","2725727","2725727","NA","2766359","1312","169234","2877131","2877650","1371","150289","161699","2877651","2878196","2701623","2877111","Fraction component detection task","2046","1131338","2075","yes","1280"
"98.6030828516","98.6030828516","545.230250482","545.230250482","#808080","no","legacy","legacy","legacy","0","uniform","1","undefined","undefined","undefined","1","a","9","9","0","2075","0","0","2075","2075","0","0","0","2075","2075","9","2075","Fri Apr 27 13:03:26 2018","#757575","low","2","The main experiment item","yes","","experiment.osexp","/Users/tom/github/sft-fraction/procedure","no","mono","no","24","no","white","no","yes","800","legacy","131","131","9","/Users/tom/github/sft-fraction/results/data/subject-5a.csv","legacy","#757575","low","2","Jazzy James","3.1.9","0","a","NA","space","space","space","a","return","560","NA","148901","11392","7534","560","24015","2","legacy","1024","2","48000","-16","experiment","5","odd","absent","2725727","2725727","NA","2766359","1312","169234","2878280","2878797","1371","150289","161699","2878797","2879395","2701623","2878264","Fraction component detection task","2047","1131898","2076","yes","1280"
"98.6037554165","98.6037554165","545.195955705","545.195955705","#808080","no","legacy","legacy","legacy","0","uniform","1","undefined","undefined","undefined","1","a","9","9","0","2076","0","0","2076","2076","0","0","0","2076","2076","9","2076","Fri Apr 27 13:03:26 2018","#757575","low","3","The main experiment item","yes","","experiment.osexp","/Users/tom/github/sft-fraction/procedure","no","mono","no","24","no","white","no","yes","800","legacy","132","132","9","/Users/tom/github/sft-fraction/results/data/subject-5a.csv","legacy","#757575","low","2","Jazzy James","3.1.9","0","a","NA","space","space","space","a","return","474","NA","148901","11392","7534","474","24015","2","legacy","1024","2","48000","-16","experiment","5","odd","absent","2725727","2725727","NA","2766359","1312","169234","2879478","2879995","1371","150289","161699","2879995","2880505","2701623","2879462","Fraction component detection task","2048","1132372","2077","yes","1280"
"98.604427334","98.604427334","545.141963426","545.141963426","#808080","no","legacy","legacy","legacy","0","uniform","1","undefined","undefined","undefined","1","a","9","9","0","2077","0","0","2077","2077","0","0","0","2077","2077","9","2077","Fri Apr 27 13:03:26 2018","#757575","low","3","The main experiment item","yes","","experiment.osexp","/Users/tom/github/sft-fraction/procedure","no","mono","no","24","no","white","no","yes","800","legacy","133","133","9","/Users/tom/github/sft-fraction/results/data/subject-5a.csv","legacy","#000000","high","2","Jazzy James","3.1.9","0","a","NA","space","space","space","a","return","433","NA","148901","11392","7534","433","24015","2","legacy","1024","2","48000","-16","experiment","5","odd","absent","2725727","2725727","NA","2766359","1312","169234","2880600","2881116","1371","150289","161699","2881116","2881580","2701623","2880578","Fraction component detection task","2049","1132805","2078","yes","1280"
"98.6050986051","98.6050986051","545.101010101","545.101010101","#808080","no","legacy","legacy","legacy","0","uniform","1","undefined","undefined","undefined","1","l","9","9","0","2078","0","0","2078","2078","0","0","0","2078","2078","9","2078","Fri Apr 27 13:03:26 2018","#000000","high","8","The main experiment item","yes","","experiment.osexp","/Users/tom/github/sft-fraction/procedure","no","mono","no","24","no","white","no","yes","800","legacy","134","134","9","/Users/tom/github/sft-fraction/results/data/subject-5a.csv","legacy","#000000","high","6","Jazzy James","3.1.9","0","l","NA","space","space","space","l","return","460","NA","148901","11392","7534","460","24015","2","legacy","1024","2","48000","-16","experiment","5","odd","present","2725727","2725727","NA","2766359","1312","169234","2881665","2882185","1371","150289","161699","2882185","2882674","2701623","2881650","Fraction component detection task","2050","1133265","2079","yes","1280"
"98.6057692308","98.6057692308","545.076442308","545.076442308","#808080","no","legacy","legacy","legacy","0","uniform","1","undefined","undefined","undefined","1","l","9","9","0","2079","0","0","2079","2079","0","0","0","2079","2079","9","2079","Fri Apr 27 13:03:26 2018","#757575","low","6","The main experiment item","yes","","experiment.osexp","/Users/tom/github/sft-fraction/procedure","no","mono","no","24","no","white","no","yes","800","legacy","135","135","9","/Users/tom/github/sft-fraction/results/data/subject-5a.csv","legacy","#757575","low","3","Jazzy James","3.1.9","0","l","NA","space","space","space","l","return","494","NA","148901","11392","7534","494","24015","2","legacy","1024","2","48000","-16","experiment","5","odd","present","2725727","2725727","NA","2766359","1312","169234","2882762","2883279","1371","150289","161699","2883279","2883803","2701623","2882746","Fraction component detection task","2051","1133759","2080","yes","1280"
"98.6064392119","98.6064392119","545.042287362","545.042287362","#808080","no","legacy","legacy","legacy","0","uniform","1","undefined","undefined","undefined","1","a","9","9","0","2080","0","0","2080","2080","0","0","0","2080","2080","9","2080","Fri Apr 27 13:03:26 2018","#757575","low","3","The main experiment item","yes","","experiment.osexp","/Users/tom/github/sft-fraction/procedure","no","mono","no","24","no","white","no","yes","800","legacy","136","136","9","/Users/tom/github/sft-fraction/results/data/subject-5a.csv","legacy","#000000","high","4","Jazzy James","3.1.9","0","a","NA","space","space","space","a","return","474","NA","148901","11392","7534","474","24015","2","legacy","1024","2","48000","-16","experiment","5","odd","absent","2725727","2725727","NA","2766359","1312","169234","2883894","2884411","1371","150289","161699","2884411","2884913","2701623","2883873","Fraction component detection task","2052","1134233","2081","yes","1280"
"98.6071085495","98.6071085495","544.999519693","544.999519693","#808080","no","legacy","legacy","legacy","0","uniform","1","undefined","undefined","undefined","1","a","9","9","0","2081","0","0","2081","2081","0","0","0","2081","2081","9","2081","Fri Apr 27 13:03:26 2018","#757575","low","2","The main experiment item","yes","","experiment.osexp","/Users/tom/github/sft-fraction/procedure","no","mono","no","24","no","white","no","yes","800","legacy","137","137","9","/Users/tom/github/sft-fraction/results/data/subject-5a.csv","legacy","#000000","high","2","Jazzy James","3.1.9","0","a","NA","space","space","space","a","return","456","NA","148901","11392","7534","456","24015","2","legacy","1024","2","48000","-16","experiment","5","odd","absent","2725727","2725727","NA","2766359","1312","169234","2885001","2885517","1371","150289","161699","2885517","2886001","2701623","2884981","Fraction component detection task","2053","1134689","2082","yes","1280"
"98.6077772444","98.6077772444","544.97743639","544.97743639","#808080","no","legacy","legacy","legacy","0","uniform","1","undefined","undefined","undefined","1","l","9","9","0","2082","0","0","2082","2082","0","0","0","2082","2082","9","2082","Fri Apr 27 13:03:26 2018","#757575","low","8","The main experiment item","yes","","experiment.osexp","/Users/tom/github/sft-fraction/procedure","no","mono","no","24","no","white","no","yes","800","legacy","138","138","9","/Users/tom/github/sft-fraction/results/data/subject-5a.csv","legacy","#757575","low","8","Jazzy James","3.1.9","0","l","NA","space","space","space","l","return","499","NA","148901","11392","7534","499","24015","2","legacy","1024","2","48000","-16","experiment","5","odd","present","2725727","2725727","NA","2766359","1312","169234","2886085","2886602","1371","150289","161699","2886602","2887128","2701623","2886069","Fraction component detection task","2054","1135188","2083","yes","1280"
"98.6084452975","98.6084452975","544.955854127","544.955854127","#808080","no","legacy","legacy","legacy","0","uniform","1","undefined","undefined","undefined","1","a","9","9","0","2083","0","0","2083","2083","0","0","0","2083","2083","9","2083","Fri Apr 27 13:03:26 2018","#757575","low","2","The main experiment item","yes","","experiment.osexp","/Users/tom/github/sft-fraction/procedure","no","mono","no","24","no","white","no","yes","800","legacy","139","139","9","/Users/tom/github/sft-fraction/results/data/subject-5a.csv","legacy","#000000","high","3","Jazzy James","3.1.9","0","a","NA","space","space","space","a","return","500","NA","148901","11392","7534","500","24015","2","legacy","1024","2","48000","-16","experiment","5","odd","absent","2725727","2725727","NA","2766359","1312","169234","2887212","2887729","1371","150289","161699","2887729","2888263","2701623","2887195","Fraction component detection task","2055","1135688","2084","yes","1280"
"98.6091127098","98.6091127098","544.894484412","544.894484412","#808080","no","legacy","legacy","legacy","0","uniform","1","undefined","undefined","undefined","1","a","9","9","0","2084","0","0","2084","2084","0","0","0","2084","2084","9","2084","Fri Apr 27 13:03:26 2018","#000000","high","2","The main experiment item","yes","","experiment.osexp","/Users/tom/github/sft-fraction/procedure","no","mono","no","24","no","white","no","yes","800","legacy","140","140","9","/Users/tom/github/sft-fraction/results/data/subject-5a.csv","legacy","#757575","low","2","Jazzy James","3.1.9","0","a","NA","space","space","space","a","return","417","NA","148901","11392","7534","417","24015","2","legacy","1024","2","48000","-16","experiment","5","odd","absent","2725727","2725727","NA","2766359","1312","169234","2888349","2888867","1371","150289","161699","2888868","2889314","2701623","2888333","Fraction component detection task","2056","1136105","2085","yes","1280"
"98.6097794823","98.6097794823","544.96548418","544.96548418","#808080","no","legacy","legacy","legacy","0","uniform","1","undefined","undefined","undefined","1","l","9","9","0","2085","0","0","2085","2085","0","0","0","2085","2085","9","2085","Fri Apr 27 13:03:26 2018","#757575","low","8","The main experiment item","yes","","experiment.osexp","/Users/tom/github/sft-fraction/procedure","no","mono","no","24","no","white","no","yes","800","legacy","141","141","9","/Users/tom/github/sft-fraction/results/data/subject-5a.csv","legacy","#000000","high","4","Jazzy James","3.1.9","0","l","NA","space","space","space","l","return","693","NA","148901","11392","7534","693","24015","2","legacy","1024","2","48000","-16","experiment","5","odd","present","2725727","2725727","NA","2766359","1312","169234","2889397","2889921","1371","150289","161699","2889921","2890642","2701623","2889381","Fraction component detection task","2057","1136798","2086","yes","1280"
"98.6104456157","98.6104456157","544.923814087","544.923814087","#808080","no","legacy","legacy","legacy","0","uniform","1","undefined","undefined","undefined","1","a","9","9","0","2086","0","0","2086","2086","0","0","0","2086","2086","9","2086","Fri Apr 27 13:03:26 2018","#000000","high","3","The main experiment item","yes","","experiment.osexp","/Users/tom/github/sft-fraction/procedure","no","mono","no","24","no","white","no","yes","800","legacy","142","142","9","/Users/tom/github/sft-fraction/results/data/subject-5a.csv","legacy","#757575","low","2","Jazzy James","3.1.9","0","a","NA","space","space","space","a","return","458","NA","148901","11392","7534","458","24015","2","legacy","1024","2","48000","-16","experiment","5","odd","absent","2725727","2725727","NA","2766359","1312","169234","2890728","2891252","1371","150289","161699","2891252","2891740","2701623","2890713","Fraction component detection task","2058","1137256","2087","yes","1280"
"98.6111111111","98.6111111111","544.88362069","544.88362069","#808080","no","legacy","legacy","legacy","0","uniform","1","undefined","undefined","undefined","1","a","9","9","0","2087","0","0","2087","2087","0","0","0","2087","2087","9","2087","Fri Apr 27 13:03:26 2018","#000000","high","4","The main experiment item","yes","","experiment.osexp","/Users/tom/github/sft-fraction/procedure","no","mono","no","24","no","white","no","yes","800","legacy","143","143","9","/Users/tom/github/sft-fraction/results/data/subject-5a.csv","legacy","#757575","low","3","Jazzy James","3.1.9","0","a","NA","space","space","space","a","return","461","NA","148901","11392","7534","461","24015","2","legacy","1024","2","48000","-16","experiment","5","odd","absent","2725727","2725727","NA","2766359","1312","169234","2891824","2892345","1371","150289","161699","2892345","2892837","2701623","2891809","Fraction component detection task","2059","1137717","2088","yes","1280"
"98.6117759694","98.6117759694","544.841550981","544.841550981","#808080","no","legacy","legacy","legacy","0","uniform","1","undefined","undefined","undefined","1","l","9","9","0","2088","0","0","2088","2088","0","0","0","2088","2088","9","2088","Fri Apr 27 13:03:26 2018","#757575","low","6","The main experiment item","yes","","experiment.osexp","/Users/tom/github/sft-fraction/procedure","no","mono","no","24","no","white","no","yes","800","legacy","144","144","9","/Users/tom/github/sft-fraction/results/data/subject-5a.csv","legacy","#757575","low","6","Jazzy James","3.1.9","0","l","NA","space","space","space","l","return","457","NA","148901","11392","7534","457","24015","2","legacy","1024","2","48000","-16","experiment","5","odd","present","2725727","2725727","NA","2766359","1312","169234","2892920","2893437","1371","150289","161699","2893437","2893921","2701623","2892904","Fraction component detection task","2060","1138174","2089","yes","1280"
"98.6124401914","98.6124401914","544.832057416","544.832057416","#808080","no","legacy","legacy","legacy","0","uniform","1","undefined","undefined","undefined","1","a","9","9","0","2089","0","0","2089","2089","0","0","0","2089","2089","9","2089","Fri Apr 27 13:03:26 2018","#000000","high","2","The main experiment item","yes","","experiment.osexp","/Users/tom/github/sft-fraction/procedure","no","mono","no","24","no","white","no","yes","800","legacy","145","145","9","/Users/tom/github/sft-fraction/results/data/subject-5a.csv","legacy","#757575","low","3","Jazzy James","3.1.9","0","a","NA","space","space","space","a","return","525","NA","148901","11392","7534","525","24015","2","legacy","1024","2","48000","-16","experiment","5","odd","absent","2725727","2725727","NA","2766359","1312","169234","2894011","2894528","1371","150289","161699","2894528","2895081","2701623","2893994","Fraction component detection task","2061","1138699","2090","yes","1280"
"98.6131037781","98.6131037781","544.838833094","544.838833094","#808080","no","legacy","legacy","legacy","0","uniform","1","undefined","undefined","undefined","1","l","9","9","0","2090","0","0","2090","2090","0","0","0","2090","2090","9","2090","Fri Apr 27 13:03:26 2018","#757575","low","7","The main experiment item","yes","","experiment.osexp","/Users/tom/github/sft-fraction/procedure","no","mono","no","24","no","white","no","yes","800","legacy","146","146","9","/Users/tom/github/sft-fraction/results/data/subject-5a.csv","legacy","#000000","high","7","Jazzy James","3.1.9","0","l","NA","space","space","space","l","return","559","NA","148901","11392","7534","559","24015","2","legacy","1024","2","48000","-16","experiment","5","odd","present","2725727","2725727","NA","2766359","1312","169234","2895168","2895685","1371","150289","161699","2895686","2896275","2701623","2895149","Fraction component detection task","2062","1139258","2091","yes","1280"
"98.6137667304","98.6137667304","544.771032505","544.771032505","#808080","no","legacy","legacy","legacy","0","uniform","1","undefined","undefined","undefined","1","l","9","9","0","2091","0","0","2091","2091","0","0","0","2091","2091","9","2091","Fri Apr 27 13:03:26 2018","#757575","low","8","The main experiment item","yes","","experiment.osexp","/Users/tom/github/sft-fraction/procedure","no","mono","no","24","no","white","no","yes","800","legacy","147","147","9","/Users/tom/github/sft-fraction/results/data/subject-5a.csv","legacy","#757575","low","7","Jazzy James","3.1.9","0","l","NA","space","space","space","l","return","403","NA","148901","11392","7534","403","24015","2","legacy","1024","2","48000","-16","experiment","5","odd","present","2725727","2725727","NA","2766359","1312","169234","2896362","2896882","1371","150289","161699","2896882","2897312","2701623","2896346","Fraction component detection task","2063","1139661","2092","yes","1280"
"98.6144290492","98.6144290492","544.773530817","544.773530817","#808080","no","legacy","legacy","legacy","0","uniform","1","undefined","undefined","undefined","1","l","9","9","0","2092","0","0","2092","2092","0","0","0","2092","2092","9","2092","Fri Apr 27 13:03:26 2018","#757575","low","4","The main experiment item","yes","","experiment.osexp","/Users/tom/github/sft-fraction/procedure","no","mono","no","24","no","white","no","yes","800","legacy","148","148","9","/Users/tom/github/sft-fraction/results/data/subject-5a.csv","legacy","#000000","high","8","Jazzy James","3.1.9","0","l","NA","space","space","space","l","return","550","NA","148901","11392","7534","550","24015","2","legacy","1024","2","48000","-16","experiment","5","odd","present","2725727","2725727","NA","2766359","1312","169234","2897403","2897920","1371","150289","161699","2897920","2898498","2701623","2897386","Fraction component detection task","2064","1140211","2093","yes","1280"
"98.5673352436","98.5673352436","544.759312321","544.759312321","#808080","no","legacy","legacy","legacy","0","uniform","0","undefined","undefined","undefined","0","l","9","9","0","2093","0","0","2093","2093","0","0","0","2093","2093","9","2093","Fri Apr 27 13:03:26 2018","#757575","low","7","The main experiment item","yes","","experiment.osexp","/Users/tom/github/sft-fraction/procedure","no","mono","no","24","no","white","no","yes","800","legacy","149","149","9","/Users/tom/github/sft-fraction/results/data/subject-5a.csv","legacy","#757575","low","2","Jazzy James","3.1.9","0","a","NA","space","space","space","a","return","515","NA","148901","11392","7534","515","24015","2","legacy","1024","2","48000","-16","experiment","5","odd","present","2725727","2725727","NA","2766359","1312","169234","2898590","2899107","1371","150289","161699","2899107","2899651","2701623","2898569","Fraction component detection task","2064","1140726","2094","yes","1280"
"98.5680190931","98.5680190931","544.916945107","544.916945107","#808080","no","legacy","legacy","legacy","0","uniform","1","undefined","undefined","undefined","1","a","9","9","0","2094","0","0","2094","2094","0","0","0","2094","2094","9","2094","Fri Apr 27 13:03:26 2018","#000000","high","4","The main experiment item","yes","","experiment.osexp","/Users/tom/github/sft-fraction/procedure","no","mono","no","24","no","white","no","yes","800","legacy","150","150","9","/Users/tom/github/sft-fraction/results/data/subject-5a.csv","legacy","#757575","low","4","Jazzy James","3.1.9","0","a","NA","space","space","space","a","return","875","NA","148901","11392","7534","875","24015","2","legacy","1024","2","48000","-16","experiment","5","odd","absent","2725727","2725727","NA","2899670","1312","169234","2900749","2901266","1371","150289","161699","2901266","2902178","2701623","2900734","Fraction component detection task","2065","1141601","2095","yes","1280"
"98.5687022901","98.5687022901","544.892652672","544.892652672","#808080","no","legacy","legacy","legacy","0","uniform","1","undefined","undefined","undefined","1","l","9","9","0","2095","0","0","2095","2095","0","0","0","2095","2095","9","2095","Fri Apr 27 13:03:26 2018","#000000","high","2","The main experiment item","yes","","experiment.osexp","/Users/tom/github/sft-fraction/procedure","no","mono","no","24","no","white","no","yes","800","legacy","151","151","9","/Users/tom/github/sft-fraction/results/data/subject-5a.csv","legacy","#000000","high","6","Jazzy James","3.1.9","0","l","NA","space","space","space","l","return","494","NA","148901","11392","7534","494","24015","2","legacy","1024","2","48000","-16","experiment","5","odd","present","2725727","2725727","NA","2899670","1312","169234","2902266","2902783","1371","150289","161699","2902783","2903305","2701623","2902247","Fraction component detection task","2066","1142095","2096","yes","1280"
"98.5693848355","98.5693848355","544.827849309","544.827849309","#808080","no","legacy","legacy","legacy","0","uniform","1","undefined","undefined","undefined","1","l","9","9","0","2096","0","0","2096","2096","0","0","0","2096","2096","9","2096","Fri Apr 27 13:03:26 2018","#000000","high","4","The main experiment item","yes","","experiment.osexp","/Users/tom/github/sft-fraction/procedure","no","mono","no","24","no","white","no","yes","800","legacy","152","152","9","/Users/tom/github/sft-fraction/results/data/subject-5a.csv","legacy","#757575","low","6","Jazzy James","3.1.9","0","l","NA","space","space","space","l","return","409","NA","148901","11392","7534","409","24015","2","legacy","1024","2","48000","-16","experiment","5","odd","present","2725727","2725727","NA","2899670","1312","169234","2903390","2903909","1371","150289","161699","2903909","2904347","2701623","2903374","Fraction component detection task","2067","1142504","2097","yes","1280"
"98.5700667302","98.5700667302","544.743088656","544.743088656","#808080","no","legacy","legacy","legacy","0","uniform","1","undefined","undefined","undefined","1","l","9","9","0","2097","0","0","2097","2097","0","0","0","2097","2097","9","2097","Fri Apr 27 13:03:26 2018","#000000","high","7","The main experiment item","yes","","experiment.osexp","/Users/tom/github/sft-fraction/procedure","no","mono","no","24","no","white","no","yes","800","legacy","153","153","9","/Users/tom/github/sft-fraction/results/data/subject-5a.csv","legacy","#757575","low","6","Jazzy James","3.1.9","0","l","NA","space","space","space","l","return","367","NA","148901","11392","7534","367","24015","2","legacy","1024","2","48000","-16","experiment","5","odd","present","2725727","2725727","NA","2899670","1312","169234","2904433","2904952","1371","150289","161699","2904952","2905350","2701623","2904417","Fraction component detection task","2068","1142871","2098","yes","1280"
"98.5707479752","98.5707479752","544.682229633","544.682229633","#808080","no","legacy","legacy","legacy","0","uniform","1","undefined","undefined","undefined","1","l","9","9","0","2098","0","0","2098","2098","0","0","0","2098","2098","9","2098","Fri Apr 27 13:03:26 2018","#757575","low","6","The main experiment item","yes","","experiment.osexp","/Users/tom/github/sft-fraction/procedure","no","mono","no","24","no","white","no","yes","800","legacy","154","154","9","/Users/tom/github/sft-fraction/results/data/subject-5a.csv","legacy","#757575","low","8","Jazzy James","3.1.9","0","l","NA","space","space","space","l","return","417","NA","148901","11392","7534","417","24015","2","legacy","1024","2","48000","-16","experiment","5","odd","present","2725727","2725727","NA","2899670","1312","169234","2905441","2905958","1371","150289","161699","2905958","2906402","2701623","2905420","Fraction component detection task","2069","1143288","2099","yes","1280"
"98.5714285714","98.5714285714","544.642857143","544.642857143","#808080","no","legacy","legacy","legacy","0","uniform","1","undefined","undefined","undefined","1","a","9","9","0","2099","0","0","2099","2099","0","0","0","2099","2099","9","2099","Fri Apr 27 13:03:26 2018","#757575","low","2","The main experiment item","yes","","experiment.osexp","/Users/tom/github/sft-fraction/procedure","no","mono","no","24","no","white","no","yes","800","legacy","155","155","9","/Users/tom/github/sft-fraction/results/data/subject-5a.csv","legacy","#757575","low","3","Jazzy James","3.1.9","0","a","NA","space","space","space","a","return","462","NA","148901","11392","7534","462","24015","2","legacy","1024","2","48000","-16","experiment","5","odd","absent","2725727","2725727","NA","2899670","1312","169234","2906489","2907009","1371","150289","161699","2907009","2907499","2701623","2906469","Fraction component detection task","2070","1143750","2100","yes","1280"
"98.5721085198","98.5721085198","544.622084722","544.622084722","#808080","no","legacy","legacy","legacy","0","uniform","1","undefined","undefined","undefined","1","l","9","9","0","2100","0","0","2100","2100","0","0","0","2100","2100","9","2100","Fri Apr 27 13:03:26 2018","#000000","high","7","The main experiment item","yes","","experiment.osexp","/Users/tom/github/sft-fraction/procedure","no","mono","no","24","no","white","no","yes","800","legacy","156","156","9","/Users/tom/github/sft-fraction/results/data/subject-5a.csv","legacy","#000000","high","6","Jazzy James","3.1.9","0","l","NA","space","space","space","l","return","501","NA","148901","11392","7534","501","24015","2","legacy","1024","2","48000","-16","experiment","5","odd","present","2725727","2725727","NA","2899670","1312","169234","2907580","2908098","1371","150289","161699","2908098","2908631","2701623","2907564","Fraction component detection task","2071","1144251","2101","yes","1280"
"98.5727878211","98.5727878211","544.572787821","544.572787821","#808080","no","legacy","legacy","legacy","0","uniform","1","undefined","undefined","undefined","1","l","9","9","0","2101","0","0","2101","2101","0","0","0","2101","2101","9","2101","Fri Apr 27 13:03:26 2018","#000000","high","8","The main experiment item","yes","","experiment.osexp","/Users/tom/github/sft-fraction/procedure","no","mono","no","24","no","white","no","yes","800","legacy","157","157","9","/Users/tom/github/sft-fraction/results/data/subject-5a.csv","legacy","#000000","high","8","Jazzy James","3.1.9","0","l","NA","space","space","space","l","return","441","NA","148901","11392","7534","441","24015","2","legacy","1024","2","48000","-16","experiment","5","odd","present","2725727","2725727","NA","2899670","1312","169234","2908720","2909237","1371","150289","161699","2909238","2909706","2701623","2908700","Fraction component detection task","2072","1144692","2102","yes","1280"
"98.5734664765","98.5734664765","544.558250119","544.558250119","#808080","no","legacy","legacy","legacy","0","uniform","1","undefined","undefined","undefined","1","l","9","9","0","2102","0","0","2102","2102","0","0","0","2102","2102","9","2102","Fri Apr 27 13:03:26 2018","#000000","high","6","The main experiment item","yes","","experiment.osexp","/Users/tom/github/sft-fraction/procedure","no","mono","no","24","no","white","no","yes","800","legacy","158","158","9","/Users/tom/github/sft-fraction/results/data/subject-5a.csv","legacy","#757575","low","3","Jazzy James","3.1.9","0","l","NA","space","space","space","l","return","514","NA","148901","11392","7534","514","24015","2","legacy","1024","2","48000","-16","experiment","5","odd","present","2725727","2725727","NA","2899670","1312","169234","2909796","2910317","1371","150289","161699","2910317","2910862","2701623","2909776","Fraction component detection task","2073","1145206","2103","yes","1280"
"98.5741444867","98.5741444867","544.59648289","544.59648289","#808080","no","legacy","legacy","legacy","0","uniform","1","undefined","undefined","undefined","1","l","9","9","0","2103","0","0","2103","2103","0","0","0","2103","2103","9","2103","Fri Apr 27 13:03:26 2018","#757575","low","6","The main experiment item","yes","","experiment.osexp","/Users/tom/github/sft-fraction/procedure","no","mono","no","24","no","white","no","yes","800","legacy","159","159","9","/Users/tom/github/sft-fraction/results/data/subject-5a.csv","legacy","#757575","low","7","Jazzy James","3.1.9","0","l","NA","space","space","space","l","return","625","NA","148901","11392","7534","625","24015","2","legacy","1024","2","48000","-16","experiment","5","odd","present","2725727","2725727","NA","2899670","1312","169234","2910945","2911461","1371","150289","161699","2911461","2912117","2701623","2910929","Fraction component detection task","2074","1145831","2104","yes","1280"
"98.5748218527","98.5748218527","544.571496437","544.571496437","#808080","no","legacy","legacy","legacy","0","uniform","1","undefined","undefined","undefined","1","l","9","9","0","2104","0","0","2104","2104","0","0","0","2104","2104","9","2104","Fri Apr 27 13:03:26 2018","#000000","high","7","The main experiment item","yes","","experiment.osexp","/Users/tom/github/sft-fraction/procedure","no","mono","no","24","no","white","no","yes","800","legacy","160","160","9","/Users/tom/github/sft-fraction/results/data/subject-5a.csv","legacy","#000000","high","4","Jazzy James","3.1.9","0","l","NA","space","space","space","l","return","492","NA","148901","11392","7534","492","24015","2","legacy","1024","2","48000","-16","experiment","5","odd","present","2725727","2725727","NA","2899670","1312","169234","2912201","2912722","1371","150289","161699","2912722","2913253","2701623","2912186","Fraction component detection task","2075","1146323","2105","yes","1280"
"98.5754985755","98.5754985755","544.560303894","544.560303894","#808080","no","legacy","legacy","legacy","0","uniform","1","undefined","undefined","undefined","1","a","9","9","0","2105","0","0","2105","2105","0","0","0","2105","2105","9","2105","Fri Apr 27 13:03:26 2018","#000000","high","4","The main experiment item","yes","","experiment.osexp","/Users/tom/github/sft-fraction/procedure","no","mono","no","24","no","white","no","yes","800","legacy","161","161","9","/Users/tom/github/sft-fraction/results/data/subject-5a.csv","legacy","#757575","low","4","Jazzy James","3.1.9","0","a","NA","space","space","space","a","return","521","NA","148901","11392","7534","521","24015","2","legacy","1024","2","48000","-16","experiment","5","odd","absent","2725727","2725727","NA","2899670","1312","169234","2913341","2913862","1371","150289","161699","2913862","2914410","2701623","2913321","Fraction component detection task","2076","1146844","2106","yes","1280"
"98.5761746559","98.5761746559","544.561461794","544.561461794","#808080","no","legacy","legacy","legacy","0","uniform","1","undefined","undefined","undefined","1","a","9","9","0","2106","0","0","2106","2106","0","0","0","2106","2106","9","2106","Fri Apr 27 13:03:26 2018","#000000","high","3","The main experiment item","yes","","experiment.osexp","/Users/tom/github/sft-fraction/procedure","no","mono","no","24","no","white","no","yes","800","legacy","162","162","9","/Users/tom/github/sft-fraction/results/data/subject-5a.csv","legacy","#757575","low","3","Jazzy James","3.1.9","0","a","NA","space","space","space","a","return","547","NA","148901","11392","7534","547","24015","2","legacy","1024","2","48000","-16","experiment","5","odd","absent","2725727","2725727","NA","2899670","1312","169234","2914501","2915020","1371","150289","161699","2915020","2915598","2701623","2914480","Fraction component detection task","2077","1147391","2107","yes","1280"
"98.5768500949","98.5768500949","544.539848197","544.539848197","#808080","no","legacy","legacy","legacy","0","uniform","1","undefined","undefined","undefined","1","l","9","9","0","2107","0","0","2107","2107","0","0","0","2107","2107","9","2107","Fri Apr 27 13:03:26 2018","#000000","high","6","The main experiment item","yes","","experiment.osexp","/Users/tom/github/sft-fraction/procedure","no","mono","no","24","no","white","no","yes","800","legacy","163","163","9","/Users/tom/github/sft-fraction/results/data/subject-5a.csv","legacy","#000000","high","7","Jazzy James","3.1.9","0","l","NA","space","space","space","l","return","499","NA","148901","11392","7534","499","24015","2","legacy","1024","2","48000","-16","experiment","5","odd","present","2725727","2725727","NA","2899670","1312","169234","2915688","2916204","1371","150289","161699","2916204","2916735","2701623","2915671","Fraction component detection task","2078","1147890","2108","yes","1280"
"98.5775248933","98.5775248933","544.476055002","544.476055002","#808080","no","legacy","legacy","legacy","0","uniform","1","undefined","undefined","undefined","1","l","9","9","0","2108","0","0","2108","2108","0","0","0","2108","2108","9","2108","Fri Apr 27 13:03:26 2018","#757575","low","8","The main experiment item","yes","","experiment.osexp","/Users/tom/github/sft-fraction/procedure","no","mono","no","24","no","white","no","yes","800","legacy","164","164","9","/Users/tom/github/sft-fraction/results/data/subject-5a.csv","legacy","#000000","high","7","Jazzy James","3.1.9","0","l","NA","space","space","space","l","return","410","NA","148901","11392","7534","410","24015","2","legacy","1024","2","48000","-16","experiment","5","odd","present","2725727","2725727","NA","2899670","1312","169234","2916822","2917341","1371","150289","161699","2917341","2917779","2701623","2916805","Fraction component detection task","2079","1148300","2109","yes","1280"
"98.5781990521","98.5781990521","544.41943128","544.41943128","#808080","no","legacy","legacy","legacy","0","uniform","1","undefined","undefined","undefined","1","l","9","9","0","2109","0","0","2109","2109","0","0","0","2109","2109","9","2109","Fri Apr 27 13:03:26 2018","#000000","high","3","The main experiment item","yes","","experiment.osexp","/Users/tom/github/sft-fraction/procedure","no","mono","no","24","no","white","no","yes","800","legacy","165","165","9","/Users/tom/github/sft-fraction/results/data/subject-5a.csv","legacy","#000000","high","6","Jazzy James","3.1.9","0","l","NA","space","space","space","l","return","425","NA","148901","11392","7534","425","24015","2","legacy","1024","2","48000","-16","experiment","5","odd","present","2725727","2725727","NA","2899670","1312","169234","2917865","2918382","1371","150289","161699","2918382","2918841","2701623","2917847","Fraction component detection task","2080","1148725","2110","yes","1280"
"98.5788725722","98.5788725722","544.367124586","544.367124586","#808080","no","legacy","legacy","legacy","0","uniform","1","undefined","undefined","undefined","1","l","9","9","0","2110","0","0","2110","2110","0","0","0","2110","2110","9","2110","Fri Apr 27 13:03:26 2018","#757575","low","4","The main experiment item","yes","","experiment.osexp","/Users/tom/github/sft-fraction/procedure","no","mono","no","24","no","white","no","yes","800","legacy","166","166","9","/Users/tom/github/sft-fraction/results/data/subject-5a.csv","legacy","#757575","low","8","Jazzy James","3.1.9","0","l","NA","space","space","space","l","return","434","NA","148901","11392","7534","434","24015","2","legacy","1024","2","48000","-16","experiment","5","odd","present","2725727","2725727","NA","2899670","1312","169234","2918925","2919445","1371","150289","161699","2919445","2919910","2701623","2918909","Fraction component detection task","2081","1149159","2111","yes","1280"
"98.5795454545","98.5795454545","544.310606061","544.310606061","#808080","no","legacy","legacy","legacy","0","uniform","1","undefined","undefined","undefined","1","l","9","9","0","2111","0","0","2111","2111","0","0","0","2111","2111","9","2111","Fri Apr 27 13:03:26 2018","#757575","low","7","The main experiment item","yes","","experiment.osexp","/Users/tom/github/sft-fraction/procedure","no","mono","no","24","no","white","no","yes","800","legacy","167","167","9","/Users/tom/github/sft-fraction/results/data/subject-5a.csv","legacy","#757575","low","6","Jazzy James","3.1.9","0","l","NA","space","space","space","l","return","425","NA","148901","11392","7534","425","24015","2","legacy","1024","2","48000","-16","experiment","5","odd","present","2725727","2725727","NA","2899670","1312","169234","2919994","2920510","1371","150289","161699","2920510","2920966","2701623","2919978","Fraction component detection task","2082","1149584","2112","yes","1280"
"98.5802177","98.5802177","544.396119262","544.396119262","#808080","no","legacy","legacy","legacy","0","uniform","1","undefined","undefined","undefined","1","a","9","9","0","2112","0","0","2112","2112","0","0","0","2112","2112","9","2112","Fri Apr 27 13:03:26 2018","#757575","low","3","The main experiment item","yes","","experiment.osexp","/Users/tom/github/sft-fraction/procedure","no","mono","no","24","no","white","no","yes","800","legacy","168","168","9","/Users/tom/github/sft-fraction/results/data/subject-5a.csv","legacy","#757575","low","4","Jazzy James","3.1.9","0","a","NA","space","space","space","a","return","725","NA","148901","11392","7534","725","24015","2","legacy","1024","2","48000","-16","experiment","5","odd","absent","2725727","2725727","NA","2899670","1312","169234","2921050","2921569","1371","150289","161699","2921569","2922329","2701623","2921035","Fraction component detection task","2083","1150309","2113","yes","1280"
"98.5808893094","98.5808893094","544.387417219","544.387417219","#808080","no","legacy","legacy","legacy","0","uniform","1","undefined","undefined","undefined","1","a","9","9","0","2113","0","0","2113","2113","0","0","0","2113","2113","9","2113","Fri Apr 27 13:03:26 2018","#757575","low","3","The main experiment item","yes","","experiment.osexp","/Users/tom/github/sft-fraction/procedure","no","mono","no","24","no","white","no","yes","800","legacy","169","169","9","/Users/tom/github/sft-fraction/results/data/subject-5a.csv","legacy","#000000","high","2","Jazzy James","3.1.9","0","a","NA","space","space","space","a","return","526","NA","148901","11392","7534","526","24015","2","legacy","1024","2","48000","-16","experiment","5","odd","absent","2725727","2725727","NA","2899670","1312","169234","2922412","2922928","1371","150289","161699","2922929","2923486","2701623","2922396","Fraction component detection task","2084","1150835","2114","yes","1280"
"98.5815602837","98.5815602837","544.360283688","544.360283688","#808080","no","legacy","legacy","legacy","0","uniform","1","undefined","undefined","undefined","1","a","9","9","0","2114","0","0","2114","2114","0","0","0","2114","2114","9","2114","Fri Apr 27 13:03:26 2018","#757575","low","3","The main experiment item","yes","","experiment.osexp","/Users/tom/github/sft-fraction/procedure","no","mono","no","24","no","white","no","yes","800","legacy","170","170","9","/Users/tom/github/sft-fraction/results/data/subject-5a.csv","legacy","#757575","low","2","Jazzy James","3.1.9","0","a","NA","space","space","space","a","return","487","NA","148901","11392","7534","487","24015","2","legacy","1024","2","48000","-16","experiment","5","odd","absent","2725727","2725727","NA","2899670","1312","169234","2923570","2924088","1371","150289","161699","2924088","2924603","2701623","2923553","Fraction component detection task","2085","1151322","2115","yes","1280"
"98.5822306238","98.5822306238","544.353969754","544.353969754","#808080","no","legacy","legacy","legacy","0","uniform","1","undefined","undefined","undefined","1","l","9","9","0","2115","0","0","2115","2115","0","0","0","2115","2115","9","2115","Fri Apr 27 13:03:26 2018","#000000","high","8","The main experiment item","yes","","experiment.osexp","/Users/tom/github/sft-fraction/procedure","no","mono","no","24","no","white","no","yes","800","legacy","171","171","9","/Users/tom/github/sft-fraction/results/data/subject-5a.csv","legacy","#757575","low","2","Jazzy James","3.1.9","0","l","NA","space","space","space","l","return","531","NA","148901","11392","7534","531","24015","2","legacy","1024","2","48000","-16","experiment","5","odd","present","2725727","2725727","NA","2899670","1312","169234","2924696","2925213","1371","150289","161699","2925213","2925775","2701623","2924676","Fraction component detection task","2086","1151853","2116","yes","1280"
"98.5829003307","98.5829003307","544.318847426","544.318847426","#808080","no","legacy","legacy","legacy","0","uniform","1","undefined","undefined","undefined","1","l","9","9","0","2116","0","0","2116","2116","0","0","0","2116","2116","9","2116","Fri Apr 27 13:03:26 2018","#000000","high","2","The main experiment item","yes","","experiment.osexp","/Users/tom/github/sft-fraction/procedure","no","mono","no","24","no","white","no","yes","800","legacy","172","172","9","/Users/tom/github/sft-fraction/results/data/subject-5a.csv","legacy","#000000","high","8","Jazzy James","3.1.9","0","l","NA","space","space","space","l","return","470","NA","148901","11392","7534","470","24015","2","legacy","1024","2","48000","-16","experiment","5","odd","present","2725727","2725727","NA","2899670","1312","169234","2925867","2926386","1371","150289","161699","2926386","2926885","2701623","2925849","Fraction component detection task","2087","1152323","2117","yes","1280"
"98.5835694051","98.5835694051","544.321529745","544.321529745","#808080","no","legacy","legacy","legacy","0","uniform","1","undefined","undefined","undefined","1","a","9","9","0","2117","0","0","2117","2117","0","0","0","2117","2117","9","2117","Fri Apr 27 13:03:26 2018","#757575","low","4","The main experiment item","yes","","experiment.osexp","/Users/tom/github/sft-fraction/procedure","no","mono","no","24","no","white","no","yes","800","legacy","173","173","9","/Users/tom/github/sft-fraction/results/data/subject-5a.csv","legacy","#757575","low","4","Jazzy James","3.1.9","0","a","NA","space","space","space","a","return","550","NA","148901","11392","7534","550","24015","2","legacy","1024","2","48000","-16","experiment","5","odd","absent","2725727","2725727","NA","2899670","1312","169234","2926972","2927488","1371","150289","161699","2927489","2928070","2701623","2926952","Fraction component detection task","2088","1152873","2118","yes","1280"
"98.584237848","98.584237848","544.327984899","544.327984899","#808080","no","legacy","legacy","legacy","0","uniform","1","undefined","undefined","undefined","1","a","9","9","0","2118","0","0","2118","2118","0","0","0","2118","2118","9","2118","Fri Apr 27 13:03:26 2018","#757575","low","3","The main experiment item","yes","","experiment.osexp","/Users/tom/github/sft-fraction/procedure","no","mono","no","24","no","white","no","yes","800","legacy","174","174","9","/Users/tom/github/sft-fraction/results/data/subject-5a.csv","legacy","#000000","high","3","Jazzy James","3.1.9","0","a","NA","space","space","space","a","return","558","NA","148901","11392","7534","558","24015","2","legacy","1024","2","48000","-16","experiment","5","odd","absent","2725727","2725727","NA","2899670","1312","169234","2928156","2928673","1371","150289","161699","2928673","2929262","2701623","2928141","Fraction component detection task","2089","1153431","2119","yes","1280"
"98.5849056604","98.5849056604","544.339622642","544.339622642","#808080","no","legacy","legacy","legacy","0","uniform","1","undefined","undefined","undefined","1","a","9","9","0","2119","0","0","2119","2119","0","0","0","2119","2119","9","2119","Fri Apr 27 13:03:26 2018","#000000","high","4","The main experiment item","yes","","experiment.osexp","/Users/tom/github/sft-fraction/procedure","no","mono","no","24","no","white","no","yes","800","legacy","175","175","9","/Users/tom/github/sft-fraction/results/data/subject-5a.csv","legacy","#000000","high","3","Jazzy James","3.1.9","0","a","NA","space","space","space","a","return","569","NA","148901","11392","7534","569","24015","2","legacy","1024","2","48000","-16","experiment","5","odd","absent","2725727","2725727","NA","2899670","1312","169234","2929353","2929871","1371","150289","161699","2929871","2930468","2701623","2929336","Fraction component detection task","2090","1154000","2120","yes","1280"
"98.585572843","98.585572843","544.368222537","544.368222537","#808080","no","legacy","legacy","legacy","0","uniform","1","undefined","undefined","undefined","1","l","9","9","0","2120","0","0","2120","2120","0","0","0","2120","2120","9","2120","Fri Apr 27 13:03:26 2018","#757575","low","3","The main experiment item","yes","","experiment.osexp","/Users/tom/github/sft-fraction/procedure","no","mono","no","24","no","white","no","yes","800","legacy","176","176","9","/Users/tom/github/sft-fraction/results/data/subject-5a.csv","legacy","#000000","high","7","Jazzy James","3.1.9","0","l","NA","space","space","space","l","return","605","NA","148901","11392","7534","605","24015","2","legacy","1024","2","48000","-16","experiment","5","odd","present","2725727","2725727","NA","2899670","1312","169234","2930554","2931075","1371","150289","161699","2931075","2931708","2701623","2930537","Fraction component detection task","2091","1154605","2121","yes","1280"
"98.5862393968","98.5862393968","544.338831291","544.338831291","#808080","no","legacy","legacy","legacy","0","uniform","1","undefined","undefined","undefined","1","a","9","9","0","2121","0","0","2121","2121","0","0","0","2121","2121","9","2121","Fri Apr 27 13:03:26 2018","#757575","low","2","The main experiment item","yes","","experiment.osexp","/Users/tom/github/sft-fraction/procedure","no","mono","no","24","no","white","no","yes","800","legacy","177","177","9","/Users/tom/github/sft-fraction/results/data/subject-5a.csv","legacy","#757575","low","3","Jazzy James","3.1.9","0","a","NA","space","space","space","a","return","482","NA","148901","11392","7534","482","24015","2","legacy","1024","2","48000","-16","experiment","5","odd","absent","2725727","2725727","NA","2899670","1312","169234","2931797","2932318","1371","150289","161699","2932318","2932828","2701623","2931778","Fraction component detection task","2092","1155087","2122","yes","1280"
"98.5869053227","98.5869053227","544.296278851","544.296278851","#808080","no","legacy","legacy","legacy","0","uniform","1","undefined","undefined","undefined","1","l","9","9","0","2122","0","0","2122","2122","0","0","0","2122","2122","9","2122","Fri Apr 27 13:03:26 2018","#000000","high","6","The main experiment item","yes","","experiment.osexp","/Users/tom/github/sft-fraction/procedure","no","mono","no","24","no","white","no","yes","800","legacy","178","178","9","/Users/tom/github/sft-fraction/results/data/subject-5a.csv","legacy","#000000","high","3","Jazzy James","3.1.9","0","l","NA","space","space","space","l","return","454","NA","148901","11392","7534","454","24015","2","legacy","1024","2","48000","-16","experiment","5","odd","present","2725727","2725727","NA","2899670","1312","169234","2932917","2933434","1371","150289","161699","2933434","2933922","2701623","2932900","Fraction component detection task","2093","1155541","2123","yes","1280"
"98.5875706215","98.5875706215","544.309322034","544.309322034","#808080","no","legacy","legacy","legacy","0","uniform","1","undefined","undefined","undefined","1","a","9","9","0","2123","0","0","2123","2123","0","0","0","2123","2123","9","2123","Fri Apr 27 13:03:26 2018","#757575","low","4","The main experiment item","yes","","experiment.osexp","/Users/tom/github/sft-fraction/procedure","no","mono","no","24","no","white","no","yes","800","legacy","179","179","9","/Users/tom/github/sft-fraction/results/data/subject-5a.csv","legacy","#000000","high","2","Jazzy James","3.1.9","0","a","NA","space","space","space","a","return","572","NA","148901","11392","7534","572","24015","2","legacy","1024","2","48000","-16","experiment","5","odd","absent","2725727","2725727","NA","2899670","1312","169234","2934006","2934523","1371","150289","161699","2934523","2935126","2701623","2933990","Fraction component detection task","2094","1156113","2124","yes","1280"
"98.5882352941","98.5882352941","544.280941176","544.280941176","#808080","no","legacy","legacy","legacy","0","uniform","1","undefined","undefined","undefined","1","a","9","9","0","2124","0","0","2124","2124","0","0","0","2124","2124","9","2124","Fri Apr 27 13:03:26 2018","#000000","high","3","The main experiment item","yes","","experiment.osexp","/Users/tom/github/sft-fraction/procedure","no","mono","no","24","no","white","no","yes","800","legacy","180","180","9","/Users/tom/github/sft-fraction/results/data/subject-5a.csv","legacy","#757575","low","2","Jazzy James","3.1.9","0","a","NA","space","space","space","a","return","484","NA","148901","11392","7534","484","24015","2","legacy","1024","2","48000","-16","experiment","5","odd","absent","2725727","2725727","NA","2899670","1312","169234","2935221","2935739","1371","150289","161699","2935739","2936254","2701623","2935201","Fraction component detection task","2095","1156597","2125","yes","1280"
"98.5888993415","98.5888993415","544.27798683","544.27798683","#808080","no","legacy","legacy","legacy","0","uniform","1","undefined","undefined","undefined","1","a","9","9","0","2125","0","0","2125","2125","0","0","0","2125","2125","9","2125","Fri Apr 27 13:03:26 2018","#757575","low","4","The main experiment item","yes","","experiment.osexp","/Users/tom/github/sft-fraction/procedure","no","mono","no","24","no","white","no","yes","800","legacy","181","181","9","/Users/tom/github/sft-fraction/results/data/subject-5a.csv","legacy","#000000","high","4","Jazzy James","3.1.9","0","a","NA","space","space","space","a","return","538","NA","148901","11392","7534","538","24015","2","legacy","1024","2","48000","-16","experiment","5","odd","absent","2725727","2725727","NA","2899670","1312","169234","2936345","2936862","1371","150289","161699","2936862","2937432","2701623","2936329","Fraction component detection task","2096","1157135","2126","yes","1280"
"98.5895627645","98.5895627645","544.314997649","544.314997649","#808080","no","legacy","legacy","legacy","0","uniform","1","undefined","undefined","undefined","1","l","9","9","0","2126","0","0","2126","2126","0","0","0","2126","2126","9","2126","Fri Apr 27 13:03:26 2018","#757575","low","6","The main experiment item","yes","","experiment.osexp","/Users/tom/github/sft-fraction/procedure","no","mono","no","24","no","white","no","yes","800","legacy","182","182","9","/Users/tom/github/sft-fraction/results/data/subject-5a.csv","legacy","#000000","high","4","Jazzy James","3.1.9","0","l","NA","space","space","space","l","return","623","NA","148901","11392","7534","623","24015","2","legacy","1024","2","48000","-16","experiment","5","odd","present","2725727","2725727","NA","2899670","1312","169234","2937524","2938041","1371","150289","161699","2938041","2938692","2701623","2937504","Fraction component detection task","2097","1157758","2127","yes","1280"
"98.5902255639","98.5902255639","544.308740602","544.308740602","#808080","no","legacy","legacy","legacy","0","uniform","1","undefined","undefined","undefined","1","a","9","9","0","2127","0","0","2127","2127","0","0","0","2127","2127","9","2127","Fri Apr 27 13:03:26 2018","#000000","high","3","The main experiment item","yes","","experiment.osexp","/Users/tom/github/sft-fraction/procedure","no","mono","no","24","no","white","no","yes","800","legacy","183","183","9","/Users/tom/github/sft-fraction/results/data/subject-5a.csv","legacy","#000000","high","4","Jazzy James","3.1.9","0","a","NA","space","space","space","a","return","531","NA","148901","11392","7534","531","24015","2","legacy","1024","2","48000","-16","experiment","5","odd","absent","2725727","2725727","NA","2899670","1312","169234","2938777","2939293","1371","150289","161699","2939293","2939862","2701623","2938761","Fraction component detection task","2098","1158289","2128","yes","1280"
"98.5908877407","98.5908877407","544.287458901","544.287458901","#808080","no","legacy","legacy","legacy","0","uniform","1","undefined","undefined","undefined","1","a","9","9","0","2128","0","0","2128","2128","0","0","0","2128","2128","9","2128","Fri Apr 27 13:03:26 2018","#000000","high","3","The main experiment item","yes","","experiment.osexp","/Users/tom/github/sft-fraction/procedure","no","mono","no","24","no","white","no","yes","800","legacy","184","184","9","/Users/tom/github/sft-fraction/results/data/subject-5a.csv","legacy","#757575","low","2","Jazzy James","3.1.9","0","a","NA","space","space","space","a","return","499","NA","148901","11392","7534","499","24015","2","legacy","1024","2","48000","-16","experiment","5","odd","absent","2725727","2725727","NA","2899670","1312","169234","2939949","2940469","1371","150289","161699","2940469","2941000","2701623","2939934","Fraction component detection task","2099","1158788","2129","yes","1280"
"98.5915492958","98.5915492958","544.25258216","544.25258216","#808080","no","legacy","legacy","legacy","0","uniform","1","undefined","undefined","undefined","1","a","9","9","0","2129","0","0","2129","2129","0","0","0","2129","2129","9","2129","Fri Apr 27 13:03:26 2018","#000000","high","4","The main experiment item","yes","","experiment.osexp","/Users/tom/github/sft-fraction/procedure","no","mono","no","24","no","white","no","yes","800","legacy","185","185","9","/Users/tom/github/sft-fraction/results/data/subject-5a.csv","legacy","#000000","high","3","Jazzy James","3.1.9","0","a","NA","space","space","space","a","return","470","NA","148901","11392","7534","470","24015","2","legacy","1024","2","48000","-16","experiment","5","odd","absent","2725727","2725727","NA","2899670","1312","169234","2941092","2941608","1371","150289","161699","2941609","2942109","2701623","2941072","Fraction component detection task","2100","1159258","2130","yes","1280"
"98.5922102299","98.5922102299","544.251525106","544.251525106","#808080","no","legacy","legacy","legacy","0","uniform","1","undefined","undefined","undefined","1","l","9","9","0","2130","0","0","2130","2130","0","0","0","2130","2130","9","2130","Fri Apr 27 13:03:26 2018","#757575","low","4","The main experiment item","yes","","experiment.osexp","/Users/tom/github/sft-fraction/procedure","no","mono","no","24","no","white","no","yes","800","legacy","186","186","9","/Users/tom/github/sft-fraction/results/data/subject-5a.csv","legacy","#757575","low","6","Jazzy James","3.1.9","0","l","NA","space","space","space","l","return","542","NA","148901","11392","7534","542","24015","2","legacy","1024","2","48000","-16","experiment","5","odd","present","2725727","2725727","NA","2899670","1312","169234","2942200","2942721","1371","150289","161699","2942721","2943295","2701623","2942181","Fraction component detection task","2101","1159800","2131","yes","1280"
"98.5928705441","98.5928705441","544.257973734","544.257973734","#808080","no","legacy","legacy","legacy","0","uniform","1","undefined","undefined","undefined","1","l","9","9","0","2131","0","0","2131","2131","0","0","0","2131","2131","9","2131","Fri Apr 27 13:03:26 2018","#000000","high","7","The main experiment item","yes","","experiment.osexp","/Users/tom/github/sft-fraction/procedure","no","mono","no","24","no","white","no","yes","800","legacy","187","187","9","/Users/tom/github/sft-fraction/results/data/subject-5a.csv","legacy","#757575","low","7","Jazzy James","3.1.9","0","l","NA","space","space","space","l","return","558","NA","148901","11392","7534","558","24015","2","legacy","1024","2","48000","-16","experiment","5","odd","present","2725727","2725727","NA","2899670","1312","169234","2943383","2943899","1371","150289","161699","2943899","2944492","2701623","2943364","Fraction component detection task","2102","1160358","2132","yes","1280"
"98.5935302391","98.5935302391","544.218471636","544.218471636","#808080","no","legacy","legacy","legacy","0","uniform","1","undefined","undefined","undefined","1","l","9","9","0","2132","0","0","2132","2132","0","0","0","2132","2132","9","2132","Fri Apr 27 13:03:26 2018","#000000","high","8","The main experiment item","yes","","experiment.osexp","/Users/tom/github/sft-fraction/procedure","no","mono","no","24","no","white","no","yes","800","legacy","188","188","9","/Users/tom/github/sft-fraction/results/data/subject-5a.csv","legacy","#757575","low","8","Jazzy James","3.1.9","0","l","NA","space","space","space","l","return","460","NA","148901","11392","7534","460","24015","2","legacy","1024","2","48000","-16","experiment","5","odd","present","2725727","2725727","NA","2899670","1312","169234","2944576","2945092","1371","150289","161699","2945092","2945584","2701623","2944559","Fraction component detection task","2103","1160818","2133","yes","1280"
"98.5941893158","98.5941893158","544.220712277","544.220712277","#808080","no","legacy","legacy","legacy","0","uniform","1","undefined","undefined","undefined","1","a","9","9","0","2133","0","0","2133","2133","0","0","0","2133","2133","9","2133","Fri Apr 27 13:03:26 2018","#000000","high","2","The main experiment item","yes","","experiment.osexp","/Users/tom/github/sft-fraction/procedure","no","mono","no","24","no","white","no","yes","800","legacy","189","189","9","/Users/tom/github/sft-fraction/results/data/subject-5a.csv","legacy","#000000","high","2","Jazzy James","3.1.9","0","a","NA","space","space","space","a","return","549","NA","148901","11392","7534","549","24015","2","legacy","1024","2","48000","-16","experiment","5","odd","absent","2725727","2725727","NA","2899670","1312","169234","2945672","2946188","1371","150289","161699","2946188","2946766","2701623","2945653","Fraction component detection task","2104","1161367","2134","yes","1280"
"98.5948477752","98.5948477752","544.16440281","544.16440281","#808080","no","legacy","legacy","legacy","0","uniform","1","undefined","undefined","undefined","1","a","9","9","0","2134","0","0","2134","2134","0","0","0","2134","2134","9","2134","Fri Apr 27 13:03:26 2018","#757575","low","3","The main experiment item","yes","","experiment.osexp","/Users/tom/github/sft-fraction/procedure","no","mono","no","24","no","white","no","yes","800","legacy","190","190","9","/Users/tom/github/sft-fraction/results/data/subject-5a.csv","legacy","#000000","high","3","Jazzy James","3.1.9","0","a","NA","space","space","space","a","return","424","NA","148901","11392","7534","424","24015","2","legacy","1024","2","48000","-16","experiment","5","odd","absent","2725727","2725727","NA","2899670","1312","169234","2946852","2947369","1371","150289","161699","2947369","2947821","2701623","2946837","Fraction component detection task","2105","1161791","2135","yes","1280"
"98.595505618","98.595505618","544.159644195","544.159644195","#808080","no","legacy","legacy","legacy","0","uniform","1","undefined","undefined","undefined","1","l","9","9","0","2135","0","0","2135","2135","0","0","0","2135","2135","9","2135","Fri Apr 27 13:03:26 2018","#000000","high","2","The main experiment item","yes","","experiment.osexp","/Users/tom/github/sft-fraction/procedure","no","mono","no","24","no","white","no","yes","800","legacy","191","191","9","/Users/tom/github/sft-fraction/results/data/subject-5a.csv","legacy","#757575","low","8","Jazzy James","3.1.9","0","l","NA","space","space","space","l","return","534","NA","148901","11392","7534","534","24015","2","legacy","1024","2","48000","-16","experiment","5","odd","present","2725727","2725727","NA","2899670","1312","169234","2947905","2948427","1371","150289","161699","2948427","2948993","2701623","2947889","Fraction component detection task","2106","1162325","2136","yes","1280"
"98.5961628451","98.5961628451","544.180159102","544.180159102","#808080","no","legacy","legacy","legacy","0","uniform","1","undefined","undefined","undefined","1","a","9","9","0","2136","0","0","2136","2136","0","0","0","2136","2136","9","2136","Fri Apr 27 13:03:26 2018","#000000","high","4","The main experiment item","yes","","experiment.osexp","/Users/tom/github/sft-fraction/procedure","no","mono","no","24","no","white","no","yes","800","legacy","192","192","9","/Users/tom/github/sft-fraction/results/data/subject-5a.csv","legacy","#000000","high","3","Jazzy James","3.1.9","0","a","NA","space","space","space","a","return","588","NA","148901","11392","7534","588","24015","2","legacy","1024","2","48000","-16","experiment","5","odd","absent","2725727","2725727","NA","2899670","1312","169234","2949077","2949595","1371","150289","161699","2949596","2950221","2701623","2949061","Fraction component detection task","2107","1162913","2137","yes","1280"
"98.5968194574","98.5968194574","544.130963517","544.130963517","#808080","no","legacy","legacy","legacy","0","uniform","1","undefined","undefined","undefined","1","l","9","9","0","2137","0","0","2137","2137","0","0","0","2137","2137","9","2137","Fri Apr 27 13:03:26 2018","#000000","high","7","The main experiment item","yes","","experiment.osexp","/Users/tom/github/sft-fraction/procedure","no","mono","no","24","no","white","no","yes","800","legacy","193","193","9","/Users/tom/github/sft-fraction/results/data/subject-5a.csv","legacy","#757575","low","3","Jazzy James","3.1.9","0","l","NA","space","space","space","l","return","439","NA","148901","11392","7534","439","24015","2","legacy","1024","2","48000","-16","experiment","5","odd","present","2725727","2725727","NA","2899670","1312","169234","2950307","2950824","1371","150289","161699","2950825","2951296","2701623","2950291","Fraction component detection task","2108","1163352","2138","yes","1280"
"98.5974754558","98.5974754558","544.123889668","544.123889668","#808080","no","legacy","legacy","legacy","0","uniform","1","undefined","undefined","undefined","1","a","9","9","0","2138","0","0","2138","2138","0","0","0","2138","2138","9","2138","Fri Apr 27 13:03:26 2018","#000000","high","2","The main experiment item","yes","","experiment.osexp","/Users/tom/github/sft-fraction/procedure","no","mono","no","24","no","white","no","yes","800","legacy","194","194","9","/Users/tom/github/sft-fraction/results/data/subject-5a.csv","legacy","#757575","low","4","Jazzy James","3.1.9","0","a","NA","space","space","space","a","return","529","NA","148901","11392","7534","529","24015","2","legacy","1024","2","48000","-16","experiment","5","odd","absent","2725727","2725727","NA","2899670","1312","169234","2951379","2951896","1371","150289","161699","2951896","2952458","2701623","2951363","Fraction component detection task","2109","1163881","2139","yes","1280"
"98.5981308411","98.5981308411","544.108411215","544.108411215","#808080","no","legacy","legacy","legacy","0","uniform","1","undefined","undefined","undefined","1","a","9","9","0","2139","0","0","2139","2139","0","0","0","2139","2139","9","2139","Fri Apr 27 13:03:26 2018","#000000","high","2","The main experiment item","yes","","experiment.osexp","/Users/tom/github/sft-fraction/procedure","no","mono","no","24","no","white","no","yes","800","legacy","195","195","9","/Users/tom/github/sft-fraction/results/data/subject-5a.csv","legacy","#000000","high","4","Jazzy James","3.1.9","0","a","NA","space","space","space","a","return","511","NA","148901","11392","7534","511","24015","2","legacy","1024","2","48000","-16","experiment","5","odd","absent","2725727","2725727","NA","2899670","1312","169234","2952548","2953066","1371","150289","161699","2953066","2953605","2701623","2952531","Fraction component detection task","2110","1164392","2140","yes","1280"
"98.5987856142","98.5987856142","544.070527791","544.070527791","#808080","no","legacy","legacy","legacy","0","uniform","1","undefined","undefined","undefined","1","a","9","9","0","2140","0","0","2140","2140","0","0","0","2140","2140","9","2140","Fri Apr 27 13:03:26 2018","#757575","low","2","The main experiment item","yes","","experiment.osexp","/Users/tom/github/sft-fraction/procedure","no","mono","no","24","no","white","no","yes","800","legacy","196","196","9","/Users/tom/github/sft-fraction/results/data/subject-5a.csv","legacy","#757575","low","3","Jazzy James","3.1.9","0","a","NA","space","space","space","a","return","463","NA","148901","11392","7534","463","24015","2","legacy","1024","2","48000","-16","experiment","5","odd","absent","2725727","2725727","NA","2899670","1312","169234","2953686","2954202","1371","150289","161699","2954202","2954697","2701623","2953670","Fraction component detection task","2111","1164855","2141","yes","1280"
"98.5994397759","98.5994397759","544.153127918","544.153127918","#808080","no","legacy","legacy","legacy","0","uniform","1","undefined","undefined","undefined","1","l","9","9","0","2141","0","0","2141","2141","0","0","0","2141","2141","9","2141","Fri Apr 27 13:03:26 2018","#757575","low","7","The main experiment item","yes","","experiment.osexp","/Users/tom/github/sft-fraction/procedure","no","mono","no","24","no","white","no","yes","800","legacy","197","197","9","/Users/tom/github/sft-fraction/results/data/subject-5a.csv","legacy","#757575","low","4","Jazzy James","3.1.9","0","l","NA","space","space","space","l","return","721","NA","148901","11392","7534","721","24015","2","legacy","1024","2","48000","-16","experiment","5","odd","present","2725727","2725727","NA","2899670","1312","169234","2954783","2955303","1371","150289","161699","2955303","2956057","2701623","2954764","Fraction component detection task","2112","1165576","2142","yes","1280"
"98.6000933271","98.6000933271","544.161455903","544.161455903","#808080","no","legacy","legacy","legacy","0","uniform","1","undefined","undefined","undefined","1","a","9","9","0","2142","0","0","2142","2142","0","0","0","2142","2142","9","2142","Fri Apr 27 13:03:26 2018","#757575","low","3","The main experiment item","yes","","experiment.osexp","/Users/tom/github/sft-fraction/procedure","no","mono","no","24","no","white","no","yes","800","legacy","198","198","9","/Users/tom/github/sft-fraction/results/data/subject-5a.csv","legacy","#000000","high","4","Jazzy James","3.1.9","0","a","NA","space","space","space","a","return","562","NA","148901","11392","7534","562","24015","2","legacy","1024","2","48000","-16","experiment","5","odd","absent","2725727","2725727","NA","2899670","1312","169234","2956140","2956661","1371","150289","161699","2956662","2957256","2701623","2956124","Fraction component detection task","2113","1166138","2143","yes","1280"
"98.6007462687","98.6007462687","544.131063433","544.131063433","#808080","no","legacy","legacy","legacy","0","uniform","1","undefined","undefined","undefined","1","l","9","9","0","2143","0","0","2143","2143","0","0","0","2143","2143","9","2143","Fri Apr 27 13:03:26 2018","#000000","high","6","The main experiment item","yes","","experiment.osexp","/Users/tom/github/sft-fraction/procedure","no","mono","no","24","no","white","no","yes","800","legacy","199","199","9","/Users/tom/github/sft-fraction/results/data/subject-5a.csv","legacy","#000000","high","4","Jazzy James","3.1.9","0","l","NA","space","space","space","l","return","479","NA","148901","11392","7534","479","24015","2","legacy","1024","2","48000","-16","experiment","5","odd","present","2725727","2725727","NA","2899670","1312","169234","2957341","2957858","1371","150289","161699","2957858","2958369","2701623","2957325","Fraction component detection task","2114","1166617","2144","yes","1280"
"98.6013986014","98.6013986014","544.08018648","544.08018648","#808080","no","legacy","legacy","legacy","0","uniform","1","undefined","undefined","undefined","1","l","9","9","0","2144","0","0","2144","2144","0","0","0","2144","2144","9","2144","Fri Apr 27 13:03:26 2018","#757575","low","4","The main experiment item","yes","","experiment.osexp","/Users/tom/github/sft-fraction/procedure","no","mono","no","24","no","white","no","yes","800","legacy","200","200","9","/Users/tom/github/sft-fraction/results/data/subject-5a.csv","legacy","#757575","low","7","Jazzy James","3.1.9","0","l","NA","space","space","space","l","return","435","NA","148901","11392","7534","435","24015","2","legacy","1024","2","48000","-16","experiment","5","odd","present","2725727","2725727","NA","2899670","1312","169234","2958455","2958974","1371","150289","161699","2958974","2959438","2701623","2958437","Fraction component detection task","2115","1167052","2145","yes","1280"
"98.6020503262","98.6020503262","544.094128611","544.094128611","#808080","no","legacy","legacy","legacy","0","uniform","1","undefined","undefined","undefined","1","a","9","9","0","2145","0","0","2145","2145","0","0","0","2145","2145","9","2145","Fri Apr 27 13:03:26 2018","#757575","low","3","The main experiment item","yes","","experiment.osexp","/Users/tom/github/sft-fraction/procedure","no","mono","no","24","no","white","no","yes","800","legacy","201","201","9","/Users/tom/github/sft-fraction/results/data/subject-5a.csv","legacy","#757575","low","3","Jazzy James","3.1.9","0","a","NA","space","space","space","a","return","574","NA","148901","11392","7534","574","24015","2","legacy","1024","2","48000","-16","experiment","5","odd","absent","2725727","2725727","NA","2899670","1312","169234","2959523","2960043","1371","150289","161699","2960043","2960645","2701623","2959507","Fraction component detection task","2116","1167626","2146","yes","1280"
"98.6027014439","98.6027014439","544.118770377","544.118770377","#808080","no","legacy","legacy","legacy","0","uniform","1","undefined","undefined","undefined","1","a","9","9","0","2146","0","0","2146","2146","0","0","0","2146","2146","9","2146","Fri Apr 27 13:03:26 2018","#000000","high","2","The main experiment item","yes","","experiment.osexp","/Users/tom/github/sft-fraction/procedure","no","mono","no","24","no","white","no","yes","800","legacy","202","202","9","/Users/tom/github/sft-fraction/results/data/subject-5a.csv","legacy","#757575","low","4","Jazzy James","3.1.9","0","a","NA","space","space","space","a","return","597","NA","148901","11392","7534","597","24015","2","legacy","1024","2","48000","-16","experiment","5","odd","absent","2725727","2725727","NA","2899670","1312","169234","2960732","2961252","1371","150289","161699","2961252","2961882","2701623","2960714","Fraction component detection task","2117","1168223","2147","yes","1280"
"98.6033519553","98.6033519553","544.123370577","544.123370577","#808080","no","legacy","legacy","legacy","0","uniform","1","undefined","undefined","undefined","1","l","9","9","0","2147","0","0","2147","2147","0","0","0","2147","2147","9","2147","Fri Apr 27 13:03:26 2018","#000000","high","8","The main experiment item","yes","","experiment.osexp","/Users/tom/github/sft-fraction/procedure","no","mono","no","24","no","white","no","yes","800","legacy","203","203","9","/Users/tom/github/sft-fraction/results/data/subject-5a.csv","legacy","#757575","low","3","Jazzy James","3.1.9","0","l","NA","space","space","space","l","return","554","NA","148901","11392","7534","554","24015","2","legacy","1024","2","48000","-16","experiment","5","odd","present","2725727","2725727","NA","2899670","1312","169234","2961970","2962487","1371","150289","161699","2962487","2963069","2701623","2961951","Fraction component detection task","2118","1168777","2148","yes","1280"
"98.6040018613","98.6040018613","544.056305258","544.056305258","#808080","no","legacy","legacy","legacy","0","uniform","1","undefined","undefined","undefined","1","l","9","9","0","2148","0","0","2148","2148","0","0","0","2148","2148","9","2148","Fri Apr 27 13:03:26 2018","#000000","high","6","The main experiment item","yes","","experiment.osexp","/Users/tom/github/sft-fraction/procedure","no","mono","no","24","no","white","no","yes","800","legacy","204","204","9","/Users/tom/github/sft-fraction/results/data/subject-5a.csv","legacy","#000000","high","8","Jazzy James","3.1.9","0","l","NA","space","space","space","l","return","400","NA","148901","11392","7534","400","24015","2","legacy","1024","2","48000","-16","experiment","5","odd","present","2725727","2725727","NA","2899670","1312","169234","2963160","2963680","1371","150289","161699","2963680","2964109","2701623","2963138","Fraction component detection task","2119","1169177","2149","yes","1280"
"98.6046511628","98.6046511628","544.004651163","544.004651163","#808080","no","legacy","legacy","legacy","0","uniform","1","undefined","undefined","undefined","1","l","9","9","0","2149","0","0","2149","2149","0","0","0","2149","2149","9","2149","Fri Apr 27 13:03:26 2018","#757575","low","2","The main experiment item","yes","","experiment.osexp","/Users/tom/github/sft-fraction/procedure","no","mono","no","24","no","white","no","yes","800","legacy","205","205","9","/Users/tom/github/sft-fraction/results/data/subject-5a.csv","legacy","#000000","high","6","Jazzy James","3.1.9","0","l","NA","space","space","space","l","return","433","NA","148901","11392","7534","433","24015","2","legacy","1024","2","48000","-16","experiment","5","odd","present","2725727","2725727","NA","2899670","1312","169234","2964192","2964712","1371","150289","161699","2964712","2965176","2701623","2964176","Fraction component detection task","2120","1169610","2150","yes","1280"
"98.6052998605","98.6052998605","543.984193398","543.984193398","#808080","no","legacy","legacy","legacy","0","uniform","1","undefined","undefined","undefined","1","a","9","9","0","2150","0","0","2150","2150","0","0","0","2150","2150","9","2150","Fri Apr 27 13:03:26 2018","#757575","low","2","The main experiment item","yes","","experiment.osexp","/Users/tom/github/sft-fraction/procedure","no","mono","no","24","no","white","no","yes","800","legacy","206","206","9","/Users/tom/github/sft-fraction/results/data/subject-5a.csv","legacy","#000000","high","4","Jazzy James","3.1.9","0","a","NA","space","space","space","a","return","500","NA","148901","11392","7534","500","24015","2","legacy","1024","2","48000","-16","experiment","5","odd","absent","2725727","2725727","NA","2899670","1312","169234","2965264","2965781","1371","150289","161699","2965781","2966309","2701623","2965246","Fraction component detection task","2121","1170110","2151","yes","1280"
"98.6059479554","98.6059479554","543.933085502","543.933085502","#808080","no","legacy","legacy","legacy","0","uniform","1","undefined","undefined","undefined","1","a","9","9","0","2151","0","0","2151","2151","0","0","0","2151","2151","9","2151","Fri Apr 27 13:03:26 2018","#757575","low","2","The main experiment item","yes","","experiment.osexp","/Users/tom/github/sft-fraction/procedure","no","mono","no","24","no","white","no","yes","800","legacy","207","207","9","/Users/tom/github/sft-fraction/results/data/subject-5a.csv","legacy","#000000","high","3","Jazzy James","3.1.9","0","a","NA","space","space","space","a","return","434","NA","148901","11392","7534","434","24015","2","legacy","1024","2","48000","-16","experiment","5","odd","absent","2725727","2725727","NA","2899670","1312","169234","2966395","2966912","1371","150289","161699","2966912","2967374","2701623","2966379","Fraction component detection task","2122","1170544","2152","yes","1280"
"98.6065954482","98.6065954482","543.909893172","543.909893172","#808080","no","legacy","legacy","legacy","0","uniform","1","undefined","undefined","undefined","1","a","9","9","0","2152","0","0","2152","2152","0","0","0","2152","2152","9","2152","Fri Apr 27 13:03:26 2018","#757575","low","2","The main experiment item","yes","","experiment.osexp","/Users/tom/github/sft-fraction/procedure","no","mono","no","24","no","white","no","yes","800","legacy","208","208","9","/Users/tom/github/sft-fraction/results/data/subject-5a.csv","legacy","#000000","high","2","Jazzy James","3.1.9","0","a","NA","space","space","space","a","return","494","NA","148901","11392","7534","494","24015","2","legacy","1024","2","48000","-16","experiment","5","odd","absent","2725727","2725727","NA","2899670","1312","169234","2967463","2967980","1371","150289","161699","2967980","2968503","2701623","2967443","Fraction component detection task","2123","1171038","2153","yes","1280"
"98.6072423398","98.6072423398","543.882079851","543.882079851","#808080","no","legacy","legacy","legacy","0","uniform","1","undefined","undefined","undefined","1","a","9","9","0","2153","0","0","2153","2153","0","0","0","2153","2153","9","2153","Fri Apr 27 13:03:26 2018","#000000","high","3","The main experiment item","yes","","experiment.osexp","/Users/tom/github/sft-fraction/procedure","no","mono","no","24","no","white","no","yes","800","legacy","209","209","9","/Users/tom/github/sft-fraction/results/data/subject-5a.csv","legacy","#757575","low","4","Jazzy James","3.1.9","0","a","NA","space","space","space","a","return","484","NA","148901","11392","7534","484","24015","2","legacy","1024","2","48000","-16","experiment","5","odd","absent","2725727","2725727","NA","2899670","1312","169234","2968589","2969110","1371","150289","161699","2969110","2969630","2701623","2968573","Fraction component detection task","2124","1171522","2154","yes","1280"
"98.6078886311","98.6078886311","543.87099768","543.87099768","#808080","no","legacy","legacy","legacy","0","uniform","1","undefined","undefined","undefined","1","l","9","9","0","2154","0","0","2154","2154","0","0","0","2154","2154","9","2154","Fri Apr 27 13:03:26 2018","#757575","low","2","The main experiment item","yes","","experiment.osexp","/Users/tom/github/sft-fraction/procedure","no","mono","no","24","no","white","no","yes","800","legacy","210","210","9","/Users/tom/github/sft-fraction/results/data/subject-5a.csv","legacy","#000000","high","7","Jazzy James","3.1.9","0","l","NA","space","space","space","l","return","520","NA","148901","11392","7534","520","24015","2","legacy","1024","2","48000","-16","experiment","5","odd","present","2725727","2725727","NA","2899670","1312","169234","2969717","2970234","1371","150289","161699","2970234","2970782","2701623","2969697","Fraction component detection task","2125","1172042","2155","yes","1280"
"98.6085343228","98.6085343228","543.848794063","543.848794063","#808080","no","legacy","legacy","legacy","0","uniform","1","undefined","undefined","undefined","1","l","9","9","0","2155","0","0","2155","2155","0","0","0","2155","2155","9","2155","Fri Apr 27 13:03:26 2018","#000000","high","7","The main experiment item","yes","","experiment.osexp","/Users/tom/github/sft-fraction/procedure","no","mono","no","24","no","white","no","yes","800","legacy","211","211","9","/Users/tom/github/sft-fraction/results/data/subject-5a.csv","legacy","#757575","low","2","Jazzy James","3.1.9","0","l","NA","space","space","space","l","return","496","NA","148901","11392","7534","496","24015","2","legacy","1024","2","48000","-16","experiment","5","odd","present","2725727","2725727","NA","2899670","1312","169234","2970869","2971386","1371","150289","161699","2971386","2971914","2701623","2970852","Fraction component detection task","2126","1172538","2156","yes","1280"
"98.6091794159","98.6091794159","543.886879926","543.886879926","#808080","no","legacy","legacy","legacy","0","uniform","1","undefined","undefined","undefined","1","l","9","9","0","2156","0","0","2156","2156","0","0","0","2156","2156","9","2156","Fri Apr 27 13:03:26 2018","#000000","high","2","The main experiment item","yes","","experiment.osexp","/Users/tom/github/sft-fraction/procedure","no","mono","no","24","no","white","no","yes","800","legacy","212","212","9","/Users/tom/github/sft-fraction/results/data/subject-5a.csv","legacy","#757575","low","6","Jazzy James","3.1.9","0","l","NA","space","space","space","l","return","626","NA","148901","11392","7534","626","24015","2","legacy","1024","2","48000","-16","experiment","5","odd","present","2725727","2725727","NA","2899670","1312","169234","2972001","2972519","1371","150289","161699","2972519","2973182","2701623","2971985","Fraction component detection task","2127","1173164","2157","yes","1280"
"98.609823911","98.609823911","543.880444856","543.880444856","#808080","no","legacy","legacy","legacy","0","uniform","1","undefined","undefined","undefined","1","a","9","9","0","2157","0","0","2157","2157","0","0","0","2157","2157","9","2157","Fri Apr 27 13:03:26 2018","#000000","high","2","The main experiment item","yes","","experiment.osexp","/Users/tom/github/sft-fraction/procedure","no","mono","no","24","no","white","no","yes","800","legacy","213","213","9","/Users/tom/github/sft-fraction/results/data/subject-5a.csv","legacy","#757575","low","4","Jazzy James","3.1.9","0","a","NA","space","space","space","a","return","530","NA","148901","11392","7534","530","24015","2","legacy","1024","2","48000","-16","experiment","5","odd","absent","2725727","2725727","NA","2899670","1312","169234","2973268","2973784","1371","150289","161699","2973784","2974343","2701623","2973249","Fraction component detection task","2128","1173694","2158","yes","1280"
"98.6104678092","98.6104678092","543.863825845","543.863825845","#808080","no","legacy","legacy","legacy","0","uniform","1","undefined","undefined","undefined","1","a","9","9","0","2158","0","0","2158","2158","0","0","0","2158","2158","9","2158","Fri Apr 27 13:03:26 2018","#757575","low","2","The main experiment item","yes","","experiment.osexp","/Users/tom/github/sft-fraction/procedure","no","mono","no","24","no","white","no","yes","800","legacy","214","214","9","/Users/tom/github/sft-fraction/results/data/subject-5a.csv","legacy","#000000","high","4","Jazzy James","3.1.9","0","a","NA","space","space","space","a","return","508","NA","148901","11392","7534","508","24015","2","legacy","1024","2","48000","-16","experiment","5","odd","absent","2725727","2725727","NA","2899670","1312","169234","2974432","2974950","1371","150289","161699","2974950","2975495","2701623","2974414","Fraction component detection task","2129","1174202","2159","yes","1280"
"98.6111111111","98.6111111111","543.812037037","543.812037037","#808080","no","legacy","legacy","legacy","0","uniform","1","undefined","undefined","undefined","1","l","9","9","0","2159","0","0","2159","2159","0","0","0","2159","2159","9","2159","Fri Apr 27 13:03:26 2018","#000000","high","8","The main experiment item","yes","","experiment.osexp","/Users/tom/github/sft-fraction/procedure","no","mono","no","24","no","white","no","yes","800","legacy","215","215","9","/Users/tom/github/sft-fraction/results/data/subject-5a.csv","legacy","#000000","high","7","Jazzy James","3.1.9","0","l","NA","space","space","space","l","return","432","NA","148901","11392","7534","432","24015","2","legacy","1024","2","48000","-16","experiment","5","odd","present","2725727","2725727","NA","2899670","1312","169234","2975581","2976098","1371","150289","161699","2976098","2976563","2701623","2975563","Fraction component detection task","2130","1174634","2160","yes","1280"
